1959.09	64.9462702957095
1960	64.8678327711977
1957	65.1815828692447
1957	65.1815828692447
1957	65.3692223181355
1957	65.4168954427798
1957	65.5737704918033
1960	64.3187700996157
1964	64.9462702957095
1962	64.8678327711977
1957	65.2600203937564
1964	65.3384579182681
1968	64.9462702957095
1968	65.1031453447329
1968	64.9462702957095
1963	64.9462702957095
1963	64.9462702957095
1963	65.4953329672916
1963	65.4953329672916
1963	65.4168954427798
1967	65.5737704918033
1961	66.0443956388736
1963	65.7306455408267
1966	65.4168954427798
1967	65.2600203937564
1964	64.8678327711977
1964	65.2600203937564
1965	65.3625579385655
1963	65.1031453447329
1967	65.2807307662021
1967	65.2807307662021
1967	65.359477124183
1967	65.359477124183
1957	65.4953329672916
1957	65.4953329672916
1957	65.3384579182681
1957	65.4168954427798
1957	65.5737704918033
1957.414	65.4953329672916
1957.863	66.3581457369205
1957	65.8090830653385
1958	66.1228331633854
1957	65.9659581143619
1959	65.4168954427798
1957	65.8090830653385
1958	65.8090830653385
1958	66.1228331633854
1958.077	65.9659581143619
1958	65.5737704918033
1957	65.652208016315
1957	65.1815828692447
1960	65.1694247438928
1965	65.7306455408267
1957.668	66.1228331633854
1957	65.4168954427798
1958	65.4168954427798
1957.693	65.1815828692447
1957	65.5737704918033
1957	65.4953329672916
1957	65.3384579182681
1957	65.7306455408267
1957	65.8875205898502
1957.414	65.652208016315
1957	65.5737704918033
1957.564	65.4953329672916
1957.564	65.4168954427798
1957.564	65.3384579182681
