2018.542	65.2191015655731
2018.542	65.4551176146645
2017.507	66.0058217292109
2017.507	66.0058217292109
2017.507	66.0058217292109
2017.507	65.8484776964834
2017.507	65.9271497128472
2017.507	65.9271497128472
2017.507	65.9271497128472
2017.507	65.9271497128472
2017.507	65.9271497128472
2017.507	65.8484776964834
2017.507	65.9271497128472
2017.507	65.9271497128472
2017.507	65.7698056801196
2017.507	65.7698056801196
2017.507	65.8484776964834
2017.507	65.8484776964834
2017.507	65.7698056801196
2017.507	65.7698056801196
2017.507	65.7698056801196
2017.507	65.7698056801196
2017.507	65.8484776964834
2017.507	65.8484776964834
2017.507	65.8484776964834
2017.507	65.7698056801196
2017.507	65.8484776964834
2017.507	65.8484776964834
2018.096	65.612461647392
2018.096	65.612461647392
2018.096	65.7698056801196
2018.096	65.7698056801196
2018.096	65.6911336637558
2018.096	65.7698056801196
2018.096	65.6911336637558
2018.096	65.6911336637558
2018.096	65.6911336637558
2018.096	65.612461647392
2018.096	65.6911336637558
2018.096	65.6911336637558
2018.096	65.6911336637558
2018.096	65.6911336637558
2018.096	65.6911336637558
2018.096	65.6911336637558
2018.096	65.6911336637558
2018.096	65.6911336637558
2018.096	65.6911336637558
2018.096	65.6911336637558
2018.096	65.6911336637558
2018.096	65.6911336637558
2018.096	65.6911336637558
2018.096	65.6911336637558
2018.096	65.6911336637558
2018.096	65.7698056801196
2018.096	65.8484776964834
2018.096	65.6911336637558
2018.096	65.6911336637558
2018.096	65.6911336637558
2018.096	65.6911336637558
2018.096	65.612461647392
2018.096	65.6911336637558
2018.096	65.6911336637558
2018.096	65.7698056801196
2018.096	65.6911336637558
2018.096	65.6911336637558
2018.096	65.7698056801196
2018.096	65.7698056801196
2018.096	65.7698056801196
2018.096	65.6911336637558
2018.096	65.612461647392
2018.096	65.6911336637558
2018.096	65.7698056801196
2018.096	65.6911336637558
2018.096	65.7698056801196
2018.096	65.612461647392
2018.096	65.612461647392
2018.096	65.6911336637558
2007	64.8410450110167
2015.03	64.9197355996223
2006.329	65.3918791312559
2007.754	65.2344979540447
2010.915	64.2902108907775
2012.735	65.0771167768335
2012.814	65.1558073654391
2012.776	65.3131885426503
2012.749	64.9197355996223
2012.831	64.2115203021719
2012.831	64.4475920679887
2012.008	64.5262826565943
2012.008	64.5161290322581
2012.008	64.3689014793831
2012.831	64.3689014793831
2011.937	64.4475920679887
2012.831	64.3689014793831
2012.008	64.5161290322581
2012.008	64.3689014793831
2012.008	64.4475920679887
2012.831	64.2902108907775
2014.866	64.9984261882279
2016.915	65.2344979540447
2017.126	64.8410450110167
2010.973	65.2344979540447
2013.079	65.4705697198615
2013.156	65.3918791312559
2013.274	65.3918791312559
2016.071	66.7296191375512
2014.46	66.0214038401007
2018.329	65.5492603084671
2017.479	64.8410450110167
2017.329	65.5337896310282
2016.956	65.1558073654391
2017.052	65.3918791312559
2016.071	65.5492603084671
2015.959	64.9197355996223
2016.109	64.7623544224111
2016.339	65.0771167768335
2016.915	65.3131885426503
2017.321	65.2344979540447
2012.814	65.6279508970727
2012.929	65.7066414856783
2015.345	66.5722379603399
2013.074	65.6279508970727
2012.964	65.4705697198615
2013.079	65.6279508970727
2012.929	65.7066414856783
2012.85	65.7066414856783
2013.079	65.4705697198615
2013.693	65.7853320742839
2013.195	65.3918791312559
2015.348	65.6279508970727
2015.34	65.6279508970727
2013.885	65.7066414856783
2013.655	65.5492603084671
2013.351	65.4705697198615
2013.619	65.5492603084671
2013.463	65.2344979540447
2013.23	65.7066414856783
2013.236	65.4705697198615
2013.351	65.4705697198615
2013.23	65.5492603084671
2013.23	65.4705697198615
2013.463	65.8640226628895
2013.962	65.7066414856783
2016.221	65.2344979540447
2015.282	65.6934306569343
2014.94	65.5364571069775
2015.345	65.5364571069775
2015.033	65.5364571069775
2017.299	64.9870496821286
2016.399	65.5364571069775
2016.609	65.5364571069775
2016.383	65.5364571069775
2016.552	65.7719174319127
2016.609	65.6934306569343
2016.762	66.3998116317401
2018.022	64.3591554823012
2017.167	65.1440232320854
2014.633	65.9288909818696
2014.595	65.4705697198615
2013.351	65.5492603084671
2013.236	65.7853320742839
2012.964	65.5492603084671
2013.079	65.5492603084671
2012.964	65.3918791312559
2013.195	65.5492603084671
2013.543	65.6279508970727
2013.543	65.7066414856783
2013.501	65.7853320742839
2013.463	65.5492603084671
2013.195	65.5492603084671
2013.351	65.3918791312559
2013.463	65.4705697198615
2013.389	65.3131885426503
2013.619	65.4705697198615
2011.334	65.3918791312559
2015.227	64.8410450110167
2015.227	64.8410450110167
2012.792	64.9984261882279
2012.792	64.9984261882279
2016.803	65.5492603084671
2017.318	65.8640226628895
2016.664	65.3131885426503
2016.342	65.0771167768335
2012.317	65.3131885426503
2010.932	64.4475920679887
2011.937	64.6049732451999
2012.831	64.5262826565943
2011.937	64.6049732451999
2016.033	65.7066414856783
2013.773	66.3361661945231
2014.052	66.4148567831287
2012.511	66.1000944287063
2012.317	66.1000944287063
2012.451	65.9427132514951
2012.085	65.9427132514951
2012.929	66.6509285489455
2012.776	66.7296191375512
2012.107	65.7853320742839
2012.087	66.1000944287063
2012.415	65.8640226628895
2012.926	65.8640226628895
2016.798	65.6279508970727
2017.564	65.7066414856783
2012.309	65.1558073654391
2013.151	65.5492603084671
2012.664	65.7066414856783
2012.664	65.4705697198615
2012.664	65.7066414856783
2012.664	65.5492603084671
2012.664	65.5492603084671
2012.664	65.5492603084671
2012.664	65.5492603084671
2012.664	65.5492603084671
2012.664	65.5492603084671
2012.907	65.5492603084671
2012.664	65.5492603084671
2012.664	65.5492603084671
2012.664	65.5492603084671
2012.664	65.5492603084671
2012.664	65.5492603084671
2012.664	65.5492603084671
2012.568	65.5492603084671
2012.664	65.7853320742839
2012.664	65.6279508970727
2012.664	65.3918791312559
2013.151	65.5492603084671
2013.137	65.5492603084671
2013.151	65.5492603084671
2013.137	65.2344979540447
2013.137	65.5492603084671
2013.151	65.4705697198615
2013.151	65.7066414856783
2013.137	65.2344979540447
2013.137	65.5492603084671
2013.137	65.2344979540447
2013.151	65.5492603084671
2013.137	65.5492603084671
2013.137	65.5492603084671
2013.137	65.5492603084671
2013.137	65.1558073654391
2013.137	65.5492603084671
2013.137	65.5492603084671
2013.137	65.5492603084671
2013.137	65.5492603084671
2012.664	65.5492603084671
2013.137	65.5492603084671
2012.664	65.6279508970727
2012.664	65.7066414856783
2013.151	65.4705697198615
2013.137	65.6279508970727
2012.369	65.4705697198615
2013.121	65.4705697198615
2013.729	64.2902108907775
2012.292	65.7853320742839
2012.183	65.9427132514951
2012.183	65.5492603084671
2010.992	65.6279508970727
2008.41	66.1000944287063
2009.137	64.4475920679887
2012.221	66.6509285489455
2009.386	66.2574756059175
2015.156	65.0771167768335
2010.159	65.7066414856783
2012.801	64.6049732451999
2012.907	64.6049732451999
2012.929	64.5262826565943
2011.8	64.9984261882279
2012.249	65.2344979540447
2017.299	64.9984261882279
2016.893	66.1000944287063
2017.041	65.8640226628895
2013.545	66.7296191375512
2017.301	67.2017626691848
2017.375	66.1000944287063
2014.167	65.9427132514951
2011.915	65.7066414856783
2014.693	65.1558073654391
2016.798	64.9197355996223
2017.932	64.8410450110167
2017.326	64.7623544224111
2016.686	64.6836638338055
2005	65.7066414856783
2005.417	65.8640226628895
2005	66.0214038401007
2005.526	65.8640226628895
2009.252	67.2804532577904
2006.145	65.6279508970727
2009.405	65.6279508970727
2006.984	65.7066414856783
2007.789	66.1787850173119
2007	65.7853320742839
2005.773	66.1787850173119
2005.764	66.1787850173119
2012.806	64.7623544224111
2005.052	65.2344979540447
2006.491	64.6836638338055
2009.496	65.0771167768335
2005.381	65.5492603084671
2005.304	65.3918791312559
2005.066	65.7066414856783
2005.066	65.6279508970727
2008.459	64.7623544224111
2008.459	64.6836638338055
2013.926	64.5567627145331
2015.082	64.871673752165
2015.082	64.871673752165
2015.082	64.871673752165
2015.082	64.871673752165
2015.082	64.871673752165
2015.082	64.871673752165
2015.082	64.871673752165
2015.082	64.871673752165
2015.082	64.871673752165
2015.082	64.871673752165
2015.082	64.871673752165
2015.082	64.7929459927571
2015.082	64.871673752165
2015.082	64.871673752165
2015.082	64.871673752165
2015.082	64.871673752165
2015.082	64.871673752165
2015.082	64.871673752165
2015.082	64.871673752165
2015.082	64.871673752165
2015.082	64.950401511573
2015.082	64.871673752165
2015.082	64.871673752165
2015.082	64.871673752165
2015.082	64.871673752165
2015.082	64.871673752165
2015.082	64.871673752165
2015.082	64.871673752165
2015.082	64.871673752165
2015.082	64.950401511573
2015.082	64.6354904739411
2015.082	64.7142182333491
2015.082	64.7142182333491
2015.082	64.7142182333491
2015.082	64.7929459927571
2015.082	64.6354904739411
2015.082	64.7142182333491
2015.082	64.7142182333491
2015.082	64.6354904739411
2015.515	65.0291292709809
2015.932	64.950401511573
2015.932	64.950401511573
2015.932	64.950401511573
2015.932	64.950401511573
2015.932	64.7929459927571
2015.932	64.950401511573
2015.932	64.950401511573
2015.932	64.7929459927571
2015.932	64.7929459927571
2015.932	64.7929459927571
2015.932	64.7929459927571
2015.932	64.7929459927571
2015.934	64.7929459927571
2015.932	64.871673752165
2015.934	64.871673752165
2015.934	64.950401511573
2015.934	64.871673752165
2015.934	64.871673752165
2015.934	64.871673752165
2015.934	65.0291292709809
2015.932	64.871673752165
2015.932	64.871673752165
2015.932	64.871673752165
2015.932	64.871673752165
2015.932	64.871673752165
2015.932	64.871673752165
2015.932	64.871673752165
2015.932	64.871673752165
2015.932	64.871673752165
2015.932	64.6354904739411
2015.934	64.871673752165
2014.534	64.7929459927571
2014.534	64.7929459927571
2014.534	64.7929459927571
2014.534	64.7929459927571
2014.534	64.7929459927571
2014.534	64.871673752165
2014.534	64.871673752165
2014.534	64.7929459927571
2014.534	64.7929459927571
2014.534	64.7929459927571
2014.534	64.7929459927571
2014.534	64.7929459927571
2014.534	64.7929459927571
2014.534	64.7929459927571
2014.534	64.7929459927571
2014.534	64.7142182333491
2014.534	64.7929459927571
2014.534	64.871673752165
2014.534	64.7929459927571
2014.534	64.7929459927571
2014.534	64.7142182333491
2014.534	64.7142182333491
2014.534	64.7142182333491
2013.926	64.3205794363092
2013.926	64.7142182333491
2013.926	64.6354904739411
2013.926	64.871673752165
2012	65.4705697198615
2012	65.5492603084671
2017.986	65.3918791312559
2017.052	65.2344979540447
2012.309	66.0214038401007
2013.121	65.9427132514951
2013.195	65.9427132514951
2013.389	65.9427132514951
2013.619	65.8640226628895
2013.926	66.2574756059175
2013.811	66.1000944287063
2013.773	66.1000944287063
2013.693	66.3361661945231
2013.885	65.8640226628895
2013.849	66.1787850173119
2014.422	65.8640226628895
2014.173	66.1000944287063
2013.619	65.6279508970727
2015.055	64.5262826565943
