2012.199	1.10195883386958
2013.044	1.10195883386958
2012.199	1.09918724640017
2013.044	1.10133235029026
2013.003	1.10536161498645
2012.219	1.10526695773438
2012.219	1.10464326464637
2013.025	1.10464326464637
2013.118	1.10464326464637
2013.044	1.10526695773438
2013.044	1.10392561433907
2013.044	1.10464326464637
2012.199	1.10364393171629
2011.937	1.10061661848119
2011.89	1.10392561433907
2011.89	1.10330104925797
2013.025	1.10392561433907
2013.044	1.10401852675438
2013.044	1.10133235029026
2013.044	1.10195883386958
2013.003	1.10330104925797
2012.219	1.10267543852232
2013.044	1.10267543852232
2012.519	1.10526695773438
2012.24	1.10330104925797
2013.044	1.10330104925797
2013.044	1.10330104925797
2013.044	1.10258427094377
2013.003	1.10320866315529
2013.025	1.10320866315529
2013.044	1.10267543852232
2012.219	1.10052771865188
2013.044	1.10115280823073
2013.063	1.10186819090359
2013.044	1.10186819090359
2012.519	1.10061661848119
2012.24	1.10052771865188
2011.89	1.09918724640017
2012.577	1.09856024075784
2012.519	1.09918724640017
2012.577	1.09847360431776
2012.664	1.09847360431776
2013.118	1.09981320627425
2013.104	1.09918724640017
2013.118	1.09909938951143
2012.664	1.09856024075784
2012.24	1.09981320627425
2012.219	1.10124292754846
2013.044	1.10052771865188
2013.025	1.10115280823073
2013.025	1.10052771865188
2013.044	1.10052771865188
2013.044	1.10186819090359
2013.044	1.09981320627425
2013.082	1.10052771865188
2012.519	1.10186819090359
2013.044	1.10186819090359
2013.063	1.10186819090359
2012.219	1.1020487804878
2012.664	1.10115280823073
2013.118	1.10115280823073
2012.664	1.09721889736253
2012.664	1.10052771865188
2012.156	1.09248488514163
2016.642	1.10186819090359
2016.011	1.10168482767132
2016.046	1.10052771865188
2017.414	1.10348373968544
2017.545	1.10876859012493
2017.545	1.10876859012493
2017.414	1.10554885864258
2017.792	1.10617516344077
2017.581	1.10626896861121
2017.581	1.10554885864258
2017.529	1.10752087531844
2017.529	1.1068004194095
2017.414	1.1068004194095
2017.414	1.10617516344077
2017.414	1.10617516344077
2017.414	1.10617516344077
2017.414	1.10617516344077
2017.414	1.10545558293391
2017.414	1.10554885864258
2017.414	1.10617516344077
2017.414	1.10473670434265
2017.414	1.10608066627008
2017.414	1.10617516344077
2017.414	1.10545558293391
2017.414	1.10473670434265
2017.414	1.10554885864258
2017.414	1.10617516344077
2017.414	1.10617516344077
2017.414	1.10689544677734
2017.414	1.10608066627008
2017.414	1.10608066627008
2017.414	1.10608066627008
2017.414	1.10608066627008
2017.414	1.10608066627008
2017.414	1.10608066627008
2017.414	1.10545558293391
2017.414	1.10617516344077
2017.414	1.10608066627008
2017.414	1.10608066627008
2017.414	1.10814525588509
2017.496	1.10814525588509
2017.496	1.1074246281975
2017.496	1.1074246281975
2017.833	1.11093521118164
2017.581	1.10670470321851
2017.414	1.10660830112969
2017.414	1.10670470321851
2017.496	1.10536161498645
2017.496	1.10670470321851
2018.082	1.1112319575982
2017.926	1.10934623638172
2017.868	1.10717636651208
2016.148	1.09981320627425
2017.197	1.09477615356445
2017.773	1.10732769542315
2019.334	1.10573332154774
2020.32	1.11757778059774
2018.581	1.0970769808047
2018.581	1.09643957624634
2020.686	1.10050046356578
2020.344	1.10121915772691
2020.328	1.1058245028167
2019.726	1.09813153887799
2019.792	1.09531058784579
2020.32	1.09723352488297
2019.786	1.10896389910721
2017.77	1.09793218770441
2017.175	1.09499984692088
2017.986	1.09963436236733
2018.595	1.09477615356445
2017.688	1.10473670434265
2017.66	1.10545558293391
2016.314	1.09704840355399
2016.59	1.09508319198581
2016.607	1.09650630189676
2016.803	1.09642192449435
2016.915	1.09508319198581
2017.775	1.09856024075784
2016.262	1.09696210389256
2016.331	1.09767383922106
2016.331	1.09767383922106
2018.26	1.10765113779164
2019.463	1.11310277043527
2019.718	1.117449409075
2021.189	1.11248671459683
2020.921	1.11352460178744
2020.251	1.11683236168947
2020.836	1.11604140392623
2020.59	1.11403877236511
2020.459	1.11559514658443
2020.631	1.11414443783462
2021.123	1.12475059455195
2020.806	1.11923433890486
2019.43	1.11135434158832
2019.43	1.11063233131562
2019.43	1.1128004759072
2019.43	1.1128004759072
2019.43	1.11342014437881
2019.43	1.1129037228291
2019.43	1.11424943470676
2019.43	1.1128004759072
2019.43	1.11342014437881
2019.518	1.11259196891725
2019.43	1.11125149666554
2020.29	1.11912487135142
2019.655	1.1166394123797
2017.216	1.10373772308786
2017.2	1.10373772308786
2016.549	1.10258427094377
2017.838	1.10392561433907
2016.117	1.10249241018722
2017.156	1.10079231593011
2016.631	1.10213802780778
2016.639	1.10401852675438
2016.432	1.09981320627425
2016.76	1.10186819090359
2016.721	1.10052771865188
2015.932	1.10106199527431
