2018.542	1.11295923321774
2018.542	1.11481194130545
2017.507	1.12055026543977
2017.507	1.12127706954938
2017.507	1.12127706954938
2017.507	1.11932995745663
2017.507	1.12066726923376
2017.507	1.12066726923376
2017.507	1.12066726923376
2017.507	1.12066726923376
2017.507	1.12066726923376
2017.507	1.11932995745663
2017.507	1.12066726923376
2017.507	1.12066726923376
2017.507	1.1179926456795
2017.507	1.1179926456795
2017.507	1.11860418022983
2017.507	1.11860418022983
2017.507	1.1179926456795
2017.507	1.1179926456795
2017.507	1.1179926456795
2017.507	1.1179926456795
2017.507	1.11860418022983
2017.507	1.11860418022983
2017.507	1.11860418022983
2017.507	1.1179926456795
2017.507	1.11860418022983
2017.507	1.11860418022983
2018.096	1.11676648693645
2018.096	1.11676648693645
2018.096	1.12017161410019
2018.096	1.1187182615265
2018.096	1.11955856396478
2018.096	1.12017161410019
2018.096	1.11955856396478
2018.096	1.1188316959015
2018.096	1.11810553548194
2018.096	1.11894448054292
2018.096	1.11738008178783
2018.096	1.11810553548194
2018.096	1.1188316959015
2018.096	1.1188316959015
2018.096	1.11955856396478
2018.096	1.1188316959015
2018.096	1.11810553548194
2018.096	1.11810553548194
2018.096	1.1188316959015
2018.096	1.1188316959015
2018.096	1.11810553548194
2018.096	1.1188316959015
2018.096	1.11810553548194
2018.096	1.1188316959015
2018.096	1.11810553548194
2018.096	1.12162780064015
2018.096	1.12005644126516
2018.096	1.11810553548194
2018.096	1.11810553548194
2018.096	1.1188316959015
2018.096	1.1188316959015
2018.096	1.11749177770282
2018.096	1.11810553548194
2018.096	1.11810553548194
2018.096	1.12162780064015
2018.096	1.11955856396478
2018.096	1.11810553548194
2018.096	1.1187182615265
2018.096	1.1187182615265
2018.096	1.1187182615265
2018.096	1.11810553548194
2018.096	1.11749177770282
2018.096	1.1188316959015
2018.096	1.12017161410019
2018.096	1.1188316959015
2018.096	1.11944458402743
2018.096	1.11676648693645
2018.096	1.11749177770282
2018.096	1.11810553548194
2007	1.10311558703705
2015.03	1.11893406431205
2006.329	1.1117649065285
2007.754	1.11559514658443
2010.915	1.10808379459751
2012.735	1.10785081801316
2012.814	1.10991102441383
2012.776	1.11042704262172
2012.749	1.1030218238214
2012.831	1.09240572696873
2012.831	1.09856024075784
2012.008	1.10133235029026
2012.008	1.09972345999263
2012.008	1.09936085663296
2012.831	1.09864617382614
2011.937	1.10070481856038
2012.831	1.09793218770441
2012.008	1.09616851336066
2012.008	1.09721889736253
2012.008	1.09856024075784
2012.831	1.09658997231602
2014.866	1.11300629485123
2016.915	1.12289136747308
2017.126	1.1124838302263
2010.973	1.11704869059524
2013.079	1.11310277043527
2013.156	1.11104380072192
2013.274	1.11104380072192
2016.071	1.14190673828125
2014.46	1.1181101338291
2018.329	1.12243855158725
2017.479	1.11539038373702
2017.329	1.119784572675
2016.956	1.10345076377889
2017.052	1.11248671459683
2016.071	1.12097799409509
2015.959	1.12333353869726
2016.109	1.11695117262591
2016.339	1.11872091630763
2016.915	1.1220468671612
2017.321	1.12362492379353
2012.814	1.11795385792408
2012.929	1.12002173508278
2015.345	1.13847224850474
2013.074	1.12232370597276
2012.964	1.11672320314189
2013.079	1.12013558553912
2012.929	1.11929433017578
2012.85	1.11856763366504
2013.079	1.11527291342066
2013.693	1.11700404245333
2013.195	1.11393244116895
2015.348	1.12378601683526
2015.34	1.1245182442254
2013.885	1.11929433017578
2013.655	1.11661338567237
2013.351	1.11527291342066
2013.619	1.11661338567237
2013.463	1.11269655697672
2013.23	1.12002173508278
2013.236	1.11527291342066
2013.351	1.11382544710537
2013.23	1.11516417961391
2013.23	1.11382544710537
2013.463	1.11979208996914
2013.962	1.11639178532227
2016.221	1.11777652813292
2015.282	1.12051748277465
2014.94	1.11784002164496
2015.345	1.12147231826615
2015.033	1.1200172781102
2017.299	1.11932731381765
2016.399	1.12220090185471
2016.609	1.12366020066268
2016.383	1.1200172781102
2016.552	1.12696467542403
2016.609	1.12124426562098
2016.762	1.12963479785674
2018.022	1.09989720724594
2017.167	1.11331058782211
2014.633	1.11727863743961
2014.595	1.117449409075
2013.351	1.11661338567237
2013.236	1.11772878147236
2012.964	1.11299565474118
2013.079	1.11733904829216
2012.964	1.1132092258391
2013.195	1.11299565474118
2013.543	1.11650291212245
2013.543	1.11494474492302
2013.501	1.11628000809059
2013.463	1.1137177930221
2013.195	1.11661338567237
2013.351	1.1153809877535
2013.463	1.117449409075
2013.389	1.11476323261088
2013.619	1.1189039476898
2011.334	1.11683236168947
2015.227	1.10598548003476
2015.227	1.10814525588509
2012.792	1.11518403369772
2012.792	1.11518403369772
2016.803	1.1239019654496
2017.318	1.13150991302883
2016.664	1.12351215837588
2016.342	1.11726234942708
2012.317	1.11766815185547
2010.932	1.10142107350714
2011.937	1.10339274241523
2012.831	1.1020487804878
2011.937	1.10339274241523
2016.033	1.12733494931913
2013.773	1.12855150469931
2014.052	1.1306240512734
2012.511	1.12526564344746
2012.317	1.12526564344746
2012.451	1.12477649547224
2012.085	1.12477649547224
2012.929	1.13833575252826
2012.776	1.13450859294364
2012.107	1.12136307847809
2012.087	1.12526564344746
2012.415	1.12562813006774
2012.926	1.12856327388089
2016.798	1.10571029385253
2017.564	1.11494474492302
2012.309	1.11934313977045
2013.151	1.12170791625977
2012.664	1.12293845711656
2012.664	1.11963228221743
2012.664	1.12220820939917
2012.664	1.12097799409509
2012.664	1.12024878416539
2012.664	1.12097799409509
2012.664	1.12024878416539
2012.664	1.12097799409509
2012.664	1.12024878416539
2012.907	1.12097799409509
2012.664	1.12024878416539
2012.664	1.12170791625977
2012.664	1.12024878416539
2012.664	1.12024878416539
2012.664	1.12097799409509
2012.664	1.12024878416539
2012.568	1.12170791625977
2012.664	1.12355217132659
2012.664	1.12232370597276
2012.664	1.11974362109125
2013.151	1.12097799409509
2013.137	1.12097799409509
2013.151	1.12170791625977
2013.137	1.11923433890486
2013.137	1.12097799409509
2013.151	1.1189039476898
2013.151	1.1244010925293
2013.137	1.11850507726016
2013.137	1.12097799409509
2013.137	1.11996431399643
2013.151	1.12024878416539
2013.137	1.12097799409509
2013.137	1.12024878416539
2013.137	1.12097799409509
2013.137	1.11861333171176
2013.137	1.12097799409509
2013.137	1.12097799409509
2013.137	1.12024878416539
2013.137	1.12097799409509
2012.664	1.12024878416539
2013.137	1.12097799409509
2012.664	1.12013558553912
2012.664	1.12220820939917
2013.151	1.11963228221743
2013.137	1.12305450439453
2012.369	1.12328464411199
2013.121	1.12916570549789
2013.729	1.11462865594011
2012.292	1.12868505105484
2012.183	1.11605451355131
2012.183	1.1137177930221
2010.992	1.12159362064098
2008.41	1.11944280383366
2009.137	1.10213802780778
2012.221	1.12658147693165
2009.386	1.12356306510829
2015.156	1.11945127105645
2010.159	1.1244010925293
2012.801	1.11060444049403
2012.907	1.10988009390283
2012.929	1.11070074949086
2011.8	1.10435881997149
2012.249	1.10621589189403
2017.299	1.10435881997149
2016.893	1.12819411493149
2017.041	1.12709426879883
2013.545	1.13083645230965
2017.301	1.1403147451069
2017.375	1.12599669143432
2014.167	1.12258643953449
2011.915	1.11277945381084
2014.693	1.12153685436394
2016.798	1.12554301242423
2017.932	1.12565353399624
2017.326	1.12355057435591
2016.686	1.10833812560345
2005	1.11277945381084
2005.417	1.11328063304816
2005	1.11305816614948
2005.526	1.1147227062559
2009.252	1.14017118717541
2006.145	1.11722803170855
2009.405	1.11650291212245
2006.984	1.11929433017578
2007.789	1.11643278961428
2007	1.11483404968262
2005.773	1.11715481565175
2005.764	1.11643278961428
2012.806	1.1068004194095
2005.052	1.10836980842175
2006.491	1.10258427094377
2009.496	1.11001212619993
2005.381	1.10939547707427
2005.304	1.10960369225273
2005.066	1.11277945381084
2005.066	1.11216698257812
2008.459	1.11113372849059
2008.459	1.1105074380037
2013.926	1.10583971713477
2015.082	1.11051024414052
2015.082	1.11051024414052
2015.082	1.11051024414052
2015.082	1.11051024414052
2015.082	1.11051024414052
2015.082	1.11051024414052
2015.082	1.11195857818181
2015.082	1.11051024414052
2015.082	1.11051024414052
2015.082	1.11051024414052
2015.082	1.11051024414052
2015.082	1.10916253753355
2015.082	1.11051024414052
2015.082	1.11051024414052
2015.082	1.11051024414052
2015.082	1.11051024414052
2015.082	1.11051024414052
2015.082	1.11051024414052
2015.082	1.11051024414052
2015.082	1.11051024414052
2015.082	1.11113396707744
2015.082	1.11051024414052
2015.082	1.11051024414052
2015.082	1.11051024414052
2015.082	1.11051024414052
2015.082	1.11051024414052
2015.082	1.11123405721835
2015.082	1.11051024414052
2015.082	1.11051024414052
2015.082	1.11185795074749
2015.082	1.1093560711956
2015.082	1.10925964959399
2015.082	1.10925964959399
2015.082	1.10925964959399
2015.082	1.10988547219746
2015.082	1.10863277467289
2015.082	1.10925964959399
2015.082	1.10925964959399
2015.082	1.10863277467289
2015.515	1.11320565735445
2015.932	1.1147609728823
2015.932	1.1147609728823
2015.932	1.1140341523814
2015.932	1.11548850490594
2015.932	1.11278429034859
2015.932	1.1147609728823
2015.932	1.1147609728823
2015.932	1.11278429034859
2015.932	1.11278429034859
2015.932	1.11205852203895
2015.932	1.11205852203895
2015.932	1.11351076938284
2015.934	1.11278429034859
2015.932	1.11195857818181
2015.934	1.11268380795428
2015.934	1.11330804247572
2015.934	1.11195857818181
2015.934	1.11195857818181
2015.934	1.11195857818181
2015.934	1.11393122726015
2015.932	1.11195857818181
2015.932	1.11195857818181
2015.932	1.11123405721835
2015.932	1.11268380795428
2015.932	1.11195857818181
2015.932	1.11268380795428
2015.932	1.11195857818181
2015.932	1.11268380795428
2015.932	1.11195857818181
2015.932	1.1093560711956
2015.934	1.11195857818181
2014.534	1.11278429034859
2014.534	1.11278429034859
2014.534	1.11133346352715
2014.534	1.11133346352715
2014.534	1.11133346352715
2014.534	1.11268380795428
2014.534	1.11268380795428
2014.534	1.11133346352715
2014.534	1.1106091138879
2014.534	1.11205852203895
2014.534	1.1106091138879
2014.534	1.11133346352715
2014.534	1.11278429034859
2014.534	1.1106091138879
2014.534	1.11278429034859
2014.534	1.11070729661728
2014.534	1.1106091138879
2014.534	1.11268380795428
2014.534	1.1106091138879
2014.534	1.11133346352715
2014.534	1.11143218306992
2014.534	1.11143218306992
2014.534	1.11143218306992
2013.926	1.10323139696437
2013.926	1.10637283325195
2013.926	1.10574665087343
2013.926	1.11195857818181
2012	1.117449409075
2012	1.11879249730706
2017.986	1.13076284572791
2017.052	1.12435919916932
2012.309	1.12392604149098
2013.121	1.12477649547224
2013.195	1.12550793846737
2013.389	1.12550793846737
2013.619	1.1227044218734
2013.926	1.12867763593774
2013.811	1.12819411493149
2013.773	1.12892801903629
2013.693	1.12855150469931
2013.885	1.13003515279055
2013.849	1.13321827357128
2014.422	1.12709426879883
2014.173	1.12966263949451
2013.619	1.12305450439453
2015.055	1.11070074949086
