1976	64.3689014793831
1977	64.4475920679887
1979	63.754427390791
2005	62.5
2005	62.3229461756374
1975	66.2574756059175
1975	66.0214038401007
1971	64.9197355996223
1970	65.3918791312559
1967	64.4475920679887
1966	65.3131885426503
1961	65.9288909818696
1957	66.007377756848
1977.312	65.3131885426503
1977.293	65.0771167768335
1977.293	65.6279508970727
1977.312	65.0771167768335
1977.312	65.5492603084671
1977.312	64.9984261882279
1977.277	64.9984261882279
1977.277	64.9984261882279
1977.277	65.0771167768335
1977.277	65.1558073654391
1977.277	65.0771167768335
1977.277	65.1558073654391
1977.277	65.3131885426503
1977.277	65.0771167768335
1977.293	65.3733932655153
1977.293	65.1558073654391
1977.293	65.2774488909938
1977.293	65.2156769970823
1977.293	65.1558073654391
1977.312	65.4705697198615
1977.312	65.2344979540447
1977.312	66.0214038401007
1977.312	65.2758021179074
1977.293	65.2156769970823
1977.293	65.2945351312988
1977.293	65.309985802177
1977.293	65.1368188628657
1977.293	65.2344979540447
1977.293	65.0771167768335
1977.293	65.1558073654391
1977.293	65.1558073654391
1978.052	65.4790182106097
1978.052	65.4634686931054
1978.014	65.3131885426503
1978.014	65.2344979540447
1978	65.3918791312559
1977.323	65.0771167768335
1977.323	64.9197355996223
1977.323	65.2344979540447
1977.323	65.2344979540447
1977.323	65.3131885426503
1977.293	65.7221566312475
1977.312	65.6279508970727
1977	65.8465420708146
1976	64.6836638338055
1976	64.6836638338055
1978	64.3689014793831
1977	64.7515893571933
1976	64.9984261882279
1977	65.6589513462447
1977	65.6589513462447
1977	65.3131885426503
1977	65.3131885426503
1977	65.3131885426503
1977	65.3131885426503
1978	64.8410450110167
1978	64.9984261882279
1978	64.9197355996223
1976	65.3918791312559
1976	65.3131885426503
1976	65.3131885426503
1976	65.3918791312559
1977	64.1328297135663
1977	64.1328297135663
1977	64.2902108907775
1978	64.8410450110167
1977	64.5262826565943
1977	64.5262826565943
1977	64.4475920679887
1977	64.9984261882279
1977	64.9984261882279
1977	64.9984261882279
1977	64.8410450110167
1977	65.0771167768335
1977	64.9984261882279
1977	64.9197355996223
1976	64.6836638338055
1975	64.6836638338055
1977	65.2344979540447
1976	64.9197355996223
1981	64.0541391249606
1980	64.1328297135663
1978	64.1328297135663
1976	65.2344979540447
1976	65.0771167768335
1977	65.0771167768335
1976	64.6836638338055
1977	64.6731025822149
1977.277	65.3131885426503
1979.989	65.7089024964673
1979.989	64.8300761321717
1979.989	65.3009967820422
1979.989	65.3009967820422
1979.989	65.3009967820422
1979.907	65.3286107831563
1979.989	65.3009967820422
1979.989	65.5776515151515
1979.989	65.3009967820422
1979.989	65.4579703319991
1979.989	65.3009967820422
1979.989	65.3009967820422
1978	64.8410450110167
1978	64.4475920679887
1978	64.4475920679887
1978	64.6836638338055
1980	64.9984261882279
1980	64.6202282565919
1980	64.4475920679887
1980	64.5262826565943
1980	64.4475920679887
1979	64.2902108907775
1987	63.8967579477494
2003	63.4246144161158
1985	63.8967579477494
1985	63.8967579477494
1985	63.8967579477494
1987	64.2115203021719
1988	63.188542650299
1988	64.1328297135663
1988	64.1328297135663
1987	63.7393767705382
1987	63.7393767705382
1986	65.1558073654391
1980	64.9984261882279
1981	64.6836638338055
1981	64.6836638338055
1981	64.6049732451999
1981	64.5262826565943
1981	64.8563557654467
1981	64.6836638338055
1977	64.6836638338055
1977	64.4475920679887
1977	64.5262826565943
1977	64.5262826565943
1934	65.2225100070638
1931	65.1440232320854
1931	65.1440232320854
1942	65.4579703319991
1931	65.6934306569343
1931	65.8504042068911
