2009.967	65.0924832743014
2010.337	65.564738292011
2010.359	65.564738292011
2013.83	66.1157024793389
2013.822	65.6434474616293
2013.773	65.8008658008658
2014.247	65.249901613538
2016.59	66.7296191375512
2015.841	66.965690903368
2014.773	65.8795749704841
2017.011	65.7221566312475
2017.214	65.6434474616293
2015.318	65.9582841401023
2016.516	66.3518299881936
2017.743	65.8008658008658
2012.915	66.0369933097206
2016.833	66.1157024793389
2015.611	65.4860291223928
2015.611	65.4860291223928
2015.611	65.6434474616293
2015.019	66.4148567831287
2015.036	66.3361661945231
2014.4	66.2574756059175
2014.419	66.4935473717343
2016.295	65.0924832743014
2015.844	64.8563557654467
2015.915	65.0137741046832
2016.678	64.9350649350649
2015.885	64.8869989762973
2015.951	64.8563557654467
2016.669	65.0924832743014
2016.085	65.112926477655
2016.415	65.4551176146645
2016.423	65.1711924439197
2016.423	65.1711924439197
2016.423	65.4073199527745
2016.423	65.1711924439197
2016.423	65.1711924439197
2016.423	65.1711924439197
2016.423	65.3286107831563
2016.404	65.3286107831563
2016.404	65.3286107831563
2016.415	65.4818325434439
2016.331	65.515610217597
2016.415	65.3764455983007
2016.443	65.249901613538
2016.423	65.249901613538
2016.423	65.249901613538
2016.423	65.1711924439197
2017.118	64.8563557654467
2017.833	64.9350649350649
2016.489	65.1711924439197
2015.808	64.5415190869736
2016.262	64.9350649350649
2016.052	65.0924832743014
2016.246	64.5720135443736
2021.132	65.3286107831563
2020.598	65.1711924439197
2017.696	65.4073199527745
2017.945	65.0137741046832
2017.233	65.9582841401023
2017.011	64.9350649350649
2016.227	65.1711924439197
2016.227	65.1711924439197
2016.227	65.1711924439197
2016.383	65.249901613538
2016.227	65.1711924439197
2016.199	65.0137741046832
2016.306	65.0137741046832
2016.227	65.0137741046832
2016.227	64.9350649350649
2016.536	64.8563557654467
2016.536	64.8563557654467
2016.536	64.8563557654467
2016.536	64.9350649350649
2016.536	64.8563557654467
2016.536	64.8563557654467
2016.306	64.9350649350649
2016.227	65.0137741046832
2016.227	65.0137741046832
2016.227	65.0137741046832
2016.227	65.0137741046832
2016.227	65.0137741046832
2016.15	65.3286107831563
2016.15	65.4073199527745
2016.15	65.564738292011
2016.15	65.4860291223928
2016.153	65.4860291223928
2016.15	65.564738292011
2016.15	65.4860291223928
2016.15	65.4073199527745
2016.15	65.4073199527745
2016.15	65.4073199527745
2016.15	65.4073199527745
2016.15	65.4073199527745
2016.15	65.4073199527745
2016.15	65.4073199527745
2016.15	65.4073199527745
2016.15	65.4073199527745
2016.15	65.4073199527745
2016.15	65.4073199527745
2016.15	65.4073199527745
2016.15	65.249901613538
2016.15	65.4073199527745
2016.15	65.4073199527745
2016.15	65.4860291223928
2016.15	65.4860291223928
2016.074	65.9582841401023
2017.414	64.9350649350649
2017.414	65.0924832743014
2017.414	65.1711924439197
2016.76	66.0369933097206
2016.112	65.9582841401023
2016.052	65.8795749704841
2016.795	65.249901613538
2016.303	65.8008658008658
2016.257	65.7221566312475
2016.913	65.8008658008658
2017.06	65.8795749704841
2016.574	65.3286107831563
2017.638	65.3286107831563
2016.399	65.0924832743014
2016.219	65.249901613538
2017.104	64.9350649350649
2016.552	64.9350649350649
2016.391	65.1711924439197
2019.312	64.9350649350649
2020.322	64.6989374262102
2019.962	64.5415190869736
2019.888	64.3841007477371
2016.497	64.7776465958284
2017.137	65.0137741046832
2016.582	64.6989374262102
2016.582	64.6989374262102
2016.497	64.8563557654467
2016.497	64.8563557654467
2016.497	64.8563557654467
2016.497	64.8563557654467
2015.951	65.1711924439197
2016.205	65.3286107831563
2015.649	65.249901613538
2015.748	65.1711924439197
2015.877	64.6202282565919
2015.762	64.6989374262102
2016.077	64.8563557654467
2015.852	64.7776465958284
2015.852	64.7776465958284
2016.016	65.4073199527745
2015.953	65.4860291223928
2021.258	66.0369933097206
2020.675	65.6434474616293
2015.953	65.4860291223928
2015.455	65.249901613538
2015.896	65.249901613538
2015.805	65.0924832743014
2015.46	65.3286107831563
2016.967	66.1944116489571
2015.652	64.8563557654467
2015.337	65.1711924439197
2015.403	65.249901613538
2015.381	65.1711924439197
2015.816	65.6434474616293
2015.332	65.249901613538
2020.156	66.0369933097206
2020.732	65.8795749704841
2018.118	65.6434474616293
2017.858	65.564738292011
2017.159	65.4073199527745
2017.871	65.3286107831563
2017.701	65.4860291223928
2015.838	65.1711924439197
2013.159	66.5092483274301
2012.844	66.2584393154341
2012.844	66.3369445752866
2012.844	66.2584393154341
2012.844	66.415449835139
2011.09	66.9027941755214
2012.377	65.9582841401023
2011.178	65.3286107831563
2011.51	66.2731208185754
2011.51	66.0369933097206
2012.751	65.9582841401023
2013.016	65.8795749704841
2012.852	65.8008658008658
2012.749	65.6434474616293
2012.415	65.7221566312475
2013.038	65.8795749704841
2011.351	65.3286107831563
2011.356	65.4860291223928
2011.356	65.4860291223928
2012.691	65.7221566312475
2011.6	65.6434474616293
2011.663	65.8008658008658
2011.663	65.7221566312475
2011.778	65.6434474616293
2011.526	65.7221566312475
2011.526	65.7221566312475
2011.836	65.1711924439197
2011.838	65.249901613538
2011.737	65.3286107831563
2011.737	65.3286107831563
2011.806	65.1711924439197
2012.883	64.9350649350649
2013.195	64.5415190869736
2011.005	65.4073199527745
2010.932	65.6434474616293
2010.91	65.4860291223928
2010.89	65.4860291223928
2010.91	65.4860291223928
2010.91	65.4860291223928
2011.485	64.9350649350649
2010.91	65.4860291223928
2014.693	65.7853320742839
2016.224	65.6279508970727
2019.66	65.9427132514951
2019.726	65.9427132514951
2018.077	66.2574756059175
2015.97	65.8640226628895
2015.57	65.8640226628895
2017.907	66.1944116489571
2016.951	65.7221566312475
2017.795	65.3286107831563
2017.236	65.6434474616293
2017.219	65.6434474616293
2016.776	65.9582841401023
2016.628	65.8795749704841
2020.71	66.0369933097206
2020.667	66.3518299881936
2020.97	66.4305391578119
2021.241	66.4305391578119
2020.765	66.2731208185754
2021.241	65.0924832743014
2020.844	65.6434474616293
2009.271	65.0137741046832
2015.099	63.7173724469679
2015.099	63.6757182211728
2015.099	63.7743006164059
2015.099	63.6757182211728
2014.556	63.9905548996458
2012.923	63.5970090515545
2012.923	63.9905548996458
2012.923	63.9905548996458
2012.923	63.6757182211728
2012.923	63.8331365604093
2012.923	63.8331365604093
2012.923	63.754427390791
2012.923	63.8331365604093
2012.923	63.8331365604093
2013.926	63.2821723730815
2019.463	63.5970090515545
2019.718	63.8331365604093
2020.175	63.439590712318
2021.055	63.9905548996458
2020.631	63.6757182211728
2020.169	63.9118457300275
2017.603	64.0692640692641
2016.511	63.6757182211728
2021.23	64.4628099173554
2019.975	64.3053915781188
2020.276	64.7776465958284
2020.484	64.9350649350649
2018.005	63.5182998819362
2017.775	64.3841007477371
2020.445	65.0924832743014
2020.522	65.4860291223928
2017.625	64.6989374262102
2020.951	63.975448536355
2020.402	64.2266824085006
2021.167	64.3841007477371
2019.852	63.9118457300275
2020.268	64.3053915781188
2020.402	64.6202282565919
2020.284	64.5415190869736
2021.03	65.1711924439197
2020.402	64.9350649350649
2020.167	64.3841007477371
2019.899	64.6202282565919
2020.689	64.0692640692641
2018.496	64.3841007477371
2018.496	64.4628099173554
2018.581	64.5415190869736
2018.496	64.5415190869736
2018.496	64.5415190869736
2018.581	64.5415190869736
2018.496	64.4628099173554
2018.496	64.5415190869736
2018.496	64.5415190869736
2018.496	64.5415190869736
2018.496	64.5415190869736
2018.496	64.6989374262102
2018.496	64.6989374262102
2018.496	64.5415190869736
2018.496	64.5415190869736
2018.496	64.5415190869736
2018.581	64.5415190869736
2018.581	64.6202282565919
2018.581	64.4628099173554
2018.496	64.6202282565919
2018.414	64.4628099173554
2018.496	64.5415190869736
2018.496	64.5415190869736
2018.496	64.4628099173554
2018.496	64.4628099173554
2018.496	64.5415190869736
2019.249	64.3053915781188
2018.414	64.2266824085006
2018.581	64.3053915781188
2018.581	64.3053915781188
2018.496	64.3841007477371
2018.496	64.6202282565919
2018.581	64.5415190869736
2018.581	64.3841007477371
2020.454	64.7776465958284
2020.713	64.4475920679887
2019.825	63.9905548996458
2018.496	64.5415190869736
2018.496	64.5415190869736
2018.496	64.4628099173554
2018.496	64.3841007477371
2018.496	64.3841007477371
2018.882	64.4628099173554
2018.414	64.5415190869736
2020.361	64.9350649350649
2021.241	65.4073199527745
2021.047	65.0924832743014
2020.842	65.0924832743014
2019.545	65.0924832743014
2017.178	65.0924832743014
2017.586	65.564738292011
2019.31	65.0137741046832
2015.8	65.4073199527745
2017.414	65.564738292011
2017.414	65.564738292011
2017.414	65.564738292011
2017.414	65.5324511657215
2017.414	65.564738292011
2017.414	65.564738292011
2017.414	65.4860291223928
2017.414	65.564738292011
2017.414	65.564738292011
2017.414	65.6434474616293
2017.414	65.564738292011
2017.414	65.564738292011
2017.414	65.564738292011
2017.414	65.564738292011
2017.414	65.564738292011
2017.414	65.564738292011
2017.414	65.564738292011
2017.414	65.564738292011
2017.414	65.564738292011
2017.414	65.564738292011
2017.414	65.564738292011
2017.414	65.564738292011
2017.414	65.564738292011
2017.414	65.564738292011
2016.497	65.4073199527745
2016.582	65.4073199527745
2016.582	65.4073199527745
2016.497	65.4073199527745
2016.811	65.8795749704841
2016.391	65.3286107831563
2016.683	64.8563557654467
2016.161	65.3286107831563
2017.216	65.6434474616293
2017.945	65.249901613538
2017.778	65.3286107831563
2017.849	65.3286107831563
2017.877	65.249901613538
