1979	65.6934306569343
1980	65.6934306569343
1980	65.7698056801196
1981.145	66.007377756848
1981	66.007377756848
1981	65.9288909818696
1981	66.1643513068048
1981	65.9288909818696
1981	66.2428380817832
1980	66.1643513068048
1998	64.123695157366
1989	65.9754948162111
1987	66.007377756848
1987	66.0858645318264
2005.074	65.1440232320854
1992	65.065536457107
1992.101	66.3998116317401
1992.016	66.4782984067185
1992	66.4782984067185
1994.005	66.2428380817832
1992	66.8394596292806
1999.455	66.0858645318264
1993	66.760917373547
1995.803	66.007377756848
2000.208	65.9288909818696
2000.208	66.6352719566753
2012.538	64.7515893571933
2013.636	65.9288909818696
2004.686	65.2071563088512
2011.896	66.3057124921532
2003.112	65.2856246076585
2001.038	65.4579703319991
1999.863	66.1643513068048
2001.868	66.7922455066321
2005.753	65.7719174319127
2006.34	66.6352719566753
2006	67.1846793815242
1997.31	66.3213248567616
1995.923	66.7922455066321
1998.882	66.4782984067185
1998.17	66.1643513068048
1994.101	66.0229235358769
1992.792	67.0277058315674
2005.266	66.3213248567616
2002.175	64.7515893571933
1999	65.5827835375432
2006.195	65.065536457107
2007.847	64.5946158072365
2007.142	64.9870496821286
1993.173	66.5567851816969
1994	66.368206094879
1994.011	66.8094898040149
1998	66.9965441407477
1998.458	66.8707322816105
1997.962	66.1643513068048
1997	66.2111215834119
1996.814	66.007377756848
1985	65.8969525604775
1991	65.7398680490104
1994	66.007377756848
1998	65.5364571069775
1995	65.1440232320854
1995	65.5982402388247
1995	65.47338671691
1993	65.8969525604775
1998	64.2806687073228
2005.975	65.4271593316074
2005.868	63.4958009575386
2013.058	63.2454488386692
2012.385	63.9667216074092
2012.033	62.5539596577977
2009.233	64.3205794363092
2006.677	63.181853857625
2011.619	62.3184993328624
2011.836	62.9463935326897
2011.833	63.181853857625
2012.26	62.3969861078408
2011.855	63.0248803076682
2012.049	62.8679067577113
2011.948	62.7894199827329
2011.641	62.6324464327761
2011.562	62.1615257829056
2011.392	62.7109332077545
2012.481	62.6324464327761
2019	62.6324464327761
2019.729	63.6527745074955
2013.655	62.5539596577977
2012.046	62.629647359183
2012.085	62.7109332077545
2011.816	62.3184993328624
2011.855	62.3184993328624
2013.468	63.2603406326034
2011.644	62.7109332077545
2011.63	62.5539596577977
2012.085	62.4754728828192
2013.751	62.4754728828192
2012.219	62.3969861078408
2012.079	62.4754728828192
2012.066	62.7109332077545
2012.003	62.3969861078408
2011.951	62.3184993328624
2012.128	62.7109332077545
2012.29	62.7894199827329
2012.295	62.0045522329487
2011.397	62.7894199827329
2011.244	62.3184993328624
2012.098	62.7109332077545
2012.227	61.6906051330351
2011.836	62.3184993328624
2014.148	61.6121183580567
2014.94	62.0045522329487
2014.175	62.1615257829056
2011.934	62.240012557884
2012.107	62.1615257829056
2013.496	61.6906051330351
2012.025	62.0830390079272
2013.016	62.240012557884
2014.093	61.8475786829919
2014	63.4958009575386
2014.808	64.0452083823876
2014.225	63.2603406326034
2013.036	62.7894199827329
2013.496	63.1033670826466
2010.89	62.5539596577977
2012.063	61.4863800976224
2011.951	62.1615257829056
2015.107	64.2418516769013
2013.058	63.6120296016375
2013.268	63.6120296016375
2007.277	63.181853857625
2009	62.7109332077545
2006.03	63.4173141825602
2009.03	63.3388274075818
2006.789	63.181853857625
2009	63.5742877325171
2005.888	63.0248803076682
2016.15	62.002678641771
2004.24	63.5333018422296
2003	64.2021819323444
2018.315	64.2806687073228
2003	64.5946158072365
2004.153	64.6731025822149
2000	64.9870496821286
2000	64.5161290322581
1999	65.0793650793651
1999	64.8300761321717
2003.099	64.7515893571933
2003.482	64.5946158072365
2004.287	65.2361864340171
2004.721	64.7645995441327
2006.236	65.4579703319991
2006.236	65.065536457107
2008.369	65.1440232320854
2005.929	65.065536457107
2007.31	64.5161290322581
2006.312	65.065536457107
2012.366	64.7515893571933
2012.366	64.7515893571933
2012.366	64.7515893571933
2012.366	64.7515893571933
2011.981	64.3591554823012
2011.932	64.123695157366
2011.882	64.123695157366
2012.153	64.2806687073228
2011.014	64.2806687073228
2013.666	64.2806687073228
2013.329	64.123695157366
2015.956	64.2021819323444
2015.956	64.3591554823012
2015.94	64.2021819323444
2015.882	64.2021819323444
2016.896	64.123695157366
2015.934	64.2806687073228
2014.937	63.9667216074092
2010.915	63.8097480574523
2010.915	63.4958009575386
2012.085	63.8882348324307
2011.748	64.3591554823012
2013	64.0088071085948
2013.044	63.8097480574523
2013	64.4806164976016
2013	64.0088071085948
2011.748	64.5946158072365
2010.915	64.7515893571933
2011.096	64.2806687073228
2011.096	65.3009967820422
2011.096	65.3009967820422
2011.047	65.2225100070638
2011.096	65.2225100070638
2011.096	65.2225100070638
2011.871	64.9870496821286
2011.871	64.9870496821286
2011	64.6731025822149
2011	64.0452083823876
2011	64.6731025822149
2012.852	65.065536457107
2012.852	65.065536457107
2011.871	64.5161290322581
2011.871	64.5161290322581
2013.038	64.4376422572796
2013.038	64.4376422572796
2013.038	64.950401511573
2013.038	64.950401511573
2013.036	64.9870496821286
2013.036	64.9870496821286
2013.038	64.7929459927571
2013.038	64.7929459927571
2013.036	64.2806687073228
2013.038	64.3591554823012
2013.038	64.2806687073228
2013.038	64.3591554823012
2012.866	65.3009967820422
2012.866	65.3009967820422
2015.438	65.2225100070638
2014.008	63.8882348324307
2011.014	64.7515893571933
2011.014	64.7515893571933
2011.666	65.2225100070638
2011.871	64.9870496821286
2011.871	64.9870496821286
2011.871	64.9870496821286
2011.871	64.9870496821286
2011	64.6731025822149
2010.915	64.123695157366
2011	65.7719174319127
2013.833	65.065536457107
2013.038	65.7719174319127
2013.038	65.7719174319127
2012.79	64.2295597484277
2012.863	64.5946158072365
2012.863	64.5946158072365
2012.863	64.4376422572796
2012.863	64.4376422572796
2012.186	65.1440232320854
2012.011	65.3009967820422
2011	65.0617575328456
2010.915	64.6731025822149
2011	64.5946158072365
2011	64.9085629071502
2011	64.6731025822149
2011.022	64.9085629071502
2012.79	64.9085629071502
2011.175	64.8300761321717
2011.175	64.8300761321717
2010.915	64.7515893571933
2011.833	65.065536457107
2012.085	64.7515893571933
2011.773	64.4376422572796
2011.858	64.4376422572796
2011.277	64.8300761321717
2011.277	64.8300761321717
2012	65.1440232320854
2012.904	65.4579703319991
2012.904	65.4579703319991
2012.904	65.5364571069775
2012.904	65.5364571069775
2012.904	65.3794835570206
2012.904	65.3794835570206
2012.995	65.6934306569343
2011	64.9085629071502
2010.833	64.9870496821286
2010.833	64.9870496821286
2013.885	65.4579703319991
2010	65.065536457107
2011	65.6149438819559
2011	65.6934306569343
2008.962	65.1440232320854
2009.096	65.7719174319127
2010.915	65.3009967820422
2011.852	66.2428380817832
2011.852	66.2428380817832
2009.019	65.4579703319991
2009.019	65.4579703319991
2009.134	65.2839971718124
2009.134	64.9870496821286
2009.134	65.2225100070638
2009.134	65.2225100070638
2009.134	65.3009967820422
2009.134	65.3794835570206
2009.96	65.065536457107
2009.96	64.9870496821286
2007	66.3998116317401
2008	64.5946158072365
2009	65.065536457107
2012.085	66.4782984067185
2009.845	64.5946158072365
2009.03	65.6934306569343
2009.019	65.6934306569343
2009.211	64.6860017291519
2013.038	64.9085629071502
2013.038	64.9085629071502
2013.036	64.7363465160075
2013.036	64.7363465160075
2013.038	64.2021819323444
2013.038	64.2021819323444
2013.038	64.2655367231638
2013.036	64.2655367231638
2013.036	64.123695157366
2013.036	64.123695157366
2013.036	64.0452083823876
2013.036	64.0452083823876
2009.481	66.2267263728494
2006.915	65.6149438819559
2007.962	65.065536457107
2009.959	64.5946158072365
2009.079	65.6934306569343
2009.079	65.7719174319127
2009.627	65.6149438819559
2009.627	65.5364571069775
2008.025	65.3009967820422
2007.233	65.2225100070638
2008.809	63.8097480574523
2006.734	65.1440232320854
2007.099	65.2225100070638
2006.951	64.7515893571933
2004.954	65.2361864340171
2005.181	65.2225100070638
2005.074	65.3009967820422
2005.036	65.2225100070638
2005.216	65.2225100070638
2004.24	65.0003929890749
2003.351	65.065536457107
2002.907	64.9238498979432
2001	65.1096956829441
2004	65.6149438819559
2008.306	64.6731025822149
2017	63.5107552205998
2016	63.746271000157
2020.609	62.3331763228136
2001	63.4958009575386
2013.153	63.9667216074092
2012	62.5
2005.507	64.4376422572796
2005.507	64.2021819323444
2007.23	64.2806687073228
2008.73	63.8882348324307
2010.855	64.8300761321717
2008.306	64.4376422572796
2009.742	64.7515893571933
2008.254	64.5946158072365
2008.407	64.123695157366
2009.145	64.8300761321717
2009.074	64.0452083823876
2008.287	64.3591554823012
2016.353	64.6402764687402
2011.817	63.8097480574523
2009	64.9870496821286
2010.414	64.4150144972964
2010.299	64.885197084868
2009.668	64.6731025822149
2011.277	64.2021819323444
2010.863	64.0452083823876
2009.608	64.3591554823012
2010.767	64.8300761321717
2010.014	64.7072766058308
2010.592	62.9463935326897
2010.592	62.7894199827329
2017.967	64.9870496821286
2009.592	63.9667216074092
2005.679	64.4376422572796
2003	64.2021819323444
2013.162	64.2187251629312
2012.579	62.9463935326897
2006.255	63.3388274075818
2006.219	63.3388274075818
2007.907	65.4425612052731
2007.904	64.579409918393
2014	63.8097480574523
2015	63.1033670826466
2011.773	63.1033670826466
2011.044	63.4173141825602
2015.011	63.8097480574523
2009.249	64.5946158072365
2014	63.1033670826466
2012.415	64.3591554823012
2014	63.3388274075818
2011.893	64.123695157366
2012.923	64.2806687073228
2012.424	63.9667216074092
2011.236	64.2021819323444
2013.23	64.2021819323444
2011.973	63.6527745074955
2011.879	63.8097480574523
2011.833	63.8097480574523
2011.814	63.7312612824739
2012.369	64.2021819323444
2009.09	64.3591554823012
2011.088	63.181853857625
2012.082	62.3969861078408
2010.86	62.3969861078408
2012.087	62.240012557884
2015	61.0627109332078
2008.074	64.8300761321717
2009.203	64.3591554823012
2005.471	64.4376422572796
2006.137	63.1033670826466
2004	63.2454488386692
2004	64.1631239174933
2005	65.3009967820422
2006	64.5946158072365
2014.816	62.0374744134782
2010.803	64.950401511573
2010.781	64.7142182333491
2008.415	64.5724258289703
2010.085	64.8592450415867
2012	64.2021819323444
2011.466	63.6907573610455
2017.378	61.877667140825
2019.748	64.0843961580853
2016.298	64.0386289875722
2017.337	63.7743006164059
2018.964	63.3001422475107
2007	63.3758463234136
2007.252	64.0452083823876
2015.058	63.1033670826466
2014.521	61.6121183580567
2013.942	61.4076523382145
2005.912	63.2603406326034
2005.6	64.3591554823012
2004.26	64.2806687073228
2005.792	64.2021819323444
2006.693	63.8097480574523
2009.153	63.0248803076682
2006.805	63.6527745074955
2006.808	63.6527745074955
2006.792	63.4173141825602
2007.211	62.3523854511101
2006.838	62.588568729334
2006.847	62.6672964887419
2005.855	62.8247520075579
2012.06	64.2806687073228
2007.285	62.588568729334
2007.2	62.588568729334
2011.619	62.509840969926
2008.115	63.1396630451897
2008.074	63.2183908045977
2008.082	63.0609352857818
2009.942	62.2736576917021
2009.707	62.2736576917021
2012.008	61.7225633758463
2012.046	61.5651078570304
2010.603	62.588568729334
2011.162	62.9822075263738
2011.688	62.9034797669658
2011.008	62.431113210518
2011.008	62.509840969926
2010.858	62.3523854511101
2009.058	62.2736576917021
2010.288	62.1162021728862
2010.285	62.2736576917021
2012.117	60.9352857817667
2010.729	61.8012911352543
2013.123	61.4863800976224
2009.468	62.6672964887419
2010	61.8343665553966
2010.666	62.431113210518
2012.385	62.2736576917021
2013.389	62.8247520075579
2010.364	62.6692148431279
2010.364	62.431113210518
2005.926	63.2971185640057
2008.519	64.5946158072365
2007.625	62.8247520075579
2005.471	62.8247520075579
2009.071	63.5333018422296
2008.705	62.509840969926
2009.605	62.3523854511101
2008.667	62.2736576917021
2008.669	62.1162021728862
2007.37	62.588568729334
2007.844	62.8247520075579
2008.672	62.588568729334
2008.314	63.2971185640057
2007.6	63.2971185640057
2007.775	63.4545740828216
2007.77	63.6120296016375
2007.559	63.2183908045977
2007.89	63.0609352857818
2005.784	63.1396630451897
2006.901	63.0609352857818
2006.271	62.9822075263738
2016.779	62.2736576917021
2017.142	60.3841914659109
2005.74	63.0609352857818
2006.718	62.9034797669658
2006.704	62.9034797669658
2006.699	62.9034797669658
2006.693	62.9822075263738
2007.54	62.1615257829056
2009.211	63.0609352857818
2010.493	62.6672964887419
2011.91	62.3523854511101
2011.132	62.2736576917021
2010.841	62.2736576917021
2010.841	62.1949299322941
2010.614	60.5917902833373
2011.8	60.356329958402
2011.545	60.5917902833373
2011.255	60.8272506082725
2011.247	60.7487638332941
2016.779	62.8679067577113
2017.219	63.9667216074092
2016.377	63.2603406326034
2016.377	63.2603406326034
2016.071	63.3388274075818
2013.811	64.0452083823876
2018.063	64.3591554823012
2017.414	63.9667216074092
2017.603	64.3591554823012
2018.027	63.6527745074955
2017.888	63.3388274075818
2017.252	62.9463935326897
2016.475	62.7109332077545
2016.227	64.9870496821286
2017.386	63.7312612824739
2017.197	63.6527745074955
2018.874	62.7109332077545
2018.671	64.3591554823012
2018.077	63.6527745074955
2018.786	63.3388274075818
2018.948	63.5742877325171
2018.863	63.8882348324307
2018.784	64.5161290322581
2017.953	63.7312612824739
2018.819	64.4376422572796
2018.91	64.2806687073228
2018.825	64.0119384228715
2017.693	62.7109332077545
2010.027	63.2971185640057
2012.12	61.8475786829919
2009.132	62.9034797669658
2011.658	62.3184993328624
2011.455	61.8800188946623
2012.12	62.2736576917021
2012.194	61.8800188946623
2012.063	62.2736576917021
2011.504	61.8800188946623
2011.392	61.9587466540702
2012.033	62.1949299322941
2011.238	62.7460242481499
2011.912	62.588568729334
2012.178	62.588568729334
2010.89	62.3523854511101
2012.093	63.7312612824739
2012.798	63.8097480574523
2013.595	63.1033670826466
2014.904	63.1033670826466
2014.956	63.4958009575386
2012.312	63.8097480574523
2011.951	62.6672964887419
2012.216	62.6324464327761
2010	62.431113210518
2010.699	62.8247520075579
2011.879	62.1949299322941
2010.641	62.8247520075579
2012.24	62.2736576917021
2012	62.5837471427445
2012	62.7460242481499
2007.356	63.2183908045977
2006.186	62.9822075263738
2006.178	62.7460242481499
2006.082	63.1396630451897
2006.929	62.8247520075579
2006.923	62.8247520075579
2010.148	62.2736576917021
2009.838	61.7225633758463
2006.953	63.1396630451897
2006.66	63.1396630451897
2006.03	63.0609352857818
2012.754	64.7142182333491
2009.233	61.3289245788065
2006.693	63.2971185640057
2008.246	61.7690919080135
2009.268	61.9260654579703
2009.266	61.7690919080135
2009.263	61.7690919080135
2009.26	61.9260654579703
2009.189	61.4551448080998
2009.759	62.0045522329487
2008.746	61.5336315830783
2011.945	61.2196844831646
2011.797	61.1411977081862
2010.685	61.298171258143
2011.973	61.4551448080998
2011.238	60.7487638332941
2011.066	61.5336315830783
2009.397	61.6121183580567
2010.479	60.7487638332941
2011.663	61.298171258143
2011.005	61.3766580331214
2011.184	61.4551448080998
2014.942	61.2196844831646
2010.556	61.0627109332078
2010.556	60.9057373832509
2011.247	60.5917902833373
2011.682	60.6702770583157
2009	62.3969861078408
2010.71	62.1949299322941
2010.71	62.1162021728862
2008.328	62.3969861078408
2011.616	61.1411977081862
2008.194	62.588568729334
2010.685	62.8247520075579
2009.214	62.9034797669658
2011.392	64.8300761321717
2011.085	65.065536457107
2012.771	63.4958009575386
2011.449	63.7312612824739
2012.292	64.5161290322581
2013.233	63.7312612824739
2012.025	63.8097480574523
2010.893	61.9260654579703
2011.263	64.0452083823876
2017.66	64.4376422572796
2016.74	62.7894199827329
2011.493	63.6320305052431
2014.512	64.3591554823012
2013.964	64.3591554823012
2011.496	63.5742877325171
2013.71	62.7109332077545
2011.027	62.6324464327761
2013.06	63.2752394410425
2012.601	63.181853857625
2015.762	65.3009967820422
2016.432	65.065536457107
2017.866	64.0452083823876
2017.584	66.007377756848
2016.667	64.5946158072365
2018.005	62.3184993328624
2018.488	63.2603406326034
2018.003	63.2603406326034
2018.614	63.6527745074955
2017.885	64.9085629071502
2018.266	64.2418516769013
2016.91	64.3591554823012
2011.677	64.5946158072365
2014.189	63.7312612824739
2018.46	63.3388274075818
2017.063	63.4958009575386
2016.15	64.0452083823876
2017.392	63.5742877325171
2012.773	63.5742877325171
2017.367	62.7109332077545
2010.953	63.181853857625
2012.702	62.1615257829056
2018.521	62.7109332077545
2019	63.4173141825602
2017.312	63.4958009575386
2017.052	63.5742877325171
2017.964	63.5742877325171
2017.704	63.6527745074955
2018.118	63.1033670826466
2018	62.0830390079272
2015.652	64.2806687073228
2015.041	64.0452083823876
2015.825	63.4173141825602
2016.915	64.0452083823876
2015.397	64.2806687073228
2015.186	64.123695157366
2016	63.1033670826466
2011.647	63.8882348324307
2012.052	64.075382803298
2007	64.2021819323444
2011.096	63.007649239019
2013.285	62.7894199827329
2010.874	62.6324464327761
2011.34	63.4958009575386
2014.896	63.7312612824739
2015.323	63.8882348324307
2018.044	63.1033670826466
2017.156	63.6527745074955
2018.37	63.6527745074955
2018.332	63.5742877325171
2016.09	63.8882348324307
2016.74	63.9667216074092
2012.279	63.5593220338983
2011.912	62.2736576917021
2011.162	64.5946158072365
2010.756	63.9667216074092
2012.795	63.2603406326034
2010.033	63.8097480574523
2014	63.2603406326034
2012.314	65.3440403086128
2006	63.7278013515637
2005.66	64.4376422572796
2005	64.3591554823012
2008.672	64.0452083823876
2008.653	63.9667216074092
2011.696	61.5336315830783
2008.038	63.4958009575386
2017.543	59.9118249094631
2017.858	63.2211158526948
2010.978	64.1631239174933
2012	64.0452083823876
2013	64.4376422572796
2014	64.3591554823012
2015	64.1631239174933
2014	63.7312612824739
2011.918	56.9813986343301
2013.082	62.3969861078408
2014	62.240012557884
2014	63.0248803076682
2016	62.8679067577113
2017.351	62.3969861078408
2014	62.5539596577977
2013	62.3184993328624
2013	62.3184993328624
2013	62.4754728828192
2015	63.8097480574523
2012.582	63.8882348324307
2010.923	63.181853857625
2013	63.1033670826466
2013	62.7894199827329
2013	63.0248803076682
2014	62.5539596577977
2013	62.5539596577977
2014	60.9842241582293
2011.085	64.1757893066794
2015.805	63.6837121212121
2007.636	64.123695157366
2005.951	64.4376422572796
2005.529	64.7515893571933
2005.526	64.7515893571933
2003	64.4376422572796
2003	64.950401511573
2016	64.9085629071502
2015	64.9870496821286
1992	65.8504042068911
1995	66.7451904201021
1983	66.1170003926188
1985	66.3209178060663
1981.129	66.1643513068048
1992	66.8552125068741
1984	66.5092483274301
1981.112	65.9288909818696
1979.932	64.9085629071502
1979.932	64.9870496821286
