1918	66.3078052361145
1933.025	65.705506972347
1933.414	65.6267233908454
1932	65.8630741353502
1932	66.193853427896
1933	66.1150512214342
1933	66.0362490149724
1935	66.0214038401007
1945	64.8300761321717
1948	64.6330889887286
1943	64.622641509434
1943	64.2021819323444
1947	65.3553796724395
1947	65.496709495456
1954	65.1049827640238
1954	65.1049827640238
1954	65.1049827640238
1951	65.6688347308205
1951	65.6534001880288
1951	65.7317455343153
1951	65.5750548417424
1951	65.496709495456
1957	67.0010187289397
1957	67.0010187289397
1957	66.6091999059635
1953	63.7223974763407
1954	65.9822897892015
1950	65.8884362268881
1950	65.8884362268881
1946	64.6501057910822
1939	64.571742026487
1940	64.571742026487
1946	64.4523527085805
1948	64.8345573718708
1942	64.3591554823012
1942	64.0452083823876
1934	66.0206412983534
1935	66.0206412983534
1946	66.4933427873631
1946	66.3357756243599
1935	65.4579703319991
1936	65.8504042068911
1934	64.9810964083176
1934	65.1386263390044
1934	64.7448015122873
1934	64.7448015122873
1993	64.579409918393
1995.578	62.9315756434401
1996	63.4023854362837
1991	64.4224733207784
1986	63.3030397994359
1987	62.5195863365716
1986	62.9113130680038
1987	63.3030397994359
1987	63.146349106863
1986	62.8329677217173
1986	62.8329677217173
1989.003	64.3215293011595
1987	63.3030397994359
1986	62.9113130680038
1986	62.9896584142902
1980	63.6164211845816
1980	63.6947665308681
1981	64.0864932623002
1983	64.1648386085866
1983	64.4782199937324
1983	64.3998746474459
1982	64.6349106863052
1982	64.1799232035107
1983	64.4782199937324
1980	64.4782199937324
1978	64.1648386085866
1978	64.4782199937324
1978	64.4782199937324
1978	64.5565653400188
1977	64.7132560325917
1978	64.5565653400188
1977	64.7132560325917
1978	64.6349106863052
1978	64.6349106863052
1978	64.6349106863052
1978	64.8699467251645
1978	64.5565653400188
1977	64.6349106863052
1977	64.6349106863052
1977	64.6349106863052
1977	64.6349106863052
1978	64.7132560325917
1977	64.4301614673146
1951	65.1780800377388
1949	65.0266374177374
1949	64.8699467251645
1948	65.3400188028831
1950	65.2616734565967
1983	63.5380758382952
1983	64.1648386085866
1983	63.8514572234409
1983	63.5380758382952
1983	63.5380758382952
1983	63.5380758382952
1983	63.5380758382952
1983	63.5380758382952
1983	63.5380758382952
1983	63.5380758382952
1983	63.5380758382952
1983	63.3813851457223
1983	63.6164211845816
1983	63.5380758382952
1983	63.6947665308681
1983	63.7731118771545
1983	63.7881043805344
1983	63.6164211845816
1983	63.5380758382952
1983	63.5380758382952
1983	63.5380758382952
1983	63.5380758382952
1983	63.6164211845816
1983	63.6164211845816
1983	63.4597304920088
1983	63.4597304920088
1983	63.3813851457223
1983	63.5380758382952
1983	63.5380758382952
1983	63.5380758382952
1983	63.5380758382952
1983	63.5380758382952
1983	63.5380758382952
1983	63.5380758382952
1983	63.5380758382952
1983	63.6164211845816
1983	63.2246944531495
1983	63.4597304920088
1983	63.5380758382952
1983	63.5380758382952
1983	63.6613092904743
1983	63.5380758382952
1983	63.4597304920088
1983	63.3030397994359
1983	64.3998746474459
1982	63.9298025697274
1984	64.1950148926164
1984	64.3998746474459
1989.005	64.3215293011595
1991.551	64.3440050219711
1996	63.6377903327056
1995	64.579409918393
1995.964	64.030131826742
1995.942	64.4224733207784
1996	64.4224733207784
1996.019	64.2806687073228
1996	64.4224733207784
1996.003	64.3440050219711
1995.953	64.2655367231638
1995.929	64.4224733207784
1995.874	64.5009416195857
1995.907	64.0692640692641
1996	64.7363465160075
1996	64.5009416195857
1996	64.579409918393
1996	64.2655367231638
1995.948	64.3440050219711
1995.871	64.3440050219711
1995.332	64.7363465160075
1996.003	64.6578782172002
1995.934	64.6578782172002
1995.945	64.6578782172002
1995.962	64.5009416195857
1995.918	64.579409918393
1995.986	64.579409918393
1995.989	64.5946158072365
1996.104	64.579409918393
1995.953	64.2655367231638
1995	64.2655367231638
1996	64.1086001255493
1996	64.1086001255493
1996	64.030131826742
1995.923	64.1086001255493
1996	64.1870684243566
1996	64.1870684243566
1995.975	64.3440050219711
1995	64.1086001255493
1995.986	64.8932831136221
1995.942	64.5009416195857
1995.912	64.4224733207784
1995.951	64.6578782172002
1998	63.8731952291274
2000	64.4224733207784
2000	64.5009416195857
2000	64.579409918393
2000	64.579409918393
2000	64.4224733207784
2000	64.6578782172002
2000	64.579409918393
2000	64.579409918393
2000	64.4224733207784
2000	64.5009416195857
2000	64.5009416195857
2000.279	64.579409918393
2001.022	64.5946158072365
2000	64.579409918393
2000	64.4224733207784
2000	64.1870684243566
2000	64.3440050219711
2000	64.3440050219711
2000	64.2655367231638
1992	64.030131826742
2001.022	64.123695157366
2001.584	63.8097480574523
2001.518	64.2021819323444
2001.353	64.2806687073228
2001.058	64.2021819323444
2002.926	64.2021819323444
2003.937	64.2806687073228
2003.937	64.2806687073228
2003.811	64.2806687073228
2003.723	64.2806687073228
2003.696	64.2806687073228
2003.515	64.2806687073228
2003.068	64.2806687073228
2003.973	64.2806687073228
2003.964	64.2806687073228
2003.923	64.2806687073228
2003.819	64.2806687073228
2003.789	64.2806687073228
2003.773	64.2806687073228
2003.715	64.2806687073228
2003	64.2806687073228
2003	64.2806687073228
2003	64.2806687073228
2003	64.2806687073228
2001	63.6527745074955
2002.97	64.1539065567334
2003.153	64.0119384228715
2001	64.3591554823012
2000	65.4579703319991
2000.112	65.2225100070638
2000	65.1440232320854
2000.68	64.7515893571933
2000.587	64.7515893571933
2000.828	64.9870496821286
2000.623	64.9085629071502
2000.68	64.9085629071502
2000.669	64.9870496821286
2000.639	64.9085629071502
2000.642	64.9085629071502
2000.68	64.7515893571933
2000.653	64.7820965842167
2000.626	64.9085629071502
2000.62	64.9085629071502
2000.56	64.9085629071502
2000.678	64.7515893571933
2000.549	65.065536457107
2000.631	64.9238498979432
2000.713	64.9085629071502
2000.806	65.1440232320854
2000.56	64.8300761321717
2000.467	64.9870496821286
2000.648	64.9085629071502
2000.699	64.9870496821286
2000.705	64.8300761321717
2000.735	64.9085629071502
2000.464	65.1440232320854
2000.563	64.8300761321717
2000.721	65.065536457107
2000.779	64.9870496821286
2000.76	64.9238498979432
2000.839	64.9870496821286
2000.855	64.9870496821286
2000.68	64.7515893571933
2000.735	64.9085629071502
2000.658	64.8300761321717
2000.639	64.9085629071502
2000.658	64.8300761321717
2000.658	65.065536457107
2000.568	64.8300761321717
2000.464	65.065536457107
2000	64.9870496821286
2000.743	65.065536457107
2000.508	65.065536457107
2000.719	65.065536457107
2000.661	64.8300761321717
2000.664	64.9870496821286
2000.544	64.9085629071502
2000.675	64.7515893571933
2000.675	64.9870496821286
2000.541	64.9085629071502
2000.716	64.8300761321717
2000.623	64.8300761321717
2000.751	64.8300761321717
2000.642	65.0329877474081
2000.683	64.9238498979432
2001	65.080860417648
2001.463	64.7515893571933
1999.997	64.6731025822149
2000	64.9635608494632
2000	64.9788368082772
2001	64.9870496821286
2000	65.3009967820422
2001.019	65.1440232320854
2001.019	65.1440232320854
2001.019	65.0483148715531
1999	65.1440232320854
1999	64.9085629071502
1999	64.8300761321717
1999	65.1440232320854
1999	64.0452083823876
1998.071	64.2021819323444
1998	64.2806687073228
1997.997	64.123695157366
1997.041	64.2021819323444
1997.041	64.2806687073228
1997	63.6527745074955
1995	64.2806687073228
1996	64.6731025822149
1996	64.0452083823876
1996	64.123695157366
1996	64.123695157366
1996	64.123695157366
1996	64.123695157366
1996	64.2021819323444
1996	64.0452083823876
1996	64.123695157366
1996	64.0452083823876
1996	64.0452083823876
1996	64.0452083823876
1996	63.9667216074092
1997	64.123695157366
1997.86	64.8300761321717
1997.822	64.6731025822149
1997.923	64.6731025822149
2000.68	64.7515893571933
2000.617	64.8300761321717
2000	64.7515893571933
2001.019	64.5946158072365
2000.962	64.2958078191239
2001.038	64.2806687073228
2001.077	64.3591554823012
2001.101	64.2806687073228
2001.063	64.483191957273
2001.09	64.2806687073228
2001.06	64.2021819323444
2001	64.3591554823012
2001.156	63.9333961671379
2001.592	64.2021819323444
2001.425	63.8882348324307
2001.077	63.8364779874214
2001.074	64.2324303101688
2001.066	64.2324303101688
2001.058	64.2021819323444
2001.06	64.123695157366
2000	64.2021819323444
2000	64.3743130789763
2000.964	64.123695157366
2001.06	64.4376422572796
2001.066	64.3412679707754
2001.466	64.4376422572796
2001.54	64.2806687073228
2001.479	64.2021819323444
2001.54	64.2806687073228
2001.622	64.3591554823012
2001.523	64.2021819323444
2001.499	64.2806687073228
2001.479	64.2021819323444
2001.537	64.7035728307813
2001.419	64.2806687073228
2001.556	64.3591554823012
2001.542	64.4376422572796
2001.43	64.123695157366
2001.542	64.2021819323444
2001.545	64.123695157366
2001.523	64.2021819323444
2001.622	64.123695157366
2001.537	64.2806687073228
2001.605	64.2021819323444
2001.427	64.3743130789763
2001.523	64.5161290322581
2001.537	64.3591554823012
2001.592	64.5946158072365
2001.529	64.2806687073228
2001.512	64.3591554823012
2001.521	64.2806687073228
2001.499	64.4376422572796
2001.499	64.4376422572796
2001.504	64.4680015704751
2001.521	64.5161290322581
2001.293	64.3591554823012
2001.405	64.3591554823012
2001.389	64.2806687073228
2001.375	64.2806687073228
2001.499	64.3591554823012
2001.488	64.3591554823012
2001.679	64.4376422572796
2001.54	64.5161290322581
2001.46	64.3591554823012
2001.471	64.3591554823012
2001.425	64.5161290322581
2001.488	64.4376422572796
2001.43	64.2806687073228
2001.616	64.4376422572796
2001.521	64.2021819323444
2001.575	64.2806687073228
2001.414	64.3743130789763
2001.523	64.5161290322581
2001.49	64.5946158072365
2001.504	64.3591554823012
2001.433	64.2806687073228
2001.638	64.3894778170397
2001.501	64.4376422572796
2001.468	64.123695157366
2002.074	64.2021819323444
2002.005	64.2806687073228
2002.011	64.3591554823012
2002	64.5161290322581
2001.556	64.2021819323444
2001.501	64.3591554823012
2001.616	64.2021819323444
2001.507	64.3591554823012
2001.54	64.3591554823012
2001	64.4376422572796
2001.405	64.2806687073228
2001.54	64.3591554823012
2001.504	64.2806687073228
2001.479	64.123695157366
2001	64.5946158072365
2001.567	64.3591554823012
2001.548	64.5946158072365
2001.542	64.5946158072365
2001.57	64.5161290322581
2001.518	64.4376422572796
2001.507	64.5161290322581
2001.507	64.5946158072365
2001.545	64.5465253239105
2001.488	64.2021819323444
2001.115	64.2021819323444
2001.049	64.2627072040223
2001.063	64.5946158072365
2001.058	64.3591554823012
2001.068	64.3591554823012
2001.159	64.4528183388287
2001.14	64.3591554823012
2001.14	64.2806687073228
2002	63.9667216074092
2000	64.3591554823012
2001	64.2806687073228
2001.03	64.6731025822149
2001.025	64.2958078191239
2001.025	64.3591554823012
2000	64.8300761321717
2001	65.065536457107
2000.68	64.6731025822149
2000	65.1440232320854
2000	65.1440232320854
2002	64.123695157366
2003.06	63.7763116556708
2003.159	64.123695157366
2003.173	64.123695157366
2003.052	64.0452083823876
2002.984	64.2021819323444
2003.036	64.2173025592715
2003.038	63.7312612824739
2003.055	63.8097480574523
2003.058	63.8097480574523
2003.074	64.123695157366
2003	64.2806687073228
2003.227	64.3743130789763
2003	64.123695157366
2003.071	63.7312612824739
2003.115	63.5742877325171
2003.216	63.7612877895563
2003.036	63.9032815198618
2003.151	63.8097480574523
2003	63.7312612824739
2005	64.0452083823876
2005.603	64.0452083823876
2005.715	63.9817867797142
2005.718	64.3261074458058
2005.699	64.3591554823012
2005.679	64.2021819323444
2005.685	64.3261074458058
2005	64.123695157366
2005.682	64.123695157366
2005.759	64.2806687073228
2005	64.3591554823012
2005.496	63.8882348324307
2006.271	64.2475651900723
2005	63.9667216074092
2007.142	63.4173141825602
2007.118	63.7312612824739
2007.137	63.5742877325171
2007.06	63.4958009575386
2007.06	63.5742877325171
2007.077	63.5742877325171
2007.123	63.8097480574523
2007.134	63.7312612824739
2007.082	63.7312612824739
2007.123	63.4958009575386
2007.099	64.042118497564
2007.099	63.9667216074092
2007.153	63.8097480574523
2007.115	63.9667216074092
2007.121	63.7312612824739
2007.178	64.0452083823876
2007.173	64.0452083823876
2007.096	63.6527745074955
2007.047	63.7312612824739
2007.184	63.8882348324307
2007.099	63.9667216074092
2007.145	64.2806687073228
2007.079	64.123695157366
2006.989	64.2021819323444
2007.077	63.9667216074092
2007.178	64.123695157366
2007.181	64.123695157366
2007.096	64.123695157366
2007.099	64.123695157366
2007.156	64.123695157366
2007.153	64.123695157366
2007.178	64.2021819323444
2007.079	63.6527745074955
2007.137	63.54068488847
2007.107	63.8097480574523
2007.153	63.8097480574523
2007.142	63.8097480574523
2007.118	64.0452083823876
2007.118	63.8882348324307
2007.079	64.2021819323444
2007.077	64.123695157366
2007.077	63.9667216074092
2007.066	64.123695157366
2007.077	64.2806687073228
2007.104	64.0452083823876
2007.082	64.0452083823876
2007.085	63.9667216074092
2007.079	64.0452083823876
2007.085	63.9667216074092
2007.153	63.8882348324307
2007.145	63.8097480574523
2007.175	64.0452083823876
2007.03	63.8097480574523
2007.153	63.8882348324307
2007.134	63.9667216074092
2007.162	63.8882348324307
2007.079	63.9667216074092
2007.121	63.6977693999372
2007.178	63.8097480574523
2007.118	64.123695157366
2007.077	63.8097480574523
2006.962	64.0452083823876
2007.134	63.3388274075818
2007.115	63.4958009575386
2007.104	63.3388274075818
2007.14	63.3388274075818
2007.068	63.3388274075818
2007.077	63.5742877325171
2007.115	63.2603406326034
2007.079	63.4958009575386
2007.181	63.2603406326034
2007.041	63.0248803076682
2007.099	63.3388274075818
2007.088	63.3388274075818
2007.079	63.4173141825602
2007.082	63.3388274075818
2007.145	63.2603406326034
2007.118	63.5742877325171
2007.066	62.8679067577113
2007.118	63.2603406326034
2007.077	63.1033670826466
2007.041	63.1033670826466
2007.041	63.1033670826466
2007.153	63.1033670826466
2007.115	63.4958009575386
2007.159	63.4958009575386
2007.085	63.6527745074955
2007.173	63.4173141825602
2007.107	63.4958009575386
2007.077	63.5742877325171
2007.14	63.4958009575386
2007.115	63.6527745074955
2007.011	63.6527745074955
2007.008	63.4173141825602
2007.058	63.4958009575386
2007.134	63.4958009575386
2007.195	63.5742877325171
2007.134	63.4958009575386
2007.175	63.3388274075818
2007.101	63.4958009575386
2007.14	63.54068488847
2007.088	63.2603406326034
2006.989	63.2603406326034
2007.159	63.4322499607474
2007.137	63.3388274075818
2007.153	63.6977693999372
2007.068	63.5742877325171
2007.085	63.4173141825602
2007.082	63.5742877325171
2007.079	63.4173141825602
2007.115	63.1033670826466
2007.088	63.4958009575386
2007.126	63.4173141825602
2007.118	63.2603406326034
2007.068	63.3388274075818
2007.175	63.3388274075818
2007.137	63.3388274075818
2007.14	63.4173141825602
2007.145	63.181853857625
2007.14	63.4173141825602
2007.14	63.5742877325171
2007.137	63.6527745074955
2007.153	63.6527745074955
2007.137	63.6527745074955
2007.118	63.6527745074955
2007.137	63.3388274075818
2007.126	63.2603406326034
2007.058	63.181853857625
2007.162	63.4173141825602
2007.115	63.3388274075818
2007.126	63.7312612824739
2007.118	63.4173141825602
2007.107	63.3388274075818
2007.077	63.4173141825602
2007.137	63.181853857625
2007.118	63.2116215155084
2007.137	63.181853857625
2007.121	63.181853857625
2007.195	63.1033670826466
2007.115	63.3388274075818
2007.173	63.5742877325171
2007.06	63.54068488847
2007.101	63.4958009575386
2007.123	63.4958009575386
2007.099	63.4958009575386
2007.118	63.5742877325171
2007.14	63.4958009575386
2007.101	63.4958009575386
2007.156	63.4958009575386
2007.099	63.4173141825602
2007.085	63.2603406326034
2007.096	63.5107552205998
2007.068	63.2603406326034
2007.164	63.3388274075818
2007.041	63.1033670826466
2007.153	63.5742877325171
2007.079	63.3388274075818
2007.192	63.7312612824739
2007.03	63.3388274075818
2007.041	63.2603406326034
2007.047	63.3388274075818
2007.058	63.3388274075818
2007.178	63.4173141825602
2007.088	63.3388274075818
2007.066	63.0248803076682
2007.134	63.181853857625
2007.115	63.181853857625
2007.079	63.0248803076682
2007.077	63.3388274075818
2007.079	63.4958009575386
2007.126	63.3388274075818
2007.079	63.4173141825602
2007.159	63.181853857625
2007.134	63.2603406326034
2007.195	63.54068488847
2007.096	63.4958009575386
2007.173	63.4958009575386
2007.063	63.4173141825602
2007.038	63.4173141825602
2007.096	63.4173141825602
2007.06	63.5742877325171
2006.962	63.2603406326034
2007.077	63.4173141825602
2007.173	62.9463935326897
2007.063	63.4173141825602
2007.06	63.4173141825602
2007.03	63.181853857625
2006.929	63.181853857625
2007.107	63.4173141825602
2007.104	63.3388274075818
2007.099	63.42843668946
2007.063	63.4173141825602
2007.142	63.181853857625
2007.079	63.3388274075818
2007.142	63.4173141825602
2007.162	63.4958009575386
2007.082	63.2603406326034
2007.115	63.181853857625
2007.192	63.4173141825602
2007.162	63.4173141825602
2007.058	63.181853857625
2007.077	63.2603406326034
2007.159	63.4173141825602
2007.096	63.181853857625
2007.118	63.2603406326034
2007.066	63.3388274075818
2007.115	63.2603406326034
2007.175	63.3388274075818
2007.121	63.3836003770028
2007.178	63.4958009575386
2007.121	63.3388274075818
2007.06	63.54068488847
2007.134	63.4173141825602
2007.115	63.4173141825602
2007.115	63.4173141825602
2007.115	63.4173141825602
2007.027	63.4958009575386
2007.137	63.4958009575386
2007.156	63.4958009575386
2007.115	63.7312612824739
2007.173	63.4958009575386
2007.181	63.5742877325171
2007.082	63.4958009575386
2007.118	63.4958009575386
2007.063	63.5742877325171
2007.079	63.4173141825602
2007.126	63.4958009575386
2007.126	63.4958009575386
2007.014	63.3388274075818
2007.156	63.5257165292501
2007.173	63.4958009575386
2007.096	63.4958009575386
2007.068	63.4173141825602
2007.162	63.4173141825602
2007.099	63.4958009575386
2007.14	63.4173141825602
2007.066	63.4173141825602
2007.079	63.4173141825602
2007.115	63.4958009575386
2007.063	63.4958009575386
2007.099	63.7312612824739
2007.099	63.7312612824739
2007.123	63.8097480574523
2007.104	63.7312612824739
2007.096	63.7312612824739
2007.096	63.4173141825602
2007.2	63.5742877325171
2007.068	63.4958009575386
2007.058	63.4958009575386
2007.181	63.4958009575386
2007.058	63.4958009575386
2007.195	63.5742877325171
2007.156	63.4958009575386
2007.126	63.6527745074955
2007.192	63.4958009575386
2007.164	63.4173141825602
2007.192	63.4173141825602
2007.173	63.4173141825602
2007.192	63.3388274075818
2007.164	63.4173141825602
2007.189	63.4173141825602
2007.156	63.2603406326034
2007.079	63.3388274075818
2006.274	63.8097480574523
2007.085	63.9667216074092
2007.058	63.181853857625
2007.153	63.4958009575386
2007.107	63.181853857625
2007.101	63.181853857625
2007.096	63.1033670826466
2007.096	63.2116215155084
2007.096	63.181853857625
2007.104	63.181853857625
2007.101	63.3388274075818
2006.967	63.3388274075818
2007.173	63.4173141825602
2007.156	63.8097480574523
2007.077	63.6527745074955
2007.077	63.8097480574523
2007.077	63.8097480574523
2007.099	63.7312612824739
2007.142	63.7312612824739
2007.153	63.7312612824739
2007.049	63.7312612824739
2007.077	63.6527745074955
2007.137	63.6527745074955
2007.173	63.7312612824739
2007.134	63.7312612824739
2007.173	63.7312612824739
2007.123	63.5742877325171
2007.068	63.6527745074955
2007.068	63.4958009575386
2007.123	63.8097480574523
2007.121	63.8882348324307
2007.068	63.8097480574523
2007.101	63.8097480574523
2007.099	63.6977693999372
2007.058	63.5742877325171
2007.123	63.7312612824739
2007.096	63.6527745074955
2007.068	63.4173141825602
2007.121	63.3388274075818
2007.115	64.6250490773459
2007.162	64.7515893571933
2007.027	64.7515893571933
2007.162	64.6731025822149
2007.153	64.6731025822149
2007.173	64.6731025822149
2007.178	64.7515893571933
2003.729	63.8097480574523
2005.266	63.5742877325171
2005.449	63.9667216074092
2006.2	64.0452083823876
2006.321	64.2806687073228
2006.271	64.0452083823876
2006	64.123695157366
2005	63.746271000157
2005.033	63.5742877325171
2005.055	63.6527745074955
2003.688	63.8097480574523
2003.589	63.8097480574523
2005	63.8097480574523
2004	64.2958078191239
2005.6	63.9667216074092
2005.69	63.9817867797142
2005.663	64.0452083823876
2005.611	64.0452083823876
2003.03	63.7312612824739
2003.17	64.4983895042816
2008.027	63.180312352106
2008.008	63.3380659410002
2008.481	63.1033670826466
2008.44	63.2603406326034
2008.437	63.181853857625
2008.437	63.181853857625
2007	62.4754728828192
2008.469	63.0248803076682
2008.478	62.8679067577113
2007.995	62.7070515854236
2008.122	62.9463935326897
2008.434	62.7109332077545
2007.981	63.4173141825602
2008.036	62.8679067577113
2007.962	62.9463935326897
2007.945	62.7894199827329
2007.849	62.8679067577113
2008.016	63.3050581212692
2008.123	63.1033670826466
2008.484	63.1033670826466
2008.497	63.181853857625
2008.12	63.0248803076682
2008.077	63.0248803076682
2008.074	63.0248803076682
2008.94	63.181853857625
2008.123	62.7109332077545
2008.108	62.8679067577113
2008.623	63.3388274075818
2008.88	63.3388274075818
2008.847	63.1033670826466
2008.861	63.4621426327364
2008.842	63.3388274075818
2008.833	63.3388274075818
2008.776	63.54068488847
2008.776	63.3388274075818
2008.814	63.3388274075818
2008.828	63.3388274075818
2008.839	63.3388274075818
2008.6	62.9463935326897
2008.063	62.5539596577977
2008.016	63.0225587632119
2007.868	63.1033670826466
2008.055	62.7109332077545
2008.333	62.9463935326897
2008.041	62.9463935326897
2008.896	63.0248803076682
2008.915	63.3388274075818
2008.825	63.2603406326034
2009.033	63.0248803076682
2007.948	63.1014355576589
2008.038	63.180312352106
2008.117	62.9970863847547
2007.997	62.9436819687648
2008.041	63.2591891465531
2008.137	63.181853857625
2009.023	63.1033670826466
2009.088	62.8679067577113
2008.112	63.181853857625
2008.921	62.7109332077545
2008.858	62.7894199827329
2008.801	63.0248803076682
2008.148	63.1033670826466
2008.533	63.181853857625
2008.16	63.181853857625
2008.342	63.3388274075818
2008.036	63.1014355576589
2007.863	63.3380659410002
2008.71	63.6527745074955
2008.022	63.2603406326034
2007	63.4173141825602
2008.437	63.1033670826466
2008.444	63.1033670826466
2008.984	63.0225587632119
2008.137	63.2603406326034
2007	62.9497825227362
2008.085	63.0248803076682
2008.538	63.4173141825602
2008.828	63.1033670826466
2008.839	63.1033670826466
2008.885	63.1033670826466
2008.866	63.1033670826466
2008.899	62.9463935326897
2008.885	63.1033670826466
2008.883	63.1033670826466
2008.861	63.1033670826466
2008.85	63.1033670826466
2008	63.181853857625
2008.844	63.1033670826466
2008.56	63.2603406326034
2008.563	63.2603406326034
2008.555	63.181853857625
2008.022	63.3380659410002
2008.71	63.2603406326034
2007.992	63.4169427354472
2008	63.2333254586975
2009.016	62.7109332077545
2008.989	63.5593220338983
2008.984	63.5593220338983
2009.14	62.7746390458255
2009	63.6377903327056
2009.233	63.0885122410546
2007	63.0248803076682
2009.118	63.7312612824739
2009.134	63.6527745074955
2009.323	63.8882348324307
2009.162	63.7312612824739
2009.121	63.7312612824739
2009.323	63.8882348324307
2009.323	63.5742877325171
2009.023	63.8882348324307
2007	63.4173141825602
2007	63.181853857625
2007	63.1033670826466
2009.052	63.0100439422473
2009.036	63.5593220338983
2008.489	62.6961707470182
2009.085	62.7746390458255
2008.634	62.7746390458255
2009.414	63.2454488386692
2008.959	63.1033670826466
2008.191	63.2603406326034
2009.129	62.9463935326897
2009.014	62.7894199827329
2009.321	62.9463935326897
2009.326	62.9463935326897
2009	63.2603406326034
2009.325	62.740478994896
2009.707	62.6177024482109
2009.321	63.4958009575386
2009.323	63.4958009575386
2009.323	63.4958009575386
2009.319	63.0248803076682
2009.319	63.2603406326034
2009.315	63.4173141825602
2009.318	63.181853857625
2009.326	63.3388274075818
2009.323	63.4173141825602
2009.323	63.4173141825602
2009.323	63.4173141825602
2009.318	63.2603406326034
2009	63.4958009575386
2009.323	63.2603406326034
2008.934	63.3388274075818
2008.934	62.9463935326897
2009.325	63.0248803076682
2009.348	63.3388274075818
2009.348	63.3388274075818
2009.353	63.4173141825602
2009.332	63.3388274075818
2009.323	63.3388274075818
2009.318	63.3388274075818
2009.322	63.2603406326034
2009.329	63.2603406326034
2009.326	63.2603406326034
2009.323	63.181853857625
2009.373	63.2603406326034
2009.205	62.7109332077545
2009	63.0100439422473
2009.162	63.2454488386692
2009.312	62.9568497995756
2009.162	62.5392341494036
2009.625	63.0673297024232
2009.575	62.8679067577113
2008	62.7700526357137
2009.315	63.4958009575386
2009.322	63.5742877325171
2009.323	63.4958009575386
2009.323	63.5742877325171
2009.162	62.9315756434401
2009	63.4173141825602
2007	63.4173141825602
2008.937	62.4607658505964
2007	63.1033670826466
2008.672	62.6961707470182
2009.112	63.4173141825602
2009.086	63.3388274075818
2009.462	62.8679067577113
2009.473	63.0248803076682
2009.323	63.2603406326034
2009.186	62.8679067577113
2008.842	62.8190027483314
2009.537	64.181703070592
2009.43	63.8097480574523
2009.163	63.3388274075818
2009.041	63.3380659410002
2009.808	64.3552600332463
2009.67	63.4958009575386
2009.538	63.6527745074955
2008.975	62.5492979965294
2009.153	62.4704212020823
2009.323	62.9463935326897
2009.007	62.9463935326897
2009.527	63.0248803076682
2009.077	63.1033670826466
2008.844	62.9436819687648
2009.5	63.181853857625
2009.499	62.7109332077545
2009.522	62.9463935326897
2009.456	63.4173141825602
2009.573	63.8097480574523
2008.877	62.9463935326897
2008.861	63.2603406326034
2008.992	63.2603406326034
2009.041	63.3388274075818
2009.329	63.5742877325171
2009.323	63.4173141825602
2009.323	63.5742877325171
2009.318	63.4958009575386
2009.318	63.3388274075818
2009.337	63.3388274075818
2009.326	63.3388274075818
2009.323	63.3388274075818
2009.321	63.3388274075818
2009.323	63.5742877325171
2009	63.6527745074955
2008.943	63.4173141825602
2009.318	63.5742877325171
2009.34	63.5742877325171
2009.326	63.5742877325171
2009.323	63.5742877325171
2009.326	63.5742877325171
2009.049	63.1033670826466
2008.997	63.0248803076682
2009.033	63.0354476145563
2009.085	63.1669805398619
2008.713	63.181853857625
2009.162	63.181853857625
2009.126	63.4173141825602
2008.79	63.1033670826466
2009.068	63.2603406326034
2009.326	63.181853857625
2009.036	62.7894199827329
2009.118	63.4173141825602
2009.326	63.3388274075818
2009.132	63.0248803076682
2009.352	63.3388274075818
2009.319	63.1669805398619
2009.345	63.4173141825602
2009.332	63.4173141825602
2009.323	63.4173141825602
2009.321	63.3388274075818
2009.318	63.4173141825602
2009.314	63.181853857625
2009	63.3239171374765
2008.117	63.0248803076682
2009.086	62.3969861078408
2009.025	62.8679067577113
2009.011	62.5539596577977
2009.323	62.8679067577113
2009.323	62.7894199827329
2009.121	62.8679067577113
2009.318	62.7894199827329
2009.315	62.7894199827329
2009.321	62.7894199827329
2009.326	62.7109332077545
2009.326	62.7109332077545
2009.319	62.8679067577113
2009.319	62.8679067577113
2009.326	62.8679067577113
2009.329	62.8679067577113
2009.323	62.5539596577977
2009.323	62.8679067577113
2009.323	62.8679067577113
2009.321	62.8679067577113
2009.318	62.8679067577113
2009.118	62.8679067577113
2009.167	62.7894199827329
2009.099	62.5539596577977
2009.052	62.7894199827329
2009.318	62.4754728828192
2009.323	62.7894199827329
2009.326	62.5539596577977
2009.323	63.1033670826466
2009	62.9315756434401
2009	62.7746390458255
2009.162	62.9315756434401
2009.247	62.4607658505964
2009.163	62.9227623092654
2009.163	62.8679067577113
2009.086	62.7109332077545
2009.163	62.7109332077545
2009.137	62.7109332077545
2009.137	62.7109332077545
2009.163	62.7894199827329
2009.137	62.7109332077545
2009.438	62.3969861078408
2009.085	63.0885122410546
2009.148	62.7894199827329
2009.319	62.4754728828192
2009.548	62.4754728828192
2009.326	62.4754728828192
2009.326	62.3184993328624
2009.321	62.3184993328624
2009.323	62.4754728828192
2009.318	62.3184993328624
2009.321	62.1615257829056
2009.318	62.4754728828192
2008.653	62.7894199827329
2008.657	62.8679067577113
2008.802	62.9463935326897
2008.762	62.9463935326897
2008.6	63.0248803076682
2009.153	62.5539596577977
2009.11	62.6324464327761
2009.167	62.7894199827329
2009.145	62.5539596577977
2009.399	62.740478994896
2009.137	62.6324464327761
2009.112	62.7894199827329
2009.156	62.7894199827329
2009.156	62.5539596577977
2009.151	62.3969861078408
2009.137	62.7894199827329
2009.112	62.4754728828192
2009.107	62.7109332077545
2009.104	62.7109332077545
2009.036	62.6324464327761
2009.142	62.7109332077545
2009.137	62.7894199827329
2009.074	62.7109332077545
2009.115	62.7109332077545
2009.363	62.5196355639334
2009.118	62.6324464327761
2009.216	62.8679067577113
2009.195	62.6324464327761
2009.186	62.7109332077545
2009.184	62.7109332077545
2009.162	62.8679067577113
2009.159	62.5539596577977
2009.323	62.3969861078408
2009.323	62.3969861078408
2009.082	62.9463935326897
2009.077	62.7109332077545
2009.077	62.7109332077545
2009.326	62.4754728828192
2009.167	62.7109332077545
2009.132	62.6324464327761
2009.14	62.3969861078408
2009.118	62.4754728828192
2009.159	62.5539596577977
2009.159	62.4754728828192
2009.167	62.5539596577977
2009.225	62.4754728828192
2009.162	62.4754728828192
2009.134	62.7109332077545
2009.184	62.7109332077545
2009.137	62.7894199827329
2009.145	62.3969861078408
2009.107	62.6324464327761
2009.195	62.3184993328624
2009.148	62.6324464327761
2009.142	62.3184993328624
2009.11	62.6324464327761
2009.162	62.5539596577977
2009.112	62.5539596577977
2009.115	62.5539596577977
2009.145	62.5539596577977
2009.134	62.4754728828192
2009.112	62.7109332077545
2009.093	62.6126479116057
2009.079	62.4754728828192
2009.077	62.4754728828192
2009.058	62.6324464327761
2009.118	62.3969861078408
2009.137	62.4754728828192
2009.222	62.5539596577977
2009.093	62.3184993328624
2009.137	62.5539596577977
2009.156	62.9463935326897
2008.146	63.3050581212692
2007	63.181853857625
2008.486	63.4958009575386
2008.59	63.4958009575386
2008.574	63.2603406326034
2007	63.1033670826466
2006	63.353744700895
2004	64.0452083823876
2007.395	62.7894199827329
2007.364	62.8679067577113
2007.351	62.9463935326897
2007.351	62.8679067577113
2007.395	62.9463935326897
2007.375	62.8679067577113
2008.82	62.3184993328624
2008.762	62.8679067577113
2008	63.020587773063
2008	63.020587773063
2008.781	62.7894199827329
2007.971	63.0248803076682
2008	62.9420084865629
2008	62.8634292000629
2007.499	62.6324464327761
2007.364	62.8679067577113
2007.556	62.4754728828192
2007.354	62.7894199827329
2007.351	62.8679067577113
2007.107	62.7109332077545
2007.088	62.7109332077545
2007.088	62.7109332077545
2007.386	62.8679067577113
2007.444	62.7109332077545
2008.016	62.8679067577113
2008.139	63.181853857625
2008.011	62.7109332077545
2008.183	62.4754728828192
2008.954	62.4754728828192
2008.861	62.5539596577977
2008.5	62.6324464327761
2008.858	62.5539596577977
2008.536	62.7894199827329
2008.746	62.7109332077545
2008.746	62.7109332077545
2008.678	62.5539596577977
2008.648	62.5539596577977
2008.522	62.5539596577977
2008.055	62.4754728828192
2007.211	62.240012557884
2007.058	62.5539596577977
2006.504	62.3184993328624
2006.392	63.5742877325171
2006	63.181853857625
2004	64.0452083823876
2006	64.0452083823876
2006	64.0452083823876
2005.573	63.7312612824739
2005.605	63.181853857625
2006.334	63.8882348324307
2005.989	63.4173141825602
2006.816	63.746271000157
2006	63.5593220338983
2007.011	63.9667216074092
2006.759	64.2021819323444
2006.545	63.8882348324307
2006.57	64.2021819323444
2006.564	63.9667216074092
2006.584	64.2021819323444
2006.447	64.123695157366
2006.384	63.8882348324307
2006.463	63.8882348324307
2006.033	63.5742877325171
2007.101	64.2021819323444
2007.126	64.123695157366
2008.716	63.8882348324307
2006.008	63.9667216074092
2006	63.8882348324307
2006	64.3591554823012
2006.121	64.123695157366
2006.493	63.9667216074092
2004.809	63.9667216074092
2001	63.5742877325171
2004.697	63.9667216074092
2005.929	63.8097480574523
2005.912	63.6527745074955
2006.921	63.3388274075818
2006.225	63.4173141825602
2006.244	63.4173141825602
2007.789	62.3969861078408
2007.767	62.3969861078408
2007.104	63.1033670826466
2007.047	63.181853857625
2007.137	63.4173141825602
2007.14	63.4958009575386
2007.162	63.7312612824739
2007.162	63.0248803076682
2008.096	63.2603406326034
2007.863	63.181853857625
2007	63.1033670826466
2007	63.1033670826466
2007	63.1033670826466
2007	62.9463935326897
2007	63.0248803076682
2007	63.0248803076682
2007	63.0248803076682
2007	62.9463935326897
2007	63.0248803076682
2007	63.0248803076682
2007	63.0248803076682
2007	63.0248803076682
2007	63.0248803076682
2007	63.0248803076682
2007	63.0248803076682
2007	63.0248803076682
2007	63.0248803076682
2007	63.0248803076682
2007	63.0248803076682
2007	63.0248803076682
2007	63.1033670826466
2007	62.9463935326897
2007	63.0248803076682
2007	63.0248803076682
2007	63.0248803076682
2007	63.0248803076682
2007	63.0248803076682
2007	63.0248803076682
2007	63.0248803076682
2007	63.0248803076682
2007	62.9463935326897
2008.79	63.4173141825602
2007.658	62.9463935326897
2008.138	63.181853857625
2007.959	63.3380659410002
2007	63.0248803076682
2007	63.0248803076682
2007	63.0248803076682
2008.005	63.2265158655357
2008.116	62.7109332077545
2008.092	62.7894199827329
2008.169	62.7109332077545
2008.094	62.7109332077545
2008.137	62.6324464327761
2008.085	62.9463935326897
2008.074	62.9463935326897
2007.925	62.8679067577113
2007	62.8679067577113
2007.718	62.8679067577113
2008.022	62.7070515854236
2008.003	62.8648051743177
2008.074	63.1033670826466
2007.51	63.2309057182031
2008.066	62.7700526357137
2008.131	62.9463935326897
2007.748	63.4958009575386
2007.929	63.2603406326034
2007.923	63.2603406326034
2007.795	63.2603406326034
2007.997	63.181853857625
2008.026	63.2265158655357
2008.027	62.9436819687648
2008.563	63.4958009575386
2008.486	63.4173141825602
2008.437	63.4173141825602
2008.434	63.4173141825602
2008.443	63.4471927758147
2008.499	63.3686690223793
2008.434	63.4173141825602
2007	63.181853857625
2007	63.181853857625
2007	62.8679067577113
2007.806	62.7859283798706
2007.638	62.7109332077545
2007.827	62.9463935326897
2009.023	62.8679067577113
2009.163	62.9463935326897
