1918	1.06387297978243
1933.025	1.0840025088
1933.414	1.08339600810544
1932	1.0866020352
1932	1.09154304
1933	1.09233986984969
1933	1.09173718649522
1935	1.0862214562829
1945	1.09088924537557
1948	1.07491165048152
1943	1.07756338743047
1943	1.0720242207201
1947	1.09347695444561
1947	1.09495260900783
1954	1.10390697867898
1954	1.10461952148998
1954	1.10533275441506
1951	1.10225147470752
1951	1.101096182232
1951	1.10170312643174
1951	1.10190228660248
1951	1.09776378271387
1957	1.12461218481495
1957	1.12461218481495
1957	1.12452417113142
1953	1.13704521921233
1954	1.11250723275492
1950	1.10716824735087
1950	1.10716824735087
1946	1.08445571663851
1939	1.08244634678732
1940	1.08244634678732
1946	1.08848249706985
1948	1.07211790125519
1942	1.07810020030402
1942	1.0756035585375
1934	1.0871133021762
1935	1.0871133021762
1946	1.09349814737315
1946	1.0916043188592
1935	1.08324341979713
1936	1.0946251776
1934	1.08292925011114
1934	1.08068424174549
1934	1.08177222989051
1934	1.08177222989051
1993	1.11355538164733
1995.578	1.096545160404
1996	1.10330273410818
1991	1.10364536091435
1986	1.09872417828951
1987	1.09295964143451
1986	1.09836822069065
1987	1.09729121570535
1987	1.09672032205034
1986	1.09484905761694
1986	1.09413335307151
1989.003	1.104832820071
1987	1.09729121570535
1986	1.09121274643851
1986	1.09043599988586
1980	1.09414187837224
1980	1.0954893437397
1981	1.09509945569916
1983	1.10572850172938
1983	1.1096849231208
1983	1.1097787892815
1982	1.11310498839065
1982	1.10762882912741
1983	1.11185192326836
1980	1.09823388152719
1978	1.09431092346612
1978	1.09965554336095
1978	1.09823388152719
1978	1.09885764934828
1977	1.10010208061177
1978	1.10170442963067
1977	1.09868213615745
1978	1.09948038183791
1978	1.09806078175114
1978	1.09806078175114
1978	1.10134238346049
1978	1.09885764934828
1977	1.09877023789917
1977	1.09877023789917
1977	1.09877023789917
1977	1.09806078175114
1978	1.0993917645169
1977	1.09638391294905
1951	1.09383691725497
1949	1.09620427408807
1949	1.09426663959222
1948	1.10148718625235
1950	1.09734099174809
1983	1.09706730986045
1983	1.09999749225528
1983	1.09889819239788
1983	1.09492773492372
1983	1.09492773492372
1983	1.09492773492372
1983	1.09492773492372
1983	1.09492773492372
1983	1.09564023058401
1983	1.09635342192759
1983	1.09564023058401
1983	1.09436184177201
1983	1.09699120497437
1983	1.09706730986045
1983	1.09691437037769
1983	1.09754985105751
1983	1.0980054974656
1983	1.09556515220995
1983	1.09564023058401
1983	1.09564023058401
1983	1.09564023058401
1983	1.09564023058401
1983	1.09627783077442
1983	1.09770527571542
1983	1.09500156813977
1983	1.09500156813977
1983	1.09293828180329
1983	1.09635342192759
1983	1.09635342192759
1983	1.09635342192759
1983	1.09564023058401
1983	1.09706730986045
1983	1.09564023058401
1983	1.09635342192759
1983	1.09564023058401
1983	1.09770527571542
1983	1.09307919057228
1983	1.09500156813977
1983	1.09635342192759
1983	1.09635342192759
1983	1.09550495748946
1983	1.09564023058401
1983	1.09714268198705
1983	1.0930091077278
1983	1.1061785360516
1982	1.09881764228671
1984	1.10377254246362
1984	1.10546058796987
1989.005	1.10842869343079
1991.551	1.10517073170732
1996	1.10090310111869
1995	1.10561561814809
1995.964	1.09906469990412
1995.942	1.10292882442233
1996	1.10508053028281
1996.019	1.10428123210218
1996	1.10149784328927
1996.003	1.1030174526635
1995.953	1.10238849488626
1995.929	1.10149784328927
1995.874	1.10140955956941
1995.907	1.09800747677959
1996	1.10471277079191
1996	1.10212418051384
1996	1.10489803541952
1996	1.1009568216673
1995.948	1.09944261316466
1995.871	1.09944261316466
1995.332	1.10542930248755
1996.003	1.10839802560332
1995.934	1.10480574786302
1995.945	1.10480574786302
1995.962	1.10570773913341
1995.918	1.10777256567936
1995.986	1.10777256567936
1995.989	1.10607346374422
1996.104	1.10849295100624
1995.953	1.10238849488626
1995	1.10382296252231
1996	1.09755523697082
1996	1.09755523697082
1996	1.09906469990412
1995.923	1.09755523697082
1996	1.10032716619359
1996	1.1017584859333
1995.975	1.1030174526635
1995	1.09826828242025
1995.986	1.1117109786555
1995.942	1.10858718515185
1995.912	1.10292882442233
1995.951	1.11056180844735
1998	1.10137798379214
2000	1.10292882442233
2000	1.10283949717878
2000	1.10489803541952
2000	1.10489803541952
2000	1.10149784328927
2000	1.1040893881815
2000	1.10489803541952
2000	1.10489803541952
2000	1.10221298551571
2000	1.10283949717878
2000	1.10283949717878
2000.279	1.10489803541952
2001.022	1.10535535081801
2000	1.1063339001614
2000	1.10436259589845
2000	1.1017584859333
2000	1.1030174526635
2000	1.10588989273056
2000	1.10526023185256
1992	1.10264646288782
2001.022	1.11314210418929
2001.584	1.11132338405389
2001.518	1.11450457922502
2001.353	1.11586705426075
2001.058	1.11450457922502
2002.926	1.1137760258343
2003.937	1.11440888119954
2003.937	1.11440888119954
2003.811	1.11440888119954
2003.723	1.11513761021796
2003.696	1.11513761021796
2003.515	1.11440888119954
2003.068	1.11440888119954
2003.973	1.11440888119954
2003.964	1.11513761021796
2003.923	1.11513761021796
2003.819	1.11440888119954
2003.789	1.11513761021796
2003.773	1.11440888119954
2003.715	1.11440888119954
2003	1.11440888119954
2003	1.11513761021796
2003	1.11440888119954
2003	1.11440888119954
2001	1.10786362823467
2002.97	1.11846224133298
2003.153	1.11108565074971
2001	1.11649919460162
2000	1.13038208340195
2000.112	1.13073721645521
2000	1.13011503843823
2000.68	1.1277266812355
2000.587	1.1277266812355
2000.828	1.13034605607507
2000.623	1.12972037059195
2000.68	1.12972037059195
2000.669	1.13034605607507
2000.639	1.12824216287245
2000.642	1.12972037059195
2000.68	1.1277266812355
2000.653	1.12867390062159
2000.626	1.12972037059195
2000.62	1.12898090383343
2000.56	1.12824216287245
2000.678	1.12846581061513
2000.549	1.1317112083167
2000.631	1.12945436626641
2000.713	1.12972037059195
2000.806	1.13307636055834
2000.56	1.1290936226673
2000.467	1.12960642183602
2000.648	1.1304605640991
2000.699	1.13034605607507
2000.705	1.12835432419462
2000.735	1.12972037059195
2000.464	1.12937652185057
2000.563	1.12761575159179
2000.721	1.13245246338661
2000.779	1.13034605607507
2000.76	1.13093513223823
2000.839	1.1318275055309
2000.855	1.13034605607507
2000.68	1.12625059935016
2000.735	1.1304605640991
2000.658	1.1290936226673
2000.639	1.12529443803665
2000.658	1.1290936226673
2000.658	1.13097068079959
2000.568	1.12835432419462
2000.464	1.12875345405457
2000	1.12960642183602
2000.743	1.13097068079959
2000.508	1.12875345405457
2000.719	1.13023087988346
2000.661	1.12761575159179
2000.664	1.12812932958229
2000.544	1.12750414675949
2000.675	1.12477741363553
2000.675	1.12886751332147
2000.541	1.12750414675949
2000.716	1.12761575159179
2000.623	1.12761575159179
2000.751	1.12761575159179
2000.642	1.13028743906346
2000.683	1.13167660747302
2001	1.13218581576161
2001.463	1.12625059935016
1999.997	1.12341404707355
2000	1.11896644219325
2000	1.12088945865407
2001	1.12665513264129
2000	1.1350634576903
2001.019	1.13159424644544
2001.019	1.13307636055834
2001.019	1.13076150364201
1999	1.12790165877333
1999	1.12382490578981
1999	1.12319950615392
1999	1.12790165877333
1999	1.11105285706698
1998.071	1.11742595301598
1998	1.11440888119954
1997.997	1.1167911497811
1997.041	1.1137760258343
1997.041	1.11513761021796
1997	1.10496725397493
1995	1.11005147039112
1996	1.11610017297634
1996	1.10815288347254
1996	1.10878680831555
1996	1.10878680831555
1996	1.10878680831555
1996	1.10878680831555
1996	1.10941967006326
1996	1.10815288347254
1996	1.10878680831555
1996	1.10742966411933
1996	1.10815288347254
1996	1.10815288347254
1996	1.10824164348117
1997	1.11314210418929
1997.86	1.12246598812864
1997.822	1.1197481528063
1997.923	1.11828681768912
2000.68	1.12625059935016
2000.617	1.12540437951084
2000	1.12846581061513
2001.019	1.12573013592273
2000.962	1.12441168012989
2001.038	1.12467649682328
2001.077	1.12383491202671
2001.101	1.12393839906017
2001.063	1.12441061868996
2001.09	1.1254153218957
2001.06	1.12404118841353
2001	1.12531072921775
2001.156	1.12069696175722
2001.592	1.12700016360858
2001.425	1.12296577529302
2001.077	1.12278944143273
2001.074	1.12572894662107
2001.066	1.12572894662107
2001.058	1.12551921743
2001.06	1.12488248025344
2000	1.12404118841353
2000	1.12652414116657
2000.964	1.12488248025344
2001.06	1.12742295957498
2001.066	1.12657411621909
2001.466	1.12594388730444
2001.54	1.12467649682328
2001.479	1.12477983875563
2001.54	1.1254153218957
2001.622	1.12604972819913
2001.523	1.12477983875563
2001.499	1.1254153218957
2001.479	1.12477983875563
2001.537	1.12952600905202
2001.419	1.1254153218957
2001.556	1.12604972819913
2001.542	1.12446772373018
2001.43	1.12636307565789
2001.542	1.12477983875563
2001.545	1.1241432770664
2001.523	1.12477983875563
2001.622	1.12562241279733
2001.537	1.12393839906017
2001.605	1.12256606890258
2001.427	1.1250457631878
2001.523	1.12657597278775
2001.537	1.12604972819913
2001.592	1.13091185582437
2001.529	1.1254153218957
2001.512	1.12604972819913
2001.521	1.1254153218957
2001.499	1.12742295957498
2001.499	1.12668305937533
2001.504	1.12615248105681
2001.521	1.12805538953292
2001.293	1.12457245747825
2001.405	1.12604972819913
2001.389	1.12393839906017
2001.375	1.1254153218957
2001.499	1.12383491202671
2001.488	1.12531072921775
2001.679	1.12446772373018
2001.54	1.12657597278775
2001.46	1.12604972819913
2001.471	1.12531072921775
2001.425	1.12583735554958
2001.488	1.12742295957498
2001.43	1.1254153218957
2001.616	1.12816358886004
2001.521	1.12477983875563
2001.575	1.12467649682328
2001.414	1.12652414116657
2001.523	1.12805538953292
2001.49	1.13016942232669
2001.504	1.12678945537787
2001.433	1.12467649682328
2001.638	1.12699893459225
2001.501	1.12890494818872
2001.468	1.12193003407157
2002.074	1.12256606890258
2002.005	1.12393839906017
2002.011	1.12457245747825
2002	1.12879619095084
2001.556	1.12256606890258
2001.501	1.12457245747825
2001.616	1.12404118841353
2001.507	1.12604972819913
2001.54	1.12604972819913
2001	1.12668305937533
2001.405	1.12393839906017
2001.54	1.12531072921775
2001.504	1.12467649682328
2001.479	1.12340480227794
2001	1.12794650316827
2001.567	1.12678945537787
2001.548	1.12720698736899
2001.542	1.12794650316827
2001.57	1.12583735554958
2001.518	1.12742295957498
2001.507	1.12657597278775
2001.507	1.12720698736899
2001.545	1.12678444106888
2001.488	1.12330326544742
2001.115	1.12551921743
2001.049	1.12519856784763
2001.063	1.12720698736899
2001.058	1.12604972819913
2001.068	1.12604972819913
2001.159	1.12641777021607
2001.14	1.12531072921775
2001.14	1.1254153218957
2002	1.12434534012754
2000	1.12236199617966
2001	1.1254153218957
2001.03	1.12414938598174
2001.025	1.12293655837312
2001.025	1.12309809191078
2000	1.1290936226673
2001	1.13245246338661
2000.68	1.1263597398037
2000	1.12937652185057
2000	1.13085427965375
2002	1.11972332088515
2003.06	1.11720852185122
2003.159	1.11532938141706
2003.173	1.11532938141706
2003.052	1.11615527449933
2002.984	1.1196245278963
2003.036	1.11789480934541
2003.038	1.11287066898254
2003.055	1.11205176246073
2003.058	1.11132338405389
2003.074	1.11532938141706
2003	1.11805968590034
2003.227	1.12062804848807
2003	1.1167911497811
2003.071	1.11214103735555
2003.115	1.10940177371674
2003.216	1.1130766011532
2003.036	1.11461779091642
2003.151	1.11205176246073
2003	1.11068392511453
2005	1.11688705961293
2005.603	1.11177962915357
2005.715	1.11598710024187
2005.718	1.11653883185768
2005.699	1.11722952929647
2005.679	1.1137760258343
2005.685	1.11653883185768
2005	1.11459957323675
2005.682	1.11532938141706
2005.759	1.11586705426075
2005	1.11504067196878
2005.496	1.11123392469215
2006.271	1.12030193189816
2005	1.1140572669175
2007.142	1.10738854746046
2007.118	1.11214103735555
2007.137	1.1101296082215
2007.06	1.11094418306475
2007.06	1.11085815921632
2007.077	1.11085815921632
2007.123	1.11205176246073
2007.134	1.11652961988945
2007.082	1.11068392511453
2007.123	1.11021509748434
2007.099	1.11566723509453
2007.099	1.11478743715313
2007.153	1.1149724486949
2007.115	1.11771530834728
2007.121	1.11506387719231
2007.178	1.11615527449933
2007.173	1.11835279050463
2007.096	1.11295975779951
2007.047	1.11287066898254
2007.184	1.11634387852109
2007.099	1.11624993281376
2007.145	1.12025878653793
2007.079	1.11825579375461
2006.989	1.11742595301598
2007.077	1.11624993281376
2007.178	1.11898919645257
2007.181	1.11825579375461
2007.096	1.11898919645257
2007.099	1.11898919645257
2007.156	1.11825579375461
2007.153	1.11825579375461
2007.178	1.12035882827197
2007.079	1.11004338890452
2007.137	1.10943086266154
2007.107	1.11424119936307
2007.153	1.11278085718788
2007.142	1.11278085718788
2007.118	1.1154242083493
2007.118	1.11634387852109
2007.079	1.11889094919173
2007.077	1.11898919645257
2007.077	1.11844907842984
2007.066	1.11972332088515
2007.077	1.12172846009137
2007.104	1.11835279050463
2007.082	1.11835279050463
2007.085	1.11771530834728
2007.079	1.11761956463316
2007.085	1.11771530834728
2007.153	1.11561172974359
2007.145	1.11424119936307
2007.175	1.11835279050463
2007.03	1.11351066917495
2007.153	1.12001545597558
2007.134	1.11771530834728
2007.162	1.11707674827225
2007.079	1.11844907842984
2007.121	1.11290395593243
2007.178	1.11863951561197
2007.118	1.11898919645257
2007.077	1.11643710856816
2006.962	1.11761956463316
2007.134	1.11038387343033
2007.115	1.11167398707402
2007.104	1.10819772031305
2007.14	1.10892572010968
2007.068	1.11038387343033
2007.077	1.11158742764192
2007.115	1.10755158662752
2007.079	1.11094418306475
2007.181	1.10900793306673
2007.041	1.11144482505239
2007.099	1.11330882145144
2007.088	1.11330882145144
2007.079	1.11395515927978
2007.082	1.11330882145144
2007.145	1.11339424889105
2007.118	1.11671247403047
2007.066	1.11013971028467
2007.118	1.1141278309821
2007.077	1.10990044470718
2007.041	1.10990044470718
2007.041	1.10990044470718
2007.153	1.11136324579356
2007.115	1.11094418306475
2007.159	1.11460040630727
2007.085	1.11369064581646
2007.173	1.11249087398382
2007.107	1.11167398707402
2007.077	1.1123174144406
2007.14	1.11313575415755
2007.115	1.11222958904251
2007.011	1.11369064581646
2007.008	1.11175981379394
2007.058	1.11606795112046
2007.134	1.11240451045636
2007.195	1.11524456426596
2007.134	1.11240451045636
2007.175	1.11257650190443
2007.101	1.11313575415755
2007.14	1.11308090415965
2007.088	1.11119784452909
2006.989	1.11192925661692
2007.159	1.11076787061771
2007.137	1.11111402884275
2007.153	1.11803676262552
2007.068	1.11451169452115
2007.085	1.11395515927978
2007.082	1.11451169452115
2007.079	1.11322265549601
2007.115	1.10844052977839
2007.088	1.11606795112046
2007.126	1.11322265549601
2007.118	1.11119784452909
2007.068	1.11330882145144
2007.175	1.11477563133384
2007.137	1.11330882145144
2007.14	1.11322265549601
2007.145	1.11421305624804
2007.14	1.11102947397867
2007.14	1.11744751595497
2007.137	1.11882708078949
2007.153	1.11809113140582
2007.137	1.11882708078949
2007.118	1.11809113140582
2007.137	1.11111402884275
2007.126	1.11119784452909
2007.058	1.10763199270312
2007.162	1.11542233746692
2007.115	1.11257650190443
2007.126	1.1179982545481
2007.118	1.11249087398382
2007.107	1.11257650190443
2007.077	1.11395515927978
2007.137	1.11128091789711
2007.118	1.11148919662653
2007.137	1.11201286644826
2007.121	1.11201286644826
2007.195	1.11282894065022
2007.115	1.11330882145144
2007.173	1.11524456426596
2007.06	1.11454596606648
2007.101	1.11606795112046
2007.123	1.11533381665512
2007.099	1.11460040630727
2007.118	1.11671247403047
2007.14	1.11606795112046
2007.101	1.11533381665512
2007.156	1.11753839621943
2007.099	1.11542233746692
2007.085	1.11192925661692
2007.096	1.11433796213343
2007.068	1.11266139108705
2007.164	1.11184490468475
2007.041	1.10844052977839
2007.153	1.11524456426596
2007.079	1.11330882145144
2007.192	1.11579638752053
2007.03	1.11330882145144
2007.041	1.11486213831494
2007.047	1.11624534196049
2007.058	1.11404186427698
2007.178	1.11468838628595
2007.088	1.11184490468475
2007.066	1.11071252737828
2007.134	1.11128091789711
2007.115	1.11201286644826
2007.079	1.11071252737828
2007.077	1.11038387343033
2007.079	1.11386771912489
2007.126	1.11404186427698
2007.079	1.11322265549601
2007.159	1.11054969178241
2007.134	1.11192925661692
2007.195	1.1152795819532
2007.096	1.11460040630727
2007.173	1.11460040630727
2007.063	1.11322265549601
2007.038	1.11395515927978
2007.096	1.11322265549601
2007.06	1.11451169452115
2006.962	1.11192925661692
2007.077	1.11395515927978
2007.173	1.10932932373273
2007.063	1.11322265549601
2007.06	1.11322265549601
2007.03	1.11128091789711
2006.929	1.11201286644826
2007.107	1.11322265549601
2007.104	1.11257650190443
2007.099	1.11466835301494
2007.063	1.11395515927978
2007.142	1.10908940306224
2007.079	1.11551012357637
2007.142	1.11322265549601
2007.162	1.11680281065685
2007.082	1.11192925661692
2007.115	1.11201286644826
2007.192	1.11468838628595
2007.162	1.11615701377664
2007.058	1.11128091789711
2007.077	1.11266139108705
2007.159	1.11395515927978
2007.096	1.11054969178241
2007.118	1.11486213831494
2007.066	1.11111402884275
2007.115	1.11339424889105
2007.175	1.11624534196049
2007.121	1.11325492629892
2007.178	1.11533381665512
2007.121	1.11404186427698
2007.06	1.11454596606648
2007.134	1.11249087398382
2007.115	1.11249087398382
2007.115	1.11249087398382
2007.115	1.11542233746692
2007.027	1.11460040630727
2007.137	1.11606795112046
2007.156	1.11533381665512
2007.115	1.1179982545481
2007.173	1.11313575415755
2007.181	1.11597815711852
2007.082	1.11167398707402
2007.118	1.11240451045636
2007.063	1.1123174144406
2007.079	1.11102947397867
2007.126	1.11240451045636
2007.126	1.11240451045636
2007.014	1.11038387343033
2007.156	1.1126115555448
2007.173	1.11167398707402
2007.096	1.11240451045636
2007.068	1.11175981379394
2007.162	1.11102947397867
2007.099	1.11240451045636
2007.14	1.11249087398382
2007.066	1.1095709516889
2007.079	1.11102947397867
2007.115	1.11240451045636
2007.063	1.11240451045636
2007.099	1.11433208795709
2007.099	1.11506387719231
2007.123	1.11424119936307
2007.104	1.11506387719231
2007.096	1.11433208795709
2007.096	1.11102947397867
2007.2	1.11524456426596
2007.068	1.11240451045636
2007.058	1.11094418306475
2007.181	1.11240451045636
2007.058	1.11240451045636
2007.195	1.1123174144406
2007.156	1.11167398707402
2007.126	1.11369064581646
2007.192	1.11021509748434
2007.164	1.1095709516889
2007.192	1.1095709516889
2007.173	1.1095709516889
2007.192	1.10892572010968
2007.164	1.1095709516889
2007.189	1.11102947397867
2007.156	1.10973718370168
2007.079	1.10965443750097
2006.274	1.12084844615651
2007.085	1.11991878796703
2007.058	1.11274553838783
2007.153	1.11680281065685
2007.107	1.11421305624804
2007.101	1.11347893466938
2007.096	1.11356287562823
2007.096	1.11442285208894
2007.096	1.1149479040805
2007.104	1.1149479040805
2007.101	1.11771796098505
2006.967	1.11698128744369
2007.173	1.11762854560604
2007.156	1.1201114095523
2007.077	1.11809113140582
2007.077	1.11863951561197
2007.077	1.1201114095523
2007.099	1.11873365874104
2007.142	1.11873365874104
2007.153	1.11873365874104
2007.049	1.11873365874104
2007.077	1.11735590792978
2007.137	1.11809113140582
2007.173	1.12094423022665
2007.134	1.12094423022665
2007.173	1.120206645624
2007.123	1.12039495289714
2007.068	1.11735590792978
2007.068	1.11753839621943
2007.123	1.12084844615651
2007.121	1.11927969284485
2007.068	1.11937509968916
2007.101	1.11863951561197
2007.099	1.11950980167876
2007.058	1.11671247403047
2007.123	1.11873365874104
2007.096	1.11735590792978
2007.068	1.11249087398382
2007.121	1.11184490468475
2007.115	1.12889584885476
2007.162	1.12920566688807
2007.027	1.12698827779729
2007.162	1.12857661918839
2007.153	1.12709797326893
2007.173	1.12783693274639
2007.178	1.12920566688807
2003.729	1.11570441811467
2005.266	1.10940177371674
2005.449	1.11332781382399
2006.2	1.12055680269572
2006.321	1.12172846009137
2006.271	1.12276733670279
2006	1.11898919645257
2005	1.11406970696157
2005.033	1.1123174144406
2005.055	1.11295975779951
2003.688	1.11424119936307
2003.589	1.11424119936307
2005	1.11790465636715
2004	1.12293655837312
2005.6	1.12286691117481
2005.69	1.12482073676377
2005.663	1.12276733670279
2005.611	1.12424466198607
2003.03	1.11433208795709
2003.17	1.12046779449928
2008.027	1.1061092049799
2008.008	1.10594910069965
2008.481	1.11209573102383
2008.44	1.11339424889105
2008.437	1.11201286644826
2008.437	1.11201286644826
2007	1.1068575748557
2008.469	1.11144482505239
2008.478	1.11013971028467
2007.995	1.1051061356958
2008.122	1.1056832150277
2008.434	1.1059083626611
2007.981	1.11468838628595
2008.036	1.10648733667709
2007.962	1.10713949832731
2007.945	1.10365186760985
2007.849	1.10575902513738
2008.016	1.11114381094472
2008.123	1.11063148400546
2008.484	1.1091701269479
2008.497	1.10981918715374
2008.12	1.10925010156267
2008.077	1.10488011197591
2008.074	1.10633390143972
2008.94	1.11054969178241
2008.123	1.10517971279607
2008.108	1.10575902513738
2008.623	1.11038387343033
2008.88	1.11111402884275
2008.847	1.10844052977839
2008.861	1.11170503159579
2008.842	1.11184490468475
2008.833	1.11184490468475
2008.776	1.11308090415965
2008.776	1.11111402884275
2008.814	1.10965443750097
2008.828	1.11111402884275
2008.839	1.11257650190443
2008.6	1.1042298031374
2008.063	1.10314013146545
2008.016	1.10919679684082
2007.868	1.10844052977839
2008.055	1.10082289819469
2008.333	1.1042298031374
2008.041	1.1035041716123
2008.896	1.10560664827847
2008.915	1.11184490468475
2008.825	1.10827940102328
2009.033	1.10415429159019
2007.948	1.10691912856967
2008.038	1.1061092049799
2008.117	1.10655818057053
2007.997	1.10561234888327
2008.041	1.10675946050059
2008.137	1.10836033856061
2009.023	1.10262958025916
2009.088	1.10285295799634
2008.112	1.10836033856061
2008.921	1.10299807875751
2008.858	1.10510595423429
2008.801	1.10706187240305
2008.148	1.10552932806788
2008.533	1.10763199270312
2008.16	1.10690436454558
2008.342	1.10819772031305
2008.036	1.10911648610061
2007.863	1.10887102571643
2008.71	1.11222958904251
2008.022	1.10827940102328
2007	1.11249087398382
2008.437	1.10698349341954
2008.444	1.10698349341954
2008.984	1.10699782801721
2008.137	1.10827940102328
2007	1.10361606947064
2008.085	1.10560664827847
2008.538	1.1095709516889
2008.828	1.1091701269479
2008.839	1.10625605233951
2008.885	1.10771165225098
2008.866	1.10771165225098
2008.899	1.10641099727888
2008.885	1.10698349341954
2008.883	1.10625605233951
2008.861	1.10625605233951
2008.85	1.10625605233951
2008	1.10690436454558
2008.844	1.10698349341954
2008.56	1.10682448893719
2008.563	1.10609810701159
2008.555	1.10836033856061
2008.022	1.10887102571643
2008.71	1.10827940102328
2007.992	1.1087877068525
2008	1.11070777374767
2009.016	1.10299807875751
2008.989	1.1089357036573
2008.984	1.11039099969978
2009.14	1.09956562886748
2009	1.11103294813222
2009.233	1.10072136511169
2007	1.10270479480964
2009.118	1.11287066898254
2009.134	1.11222958904251
2009.323	1.1126903254857
2009.162	1.1114121230462
2009.121	1.1114121230462
2009.323	1.11196176742666
2009.323	1.1101296082215
2009.023	1.11341959980693
2007	1.1095709516889
2007	1.10763199270312
2007	1.10625605233951
2009.052	1.10224058937062
2009.036	1.1089357036573
2008.489	1.10689830264714
2009.085	1.1060944554672
2008.634	1.10828365721867
2009.414	1.10781237108399
2008.959	1.10480331966318
2008.191	1.10682448893719
2009.129	1.10205505269884
2009.014	1.10147611285527
2009.321	1.10859866060502
2009.326	1.10859866060502
2009	1.10900793306673
2009.325	1.10247865418545
2009.707	1.10624229850809
2009.321	1.10658041307593
2009.323	1.10585561832669
2009.323	1.10585561832669
2009.319	1.10633390143972
2009.319	1.10682448893719
2009.315	1.1095709516889
2009.318	1.10690436454558
2009.326	1.10747043716918
2009.323	1.11102947397867
2009.323	1.11102947397867
2009.323	1.11029985359185
2009.318	1.10900793306673
2009	1.10803214189734
2009.323	1.10900793306673
2008.934	1.10965443750097
2008.934	1.10641099727888
2009.325	1.10706187240305
2009.348	1.11038387343033
2009.348	1.11038387343033
2009.353	1.11175981379394
2009.332	1.11038387343033
2009.323	1.11111402884275
2009.318	1.11038387343033
2009.322	1.10900793306673
2009.329	1.10827940102328
2009.326	1.10900793306673
2009.323	1.10836033856061
2009.373	1.10973718370168
2009.205	1.10227230277534
2009	1.10659439917964
2009.162	1.10999848277955
2009.312	1.10930295665781
2009.162	1.10339987719926
2009.625	1.10548096274238
2009.575	1.09923645622368
2008	1.10341156451957
2009.315	1.11021509748434
2009.322	1.11377954693406
2009.323	1.11386771912489
2009.323	1.11377954693406
2009.162	1.10448980544565
2009	1.11395515927978
2007	1.11102947397867
2008.937	1.09839217516803
2007	1.10552932806788
2008.672	1.101082098312
2009.112	1.11395515927978
2009.086	1.11111402884275
2009.462	1.10940779027141
2009.473	1.11217784717595
2009.323	1.10900793306673
2009.186	1.10648733667709
2008.842	1.10750097102007
2009.537	1.11400117989944
2009.43	1.11717052100269
2009.163	1.11038387343033
2009.041	1.11253974455297
2009.808	1.12313889676241
2009.67	1.11533381665512
2009.538	1.11588763488476
2008.975	1.10086740912987
2009.153	1.10020718919894
2009.323	1.11225921172409
2009.007	1.11006070945457
2009.527	1.11291159470485
2009.077	1.10698349341954
2008.844	1.10707576678916
2009.5	1.10836033856061
2009.499	1.1059083626611
2009.522	1.10859866060502
2009.456	1.11249087398382
2009.573	1.11570441811467
2008.877	1.10786871911988
2008.861	1.11266139108705
2008.992	1.11192925661692
2009.041	1.11184490468475
2009.329	1.11524456426596
2009.323	1.11322265549601
2009.323	1.11524456426596
2009.318	1.11533381665512
2009.318	1.11404186427698
2009.337	1.11404186427698
2009.326	1.11404186427698
2009.323	1.11404186427698
2009.321	1.11404186427698
2009.323	1.11377954693406
2009	1.11588763488476
2008.943	1.11175981379394
2009.318	1.11597815711852
2009.34	1.11597815711852
2009.326	1.11671247403047
2009.323	1.11671247403047
2009.326	1.11744751595497
2009.049	1.11209573102383
2008.997	1.10925010156267
2009.033	1.10703247459993
2009.085	1.11008050554017
2008.713	1.10981918715374
2009.162	1.11054969178241
2009.126	1.11395515927978
2008.79	1.10771165225098
2009.068	1.11119784452909
2009.326	1.10981918715374
2009.036	1.10510595423429
2009.118	1.11175981379394
2009.326	1.11184490468475
2009.132	1.10779056211339
2009.352	1.11111402884275
2009.319	1.11227470135912
2009.345	1.11249087398382
2009.332	1.11322265549601
2009.323	1.11322265549601
2009.321	1.11257650190443
2009.318	1.11322265549601
2009.314	1.10981918715374
2009	1.11430417693634
2008.117	1.10633390143972
2009.086	1.09819904202033
2009.025	1.10285295799634
2009.011	1.09806739657218
2009.323	1.10285295799634
2009.323	1.10220064900595
2009.121	1.10285295799634
2009.318	1.09930678573451
2009.315	1.09930678573451
2009.321	1.0978641260661
2009.326	1.09793265225234
2009.326	1.09793265225234
2009.319	1.09923645622368
2009.319	1.10068091921668
2009.326	1.10068091921668
2009.329	1.1021282312487
2009.323	1.095184385288
2009.323	1.10068091921668
2009.323	1.10068091921668
2009.321	1.1021282312487
2009.318	1.1021282312487
2009.118	1.10068091921668
2009.167	1.10220064900595
2009.099	1.09806739657218
2009.052	1.10147611285527
2009.318	1.09524852943066
2009.323	1.0978641260661
2009.326	1.095184385288
2009.323	1.10480331966318
2009	1.10086793608373
2009	1.10028819538577
2009.162	1.1001457002914
2009.247	1.09694787266127
2009.163	1.10349065495998
2009.163	1.1021282312487
2009.086	1.10082289819469
2009.163	1.10082289819469
2009.137	1.09721186930623
2009.137	1.09721186930623
2009.163	1.10075229088509
2009.137	1.09721186930623
2009.438	1.10109761955776
2009.085	1.10797247439655
2009.148	1.10510595423429
2009.319	1.0981336082718
2009.548	1.09958042446312
2009.326	1.1032099992342
2009.326	1.1011643567443
2009.321	1.1011643567443
2009.323	1.10248264801004
2009.318	1.10043811481402
2009.321	1.09911577296344
2009.318	1.10103010185942
2008.653	1.10220064900595
2008.657	1.10357839981721
2008.802	1.10495615062847
2008.762	1.1035041716123
2008.6	1.10415429159019
2009.153	1.09734557743206
2009.11	1.09872242257313
2009.167	1.10075229088509
2009.145	1.09951317310631
2009.399	1.10175321998618
2009.137	1.10016858552632
2009.112	1.10220064900595
2009.156	1.1000291821571
2009.156	1.09806739657218
2009.151	1.09747618599777
2009.137	1.10075229088509
2009.112	1.0988566591877
2009.107	1.1000992677142
2009.104	1.10082289819469
2009.036	1.10016858552632
2009.142	1.10154724290166
2009.137	1.10292590027701
2009.074	1.09937635052148
2009.115	1.1000992677142
2009.363	1.09880370177101
2009.118	1.09872242257313
2009.216	1.1021282312487
2009.195	1.10234318934871
2009.186	1.10227230277534
2009.184	1.10227230277534
2009.162	1.1021282312487
2009.159	1.09806739657218
2009.323	1.09819904202033
2009.323	1.09819904202033
2009.082	1.10277925511249
2009.077	1.1000992677142
2009.077	1.1000992677142
2009.326	1.09958042446312
2009.167	1.09937635052148
2009.132	1.09872242257313
2009.14	1.09675404343729
2009.118	1.0981336082718
2009.159	1.09951317310631
2009.159	1.0988566591877
2009.167	1.10023713237764
2009.225	1.09596873229099
2009.162	1.0981336082718
2009.134	1.10154724290166
2009.184	1.10154724290166
2009.137	1.10220064900595
2009.145	1.09747618599777
2009.107	1.10016858552632
2009.195	1.09681765957754
2009.148	1.10016858552632
2009.142	1.09681765957754
2009.11	1.09872242257313
2009.162	1.10096180690591
2009.112	1.09878992815097
2009.115	1.09806739657218
2009.145	1.10023713237764
2009.134	1.0981336082718
2009.112	1.09937635052148
2009.093	1.09838512495923
2009.079	1.09741127077562
2009.077	1.09741127077562
2009.058	1.10016858552632
2009.118	1.09819904202033
2009.137	1.0988566591877
2009.222	1.10023713237764
2009.093	1.09681765957754
2009.137	1.09878992815097
2009.156	1.1042298031374
2008.146	1.1082245509619
2007	1.10545125756134
2008.486	1.11313575415755
2008.59	1.11313575415755
2008.574	1.10900793306673
2007	1.10844052977839
2006	1.10430837029109
2004	1.11177962915357
2007.395	1.10802276181913
2007.364	1.11160572492893
2007.351	1.11006070945457
2007.351	1.10794612008718
2007.395	1.11006070945457
2007.375	1.10867659385675
2008.82	1.10189131784466
2008.762	1.10648733667709
2008	1.10875383317784
2008	1.10875383317784
2008.781	1.10729247825892
2007.971	1.10998095319929
2008	1.10664173331994
2008	1.10964320798584
2007.499	1.10379650915052
2007.364	1.10794612008718
2007.556	1.10539637689634
2007.354	1.10729247825892
2007.351	1.10794612008718
2007.107	1.10736782586448
2007.088	1.10663773336686
2007.088	1.10663773336686
2007.386	1.10867659385675
2007.444	1.10736782586448
2008.016	1.11160572492893
2008.139	1.11347893466938
2008.011	1.10663773336686
2008.183	1.10612661395448
2008.954	1.107589260557
2008.861	1.10678506581204
2008.5	1.10598188365439
2008.858	1.10824809944723
2008.536	1.10656291644162
2008.746	1.10809864110667
2008.746	1.10809864110667
2008.678	1.10314013146545
2008.648	1.10314013146545
2008.522	1.10678506581204
2008.055	1.1032099992342
2007.211	1.10341492917299
2007.058	1.10532492736172
2006.504	1.1011643567443
2006.392	1.11304812055619
2006	1.10836033856061
2004	1.11396422917543
2006	1.1154242083493
2006	1.1154242083493
2005.573	1.10488401896706
2005.605	1.10038785259949
2006.334	1.10471537572688
2005.989	1.10376548904268
2006.816	1.10896849505238
2006	1.09882826949535
2007.011	1.11259907693379
2006.759	1.1137760258343
2006.545	1.11123392469215
2006.57	1.11523384770165
2006.564	1.11041715411784
2006.584	1.1137760258343
2006.447	1.11387048113967
2006.384	1.11123392469215
2006.463	1.11123392469215
2006.033	1.10867465476284
2007.101	1.11523384770165
2007.126	1.11314210418929
2008.716	1.11050679634604
2006.008	1.1111437480157
2006	1.11123392469215
2006	1.11358500545035
2006.121	1.11096125487621
2006.493	1.11041715411784
2004.809	1.10896610278098
2001	1.10432691520579
2004.697	1.11332781382399
2005.929	1.11424119936307
2005.912	1.11222958904251
2006.921	1.10674386973774
2006.225	1.11615701377664
2006.244	1.11615701377664
2007.789	1.09531189494966
2007.767	1.09531189494966
2007.104	1.10844052977839
2007.047	1.10836033856061
2007.137	1.1095709516889
2007.14	1.11167398707402
2007.162	1.11433208795709
2007.162	1.10488011197591
2008.096	1.10827940102328
2007.863	1.10836033856061
2007	1.10552932806788
2007	1.10552932806788
2007	1.10552932806788
2007	1.1042298031374
2007	1.10488011197591
2007	1.10488011197591
2007	1.10488011197591
2007	1.1042298031374
2007	1.10706187240305
2007	1.10488011197591
2007	1.10488011197591
2007	1.10488011197591
2007	1.10488011197591
2007	1.10488011197591
2007	1.10488011197591
2007	1.10488011197591
2007	1.10488011197591
2007	1.10560664827847
2007	1.10488011197591
2007	1.10488011197591
2007	1.10552932806788
2007	1.1042298031374
2007	1.10488011197591
2007	1.10488011197591
2007	1.10488011197591
2007	1.10488011197591
2007	1.10488011197591
2007	1.10488011197591
2007	1.10488011197591
2007	1.10488011197591
2007	1.10495615062847
2008.79	1.10738854746046
2007.658	1.1056832150277
2008.138	1.10981918715374
2007.959	1.10960331628635
2007	1.10415429159019
2007	1.10415429159019
2007	1.10415429159019
2008.005	1.10322116477566
2008.116	1.09937635052148
2008.092	1.10075229088509
2008.169	1.0986541456794
2008.094	1.10082289819469
2008.137	1.09944514738344
2008.085	1.10133156343378
2008.074	1.10205505269884
2007.925	1.10140421863479
2007	1.1021282312487
2007.718	1.10068091921668
2008.022	1.09782374277032
2008.003	1.10203992154249
2008.074	1.10552932806788
2007.51	1.10574078129043
2008.066	1.10341156451957
2008.131	1.1056832150277
2007.748	1.11021509748434
2007.929	1.10464748669942
2007.923	1.10464748669942
2007.795	1.10609810701159
2007.997	1.10763199270312
2008.026	1.10684958253639
2008.027	1.10415183074824
2008.563	1.10585561832669
2008.486	1.10521257572973
2008.437	1.10738854746046
2008.434	1.10666251007794
2008.443	1.10832059037017
2008.499	1.10549717035657
2008.434	1.10666251007794
2007	1.10617745314535
2007	1.10617745314535
2007	1.10285295799634
2007.806	1.10357090367011
2007.638	1.10445178282221
2007.827	1.1056832150277
2009.023	1.09995833205793
2009.163	1.10495615062847
