2006.414	1.08031522576981
2006.581	1.07468937676946
2007.293	1.08393547754648
2007.329	1.06772452474491
2010.745	1.07977735804429
2010.414	1.08424726769983
2012.038	1.08444205163139
2012.713	1.09504729266794
2012.705	1.09667849609524
2017.225	1.08551796449414
2014.005	1.08192729949951
2014.025	1.08133681277187
2013.932	1.07922585805257
2013.863	1.07987342175625
2013.923	1.07868217355062
2013.921	1.08057657877604
2013.921	1.08057657877604
2015.956	1.06374309742014
2015.956	1.07190653175696
2015.899	1.07690722139607
2015.899	1.07483877636647
2012.954	1.08180969407857
2012.995	1.07911527391898
2013.186	1.08324986700458
2012.38	1.0897026083735
2012.276	1.08579448546089
2011.085	1.07729252446323
2011.085	1.08058049202687
2014.085	1.08061742504345
2013.833	1.07611008246429
2014.085	1.07977735804429
2013.833	1.08185885608285
2011.085	1.07240469110228
2011.162	1.07484637376835
2010.247	1.08061742504345
2010.329	1.08193364602401
2010.329	1.08054432527352
2009.915	1.08386940190195
2010.162	1.08255402641421
2009.712	1.07781243554711
2012.645	1.08661177935379
2012.443	1.08583548387097
2012.355	1.087313838311
2013.693	1.08661177935379
2013.603	1.08856543779052
2013.433	1.09595378647327
2012.844	1.08289077135602
2012.533	1.08003601619163
2012.787	1.08086530304458
2012.71	1.07997582544111
2016	1.09243160578174
2015	1.10136273100028
2016	1.10136273100028
2015.973	1.09808054594387
2016	1.09944124054851
2015	1.09879859761404
2016.104	1.10376548904268
2016	1.10232124256462
2016	1.10232124256462
2016	1.10232124256462
2015.573	1.09849179646093
2015.499	1.09593060902248
2015	1.09450082364431
2015.173	1.09514235418318
2015.54	1.09856959994039
2015.345	1.09385822215708
2015.241	1.09721334117503
2015	1.09631431122988
2015	1.10000470050583
2015	1.09912942448354
2015	1.09450082364431
2015	1.09792965474575
2015.444	1.09664655256636
2015	1.09792965474575
2016	1.09974122634493
2016	1.09902091116769
2016	1.09916536517734
2016	1.09779483479682
2016	1.09887344895786
2016	1.10247690103733
2016	1.1016778590007
2016	1.10247690103733
2016	1.10095698360105
2016	1.09830130345336
2016	1.10152176638136
2016	1.10095698360105
2016	1.10023681551984
2016	1.10224230390347
2015	1.09521536635331
2015.529	1.1006439431382
2015.282	1.09856959994039
2015.285	1.09385822215708
2015	1.09593060902248
2018.641	1.1095709516889
2018.636	1.10803214189734
2018.345	1.10884276732676
2018.362	1.10811529956393
2018.162	1.10448867689489
2018.101	1.10448867689489
2018	1.10513153544001
2018.014	1.10513153544001
2017.995	1.10585561832669
2018.044	1.10521257572973
2018.044	1.10513153544001
2018.085	1.10384473838353
2018.068	1.10456845233779
2018.033	1.10384473838353
2018.022	1.10448867689489
2018.022	1.10513153544001
2018.011	1.10448867689489
2018.044	1.09997609920242
2018.005	1.10126617816938
2019.181	1.10121479069347
2019.474	1.10739269942926
2021.595	1.11373721530569
2021.595	1.11490603482303
2018.373	1.1092555521221
2018.329	1.09995274102079
2018.37	1.10317574481136
2018.364	1.10543606835931
2018.164	1.10359503440978
2018.164	1.10359503440978
2018.164	1.10359503440978
2018.184	1.10294743082076
2018.184	1.10164894866245
2018.23	1.10432096435852
2018.197	1.10432096435852
2018.197	1.10432096435852
2018.195	1.10432096435852
2018.195	1.10432096435852
2017.605	1.10206748870137
2017.581	1.10408048763228
2017.395	1.10263251337803
2017.397	1.10263251337803
2017.395	1.10263251337803
2017.397	1.10263251337803
2017.397	1.10263251337803
2017.77	1.09989984296073
2017.564	1.10263251337803
2017.573	1.10263251337803
2017.83	1.09997609920242
2017.822	1.10134422867904
2017.822	1.10134422867904
2017.83	1.10134422867904
2018.786	1.10325033272316
2018.811	1.10470676864743
2018.805	1.10390307345144
2018.795	1.10259649055632
2018.805	1.10397819041917
2017.833	1.09940366520986
2017.822	1.09868167956838
2017.83	1.09803283769713
2017.83	1.09868167956838
2017.83	1.09868167956838
2017.767	1.10062168041003
2017.375	1.10488697526078
2018.162	1.10005160684964
2018.329	1.09899482298965
2018.329	1.09842218932757
2013.408	1.08360197169723
2014.118	1.08824156058303
2011.833	1.08289077135602
2014.164	1.08219426661677
2010.748	1.08312424105645
