2009.967	1.12064951165996
2010.337	1.11345487569608
2010.359	1.11129107725857
2013.83	1.10695698849448
2013.822	1.09975841780476
2013.773	1.10452974100687
2014.247	1.0988218731847
2016.59	1.12354545614727
2015.841	1.12897794921717
2014.773	1.11014273373334
2017.011	1.10606012109378
2017.214	1.10902850774433
2015.318	1.10860168801915
2016.516	1.11665710428989
2017.743	1.10452974100687
2012.915	1.11279540454274
2016.833	1.11124751543686
2015.611	1.10708517925032
2015.611	1.10708517925032
2015.611	1.10831127024797
2015.019	1.11464370026451
2015.036	1.11404118944685
2014.4	1.11487575440704
2014.419	1.11524520312332
2016.295	1.09263887058933
2015.844	1.0900808960952
2015.915	1.09061415421759
2016.678	1.08648995422108
2015.885	1.08886326742976
2015.951	1.08517299670082
2016.669	1.09404963722176
2016.085	1.08908121601891
2016.415	1.09481572029835
2016.423	1.0939600784135
2016.423	1.09537255093062
2016.423	1.09509673504633
2016.423	1.09466597294485
2016.423	1.0939600784135
2016.423	1.09184648674142
2016.423	1.09377892910764
2016.404	1.09518934666472
2016.404	1.09518934666472
2016.415	1.09492994211085
2016.331	1.09540235475459
2016.415	1.09561389997433
2016.443	1.09386984142777
2016.423	1.09386984142777
2016.423	1.09386984142777
2016.423	1.0939600784135
2017.118	1.08867524711682
2017.833	1.09069979188345
2016.489	1.09044082678189
2015.808	1.08339041582014
2016.262	1.08648995422108
2016.052	1.08842290460125
2016.246	1.08497704218678
2021.132	1.10085838590044
2020.598	1.10033780787209
2017.696	1.10076162949573
2017.945	1.09697031844693
2017.233	1.10432137661711
2017.011	1.09140380980406
2016.227	1.09749639444745
2016.227	1.09678776079719
2016.227	1.09820571509105
2016.383	1.09598803329865
2016.227	1.09678776079719
2016.199	1.09413851499816
2016.306	1.09343227747259
2016.227	1.09413851499816
2016.227	1.09564226721394
2016.536	1.09290037347225
2016.536	1.09290037347225
2016.536	1.09290037347225
2016.536	1.09422670887695
2016.536	1.09290037347225
2016.536	1.09290037347225
2016.306	1.09422670887695
2016.227	1.09626133781045
2016.227	1.09555304428165
2016.227	1.09555304428165
2016.227	1.09555304428165
2016.227	1.09484543697294
2016.15	1.09801837834832
2016.15	1.1000511169246
2016.15	1.10056611753436
2016.15	1.09995421436004
2016.153	1.09995421436004
2016.15	1.10056611753436
2016.15	1.09995421436004
2016.15	1.09934129205718
2016.15	1.09934129205718
2016.15	1.09863215400624
2016.15	1.09863215400624
2016.15	1.09934129205718
2016.15	1.09792370188602
2016.15	1.09863215400624
2016.15	1.09863215400624
2016.15	1.09863215400624
2016.15	1.09863215400624
2016.15	1.09792370188602
2016.15	1.09863215400624
2016.15	1.09669546463947
2016.15	1.09934129205718
2016.15	1.09863215400624
2016.15	1.09924490971019
2016.15	1.09924490971019
2016.074	1.10361040198457
2017.414	1.09706057420752
2017.414	1.09900889747611
2017.414	1.0996264209129
2016.76	1.10350577411388
2016.112	1.10432137661711
2016.052	1.10300357067843
2016.795	1.0981123836967
2016.303	1.10381771540667
2016.257	1.1032085331827
2016.913	1.10026789388953
2017.06	1.10158400381045
2016.574	1.08886386390521
2017.638	1.09307474182242
2016.399	1.0919345103365
2016.219	1.09316514191864
2017.104	1.09493414490753
2016.552	1.09281389209865
2016.391	1.09537255093062
2019.312	1.09069979188345
2020.322	1.08954352202392
2019.962	1.08759503185345
2019.888	1.09198742280444
2016.497	1.08805567117586
2017.137	1.09910139189996
2016.582	1.08533272974196
2016.582	1.08533272974196
2016.497	1.08727231524304
2016.497	1.08727231524304
2016.497	1.08727231524304
2016.497	1.08727231524304
2015.951	1.09466597294485
2016.205	1.09448379709587
2015.649	1.09105512444309
2015.748	1.09114331723027
2015.877	1.08401237362306
2015.762	1.09024770266285
2016.077	1.08727231524304
2015.852	1.0859528100061
2015.852	1.0859528100061
2016.016	1.09721593481213
2015.953	1.09712110745031
2021.258	1.11064126004782
2020.675	1.10831127024797
2015.953	1.09782835713861
2015.455	1.09175778430216
2015.896	1.09035314271801
2015.805	1.09475604536299
2015.46	1.09096625542979
2016.967	1.10046381589247
2015.652	1.08517299670082
2015.337	1.09044082678189
2015.403	1.09175778430216
2015.381	1.08973901452217
2015.816	1.09270644228378
2015.332	1.09035314271801
2020.156	1.10350577411388
2020.732	1.10300357067843
2018.118	1.10402242059581
2017.858	1.10412378813373
2017.159	1.10076162949573
2017.871	1.10299562866405
2017.701	1.10565344945601
2015.838	1.09255033619082
2013.159	1.1149819252189
2012.844	1.11224957145655
2012.844	1.11285139731806
2012.844	1.11224957145655
2012.844	1.11632101645743
2011.09	1.11869343278242
2012.377	1.11651382419662
2011.178	1.11088567142207
2011.51	1.12111701616477
2011.51	1.11423498447576
2012.751	1.11075118182
2013.016	1.11157888200978
2012.852	1.1073847439933
2012.749	1.10759472831082
2012.415	1.10606012109378
2013.038	1.10942570308275
2011.351	1.09801837834832
2011.356	1.09995421436004
2011.356	1.09995421436004
2012.691	1.10677474560824
2011.6	1.10259833506764
2011.663	1.10881639832864
2011.663	1.11323765009729
2011.778	1.09763567404769
2011.526	1.10749006292394
2011.526	1.10749006292394
2011.836	1.09325486645541
2011.838	1.10237965577944
2011.737	1.10085838590044
2011.737	1.10085838590044
2011.806	1.10104988538646
2012.883	1.10347716177457
2013.195	1.10178861788618
2011.005	1.10218472130514
2010.932	1.10402242059581
2010.91	1.101374884815
2010.89	1.101374884815
2010.91	1.10279830939647
2010.91	1.10208625239524
2011.485	1.09706057420752
2010.91	1.101374884815
2014.693	1.10479055086307
2016.224	1.10357055503337
2019.66	1.1131697211845
2019.726	1.1117315175605
2018.077	1.11343766909469
2015.97	1.10468666865588
2015.57	1.10326402016383
2017.907	1.12341941841158
2016.951	1.11323765009729
2017.795	1.11160714285714
2017.236	1.10974644170044
2017.219	1.11190443135466
2016.776	1.11434758931624
2016.628	1.11086045974255
2020.71	1.11929557481386
2020.667	1.12390340003834
2020.97	1.12889057519726
2021.241	1.13109149862329
2020.765	1.12111701616477
2021.241	1.11481660282868
2020.844	1.11768994058273
2009.271	1.10266700640155
2015.099	1.1014510077936
2015.099	1.1005670117664
2015.099	1.09846573959105
2015.099	1.10128763182355
2014.556	1.10311899269512
2012.923	1.09490302952993
2012.923	1.09737359104114
2012.923	1.09808930834874
2012.923	1.0948274282666
2012.923	1.0968179919046
2012.923	1.0968179919046
2012.923	1.0954655652808
2012.923	1.0968179919046
2012.923	1.09538798163693
2013.926	1.1002358951635
2019.463	1.08991405557483
2019.718	1.09467402501152
2020.175	1.09290660842516
2021.055	1.09952284515221
2020.631	1.09554241758846
2020.169	1.09103946063851
2017.603	1.10375431669737
2016.511	1.0948274282666
2021.23	1.09190615021519
2019.975	1.08994575044448
2020.276	1.09866216255263
2020.484	1.10061841385153
2018.005	1.09069645872986
2017.775	1.09981654009175
2020.445	1.09900889747611
2020.522	1.10851969180381
2017.625	1.10375789915128
2020.951	1.10050046356578
2020.402	1.1050217710163
2021.167	1.10990324234269
2019.852	1.09960499762896
2020.268	1.10493255164742
2020.402	1.11324606143555
2020.284	1.10826653799069
2021.03	1.11109198220646
2020.402	1.10419358906411
2020.167	1.09981654009175
2019.899	1.10098295518596
2020.689	1.09800747677959
2018.496	1.09482467376296
2018.496	1.0954518733253
2018.581	1.09678942140018
2018.496	1.09678942140018
2018.496	1.09678942140018
2018.581	1.09678942140018
2018.496	1.096875
2018.496	1.09750150670615
2018.496	1.09750150670615
2018.496	1.09678942140018
2018.496	1.09750150670615
2018.496	1.10017833964933
2018.496	1.10089285714286
2018.496	1.09750150670615
2018.496	1.09750150670615
2018.496	1.09750150670615
2018.581	1.09750150670615
2018.581	1.09812696947506
2018.581	1.09616309023455
2018.496	1.09883992317774
2018.414	1.096875
2018.496	1.09536732829667
2018.496	1.09536732829667
2018.496	1.0954518733253
2018.496	1.0954518733253
2018.496	1.09821428571429
2019.249	1.0977576839183
2018.414	1.09356713610973
2018.581	1.09419642857143
2018.581	1.09348625729137
2018.496	1.09624744771784
2018.496	1.09528208214801
2018.581	1.09678942140018
2018.581	1.09411432525042
2020.454	1.08946097380138
2020.713	1.0992744030928
2019.825	1.10024066647806
2018.496	1.09465731870372
2018.496	1.0960780288965
2018.496	1.09758760352189
2018.496	1.09482467376296
2018.496	1.09482467376296
2018.882	1.0954518733253
2018.414	1.09750150670615
2020.361	1.10276143151172
2021.241	1.11511767779416
2021.047	1.10758928571429
2020.842	1.10471802500164
2019.545	1.11047175498553
2017.178	1.10043202312502
2017.586	1.10769873735135
2019.31	1.09626133781045
2015.8	1.09863215400624
2017.414	1.10769873735135
2017.414	1.10769873735135
2017.414	1.10769873735135
2017.414	1.10845222905674
2017.414	1.10841581047538
2017.414	1.10769873735135
2017.414	1.10708517925032
2017.414	1.10913358012501
2017.414	1.10913358012501
2017.414	1.10974644170044
2017.414	1.10841581047538
2017.414	1.10913358012501
2017.414	1.10913358012501
2017.414	1.10913358012501
2017.414	1.11057121261203
2017.414	1.10913358012501
2017.414	1.10841581047538
2017.414	1.10913358012501
2017.414	1.10913358012501
2017.414	1.10985204720261
2017.414	1.10985204720261
2017.414	1.10913358012501
2017.414	1.10913358012501
2017.414	1.11057121261203
2016.497	1.10361057461186
2016.582	1.10289730232504
2016.582	1.10289730232504
2016.497	1.10289730232504
2016.811	1.10300357067843
2016.391	1.10014735192196
2016.683	1.09715014408524
2016.161	1.10085838590044
2017.216	1.10544926687098
2017.945	1.09953205049574
2017.778	1.09943700659622
2017.849	1.09660249406184
2017.877	1.0988218731847
