1979	1.06190213830914
1980	1.06324377069377
1980	1.06754765032236
1981.145	1.07102874696551
1981	1.07102874696551
1981	1.07043196785356
1981	1.07221940207992
1981	1.07043196785356
1981	1.07010757396332
1980	1.07018964502984
1998	1.07140080338101
1989	1.08610055972127
1987	1.07783323269368
1987	1.07911484176941
2005.074	1.12130039515256
1992	1.08504776873767
1992.101	1.10164175894977
1992.016	1.10294393596981
1992	1.1050626048
1994.005	1.09553226472436
1992	1.10736986610501
1999.455	1.10276978351818
1993	1.10395004223638
1995.803	1.10429068685927
2000.208	1.10866489272383
2000.208	1.12488382886339
2012.538	1.11237120449854
2013.636	1.12453367446919
2004.686	1.09352221436549
2011.896	1.11840453797636
2003.112	1.09273030358463
2001.038	1.09862325658337
1999.863	1.11334096107942
2001.868	1.11455710899522
2005.753	1.11317930452137
2006.34	1.11910223186071
2006	1.11966922916059
1997.31	1.10315915689692
1995.923	1.11670427261836
1998.882	1.11359862153354
1998.17	1.10905201112205
1994.101	1.10049494575937
1992.792	1.10851250482773
2005.266	1.11526408851386
2002.175	1.10016912837293
1999	1.11271795334468
2006.195	1.11558599562798
2007.847	1.11401910880537
2007.142	1.10846890769105
1993.173	1.10565954786983
1994	1.10733680339089
1994.011	1.10495063360851
1998	1.11068242196437
1998.458	1.12089242405218
1997.962	1.11262441019785
1997	1.10613491906042
1996.814	1.10287402159538
1985	1.07111065476623
1991	1.09614969218027
1994	1.10927057090184
1998	1.10277544780702
1995	1.08080692662921
1995	1.07869367089533
1995	1.07679101339252
1993	1.09105706153458
1998	1.09358262345706
2005.975	1.12138478336152
2005.868	1.10585561832669
2013.058	1.1143901638832
2012.385	1.12139139633918
2012.033	1.09878992815097
2009.233	1.12291529605263
2006.677	1.09392871724402
2011.619	1.11436061611102
2011.836	1.11446425174811
2011.833	1.1149479040805
2012.26	1.10839446917551
2011.855	1.11511719930623
2012.049	1.11454647953034
2011.948	1.11315503573568
2011.641	1.1067117842342
2011.562	1.10348167044596
2011.392	1.10736782586448
2012.481	1.11774756559182
2019	1.12594571997309
2019.729	1.1344514095019
2013.655	1.11339162756019
2012.046	1.10499855350071
2012.085	1.11323466500798
2011.816	1.10626824032082
2011.855	1.10700026229604
2013.468	1.11854458713198
2011.644	1.11102914863028
2011.63	1.10824809944723
2012.085	1.1142072065609
2013.751	1.12013974692738
2012.219	1.11428429989357
2012.079	1.10978867605498
2012.066	1.11397129669337
2012.003	1.11133353177475
2011.951	1.11067129364305
2012.128	1.1147086597688
2012.29	1.11241967322181
2012.295	1.10069510057109
2011.397	1.11389112765521
2011.244	1.10626824032082
2012.098	1.10809864110667
2012.227	1.10459875838851
2011.836	1.11214482090214
2014.148	1.10539503257271
2014.94	1.1116964825033
2014.175	1.1093434485573
2011.934	1.11148106895044
2012.107	1.10567438062658
2013.496	1.10313280133912
2012.025	1.10720841757496
2013.016	1.10707043413747
2014.093	1.10227831157521
2014	1.12270790445381
2014.808	1.12424466198607
2014.225	1.1141278309821
2013.036	1.10875376807457
2013.496	1.11429753691495
2010.89	1.09662446979427
2012.063	1.1066736010431
2011.951	1.10494275161062
2015.107	1.13419041510948
2013.058	1.12307090123586
2013.268	1.12232825228857
2007.277	1.09535915673459
2009	1.10956244364344
2006.03	1.09872300359851
2009.03	1.10819772031305
2006.789	1.10110906369113
2009	1.10722255975849
2005.888	1.09478334927191
2016.15	1.11587573547285
2004.24	1.08972795269308
2003	1.10293290336946
2018.315	1.09075591672695
2003	1.10320520313283
2004.153	1.10311398543168
2000	1.10488453200113
2000	1.10329572809698
1999	1.10921399112629
1999	1.10579144656137
2003.099	1.12404190447511
2003.482	1.11256809090813
2004.287	1.12410443650221
2004.721	1.12109335065986
2006.236	1.12158536909742
2006.236	1.12287262548226
2008.369	1.11911284816216
2005.929	1.12287262548226
2007.31	1.11630106643925
2006.312	1.11631146203419
2012.366	1.12920566688807
2012.366	1.12920566688807
2012.366	1.12994625100779
2012.366	1.12994625100779
2011.981	1.12383491202671
2011.932	1.12562241279733
2011.882	1.12488248025344
2012.153	1.12689515779361
2011.014	1.12099326203798
2013.666	1.12467649682328
2013.329	1.12784659617632
2015.956	1.1181580912129
2015.956	1.12162662388413
2015.94	1.1181580912129
2015.882	1.11596383220032
2016.896	1.11752311184553
2015.934	1.11805968590034
2014.937	1.11918357131987
2010.915	1.11424119936307
2010.915	1.12122724796541
2012.085	1.11341959980693
2011.748	1.12236199617966
2013	1.12232721037183
2013.044	1.12158621045851
2013	1.12245411990824
2013	1.12306667812339
2011.748	1.1249927983719
2010.915	1.12846581061513
2011.096	1.12172846009137
2011.096	1.12988137138377
2011.096	1.12988137138377
2011.047	1.13147662282189
2011.096	1.13073721645521
2011.096	1.13073721645521
2011.871	1.13108641698928
2011.871	1.13108641698928
2011	1.11901712742816
2011	1.11032679738562
2011	1.1197481528063
2012.852	1.12140959941546
2012.852	1.12140959941546
2011.871	1.12068731394958
2011.871	1.12068731394958
2013.038	1.1149430359448
2013.038	1.1149430359448
2013.038	1.12648750335931
2013.038	1.12648750335931
2013.036	1.12224983819762
2013.036	1.12224983819762
2013.038	1.12523185463038
2013.038	1.12523185463038
2013.036	1.11440888119954
2013.038	1.11504067196878
2013.038	1.11440888119954
2013.038	1.11504067196878
2012.866	1.13135834033906
2012.866	1.13135834033906
2015.438	1.12192058563232
2014.008	1.11707674827225
2011.014	1.11164782867341
2011.014	1.11164782867341
2011.666	1.11827739730621
2011.871	1.11859846648954
2011.871	1.11859846648954
2011.871	1.11714290585449
2011.871	1.11714290585449
2011	1.11828681768912
2010.915	1.11752311184553
2011	1.12404129228305
2013.833	1.11849211226253
2013.038	1.13137118021647
2013.038	1.13137118021647
2012.79	1.11568118536026
2012.863	1.11474568247515
2012.863	1.11474568247515
2012.863	1.11421538510045
2012.863	1.11421538510045
2012.186	1.12422711598344
2012.011	1.12620157779595
2011	1.12264481609637
2010.915	1.11901712742816
2011	1.1176590969337
2011	1.12162599895148
2011	1.11755722265541
2011.022	1.12162599895148
2012.79	1.12162599895148
2011.175	1.12026974018613
2011.175	1.12026974018613
2010.915	1.11891348142077
2011.833	1.11703763632758
2012.085	1.11527178007194
2011.773	1.11786077898528
2011.858	1.11786077898528
2011.277	1.12026974018613
2011.277	1.12026974018613
2012	1.12057050069173
2012.904	1.12085694867884
2012.904	1.12085694867884
2012.904	1.12074444399146
2012.904	1.12074444399146
2012.904	1.11878615702479
2012.904	1.11878615702479
2012.995	1.1168941464794
2011	1.11870414802966
2010.833	1.11932731381765
2010.833	1.12078714713347
2013.885	1.13185825965137
2010	1.12214075479909
2011	1.13309283180339
2011	1.12855114929124
2008.962	1.12349436246471
2009.096	1.12843064557859
2010.915	1.11962309814533
2011.852	1.14170048480899
2011.852	1.14170048480899
2009.019	1.1237748958953
2009.019	1.1237748958953
2009.134	1.12598953080217
2009.134	1.12371539447402
2009.134	1.12558160648463
2009.134	1.12558160648463
2009.134	1.12620157779595
2009.134	1.12682050218707
2009.96	1.1243385164822
2009.96	1.12518382345099
2007	1.13330065557389
2008	1.1169296734929
2009	1.1083700637458
2012.085	1.1339047884231
2009.845	1.12573013592273
2009.03	1.12708406962921
2009.019	1.12635160234091
2009.211	1.11973280047702
2013.038	1.11652024586995
2013.038	1.11652024586995
2013.036	1.12430657174718
2013.036	1.12430657174718
2013.038	1.12625932539451
2013.038	1.12625932539451
2013.038	1.12125721147571
2013.036	1.12125721147571
2013.036	1.11972332088515
2013.036	1.11972332088515
2013.036	1.11908673817348
2013.036	1.11908673817348
2009.481	1.13779030331858
2006.915	1.12793655711879
2007.962	1.12214075479909
2009.959	1.1176590969337
2009.079	1.13296961612405
2009.079	1.13063496993486
2009.627	1.12867101033529
2009.627	1.13026240079281
2008.025	1.12400232381558
2007.233	1.12631596079978
2008.809	1.16253326936189
2006.734	1.12203100298146
2007.099	1.12338284756337
2006.951	1.11745466347752
2004.954	1.13295852323548
2005.181	1.12484797013033
2005.074	1.13061949409568
2005.036	1.12484797013033
2005.216	1.12999853464153
2004.24	1.12960336689174
2003.351	1.11849211226253
2002.907	1.1191699572829
2001	1.11214141973392
2004	1.11700523839566
2008.306	1.12121235422273
2017	1.11801139943862
2016	1.11042240311662
2020.609	1.10967428215758
2001	1.08303302695901
2013.153	1.1140572669175
2012	1.10187384638491
2005.507	1.1149430359448
2005.507	1.11086894446145
2007.23	1.11879199941331
2008.73	1.12370517660652
2010.855	1.11735142233676
2008.306	1.12005660909103
2009.742	1.12110707046747
2008.254	1.1198516596181
2008.407	1.11387048113967
2009.145	1.11735142233676
2009.074	1.1154242083493
2008.287	1.11285824090423
2016.353	1.12862991343689
2011.817	1.12158621045851
2009	1.12298225771684
2010.414	1.11313500030929
2010.299	1.12052996746438
2009.668	1.12341404707355
2011.277	1.13071534211335
2010.863	1.12498441828255
2009.608	1.12015804581064
2010.767	1.1313158828272
2010.014	1.12389334092564
2010.592	1.11079281872368
2010.592	1.11021795248832
2017.967	1.11859846648954
2009.592	1.10896610278098
2005.679	1.1149430359448
2003	1.10652961679355
2013.162	1.129584
2012.579	1.11815391733177
2006.255	1.10965443750097
2006.219	1.10965443750097
2007.907	1.13138614414707
2007.904	1.1304355323861
2014	1.1230639259906
2015	1.11136324579356
2011.773	1.12242702275728
2011.044	1.12651915860857
2015.011	1.11570441811467
2009.249	1.14213671862236
2014	1.11576904225076
2012.415	1.13872491087311
2014	1.12067195496903
2011.893	1.13156824550779
2012.923	1.12912039040859
2012.424	1.13477658629875
2011.236	1.13295327396006
2013.23	1.13295327396006
2011.973	1.12325807479415
2011.879	1.1245445638338
2011.833	1.12528598103063
2011.814	1.12316136018825
2012.369	1.13071534211335
2009.09	1.12827109815722
2011.088	1.11421305624804
2012.082	1.10839446917551
2010.86	1.10692930810737
2012.087	1.11369627730777
2015	1.11025292602807
2008.074	1.13057440102976
2009.203	1.12752991171102
2005.471	1.11567139982278
2006.137	1.10190642593838
2004	1.09626145751832
2004	1.1209037367789
2005	1.12473469214527
2006	1.12205068051156
2014.816	1.11064930730168
2010.803	1.1301900070373
2010.781	1.13127551345455
2008.415	1.13635167123015
2010.085	1.15506524443841
2012	1.12404118841353
2011.466	1.12075036340697
2017.378	1.11199010126007
2019.748	1.14500546786969
2016.298	1.12653602059227
2017.337	1.13615637020188
2018.964	1.13526999564523
2007	1.12038307156097
2007.252	1.12424466198607
2015.058	1.12020108969514
2014.521	1.10466042881657
2013.942	1.11416992903093
2005.912	1.09887344895786
2005.6	1.11431248216161
2004.26	1.11368086627126
2005.792	1.1130481865949
2006.693	1.11278085718788
2009.153	1.10779056211339
2006.805	1.11809113140582
2006.808	1.11809113140582
2006.792	1.1095709516889
2007.211	1.10302004298057
2006.838	1.10573311707965
2006.847	1.10639163042542
2005.855	1.10259649055632
2012.06	1.12246438164619
2007.285	1.10500169119122
2007.2	1.10354101495799
2011.619	1.11761636947452
2008.115	1.11842793471115
2008.074	1.11759951113473
2008.082	1.1162935064784
2009.942	1.11413528196745
2009.707	1.11413528196745
2012.008	1.1251598615917
2012.046	1.12304441677683
2010.603	1.125759404238
2011.162	1.12531249913483
2011.688	1.12615329509397
2011.008	1.11993383145054
2011.008	1.11910602791566
2010.858	1.12677214883631
2009.058	1.11636466666667
2010.288	1.11800956622664
2010.285	1.11785464269931
2012.117	1.11305201168737
2010.729	1.11308500321889
2013.123	1.10593471032689
2009.468	1.11819699273915
2010	1.11573015112423
2010.666	1.11324212560831
2012.385	1.11339363759993
2013.389	1.12324667864064
2010.364	1.11966965305028
2010.364	1.11695231175751
2005.926	1.11015427723332
2008.519	1.12868674695683
2007.625	1.11358758220048
2005.471	1.11064061006914
2009.071	1.12838978815516
2008.705	1.11612968341428
2009.605	1.11405937414348
2008.667	1.12084355752253
2008.669	1.12025343834915
2007.37	1.108666094882
2007.844	1.11506546867652
2008.672	1.11308749067475
2008.314	1.12121703180519
2007.6	1.11825085048055
2007.775	1.12029102276745
2007.77	1.12232825228857
2007.559	1.11833976579975
2007.89	1.11851535400939
2005.784	1.11399413160326
2006.901	1.1089349668294
2006.271	1.11268741341348
2016.779	1.12309311753381
2017.142	1.10670629366578
2005.74	1.10966754151914
2006.718	1.11646279382524
2006.704	1.1157225566211
2006.699	1.1157225566211
2006.693	1.11637852852178
2007.54	1.09046135172671
2009.211	1.1162935064784
2010.493	1.10932538221824
2011.91	1.10594776576209
2011.132	1.1074870504701
2010.841	1.10895928301012
2010.841	1.10829359710831
2010.614	1.10095352413517
2011.8	1.1010913446394
2011.545	1.10169056413069
2011.255	1.1052318409388
2011.247	1.10528437647841
2016.779	1.13319341181508
2017.219	1.14993203230334
2016.377	1.13799066845626
2016.377	1.13799066845626
2016.071	1.13864435591264
2013.811	1.14220236250464
2018.063	1.14476387893156
2017.414	1.13703073555891
2017.603	1.1508510141197
2018.027	1.15889679858989
2017.888	1.13940256754864
2017.252	1.13460813517565
2016.475	1.13262733305415
2016.227	1.16053761045519
2017.386	1.14417561771674
2017.197	1.14505016391815
2018.874	1.13641474834531
2018.671	1.14780139369339
2018.077	1.13973230668331
2018.786	1.13940256754864
2018.948	1.13757122902811
2018.863	1.14394833247869
2018.784	1.15060090928776
2017.953	1.14493700556306
2018.819	1.14920115149058
2018.91	1.1464016358962
2018.825	1.14606661901964
2017.693	1.13111766666667
2010.027	1.11455964702219
2012.12	1.10667423268414
2009.132	1.11424428907009
2011.658	1.11510068623249
2011.455	1.10709270749231
2012.12	1.11339363759993
2012.194	1.10856883093839
2012.063	1.11860074956505
2011.504	1.1107885577265
2011.392	1.10702617102389
2012.033	1.10829359710831
2011.238	1.11514711832309
2011.912	1.1153081135457
2012.178	1.12126236717051
2010.89	1.10815121419308
2012.093	1.12612778044883
2012.798	1.13049649291166
2013.595	1.12020108969514
2014.904	1.12615168262635
2014.956	1.12940729031174
2012.312	1.12974992103642
2011.951	1.11227081837908
2012.216	1.12370093757073
2010	1.11250230697075
2010.699	1.1121126319223
2011.879	1.11495333333333
2010.641	1.11506546867652
2012.24	1.11562079551179
2012	1.1222660476541
2012	1.12408315299987
2007.356	1.11464583020286
2006.186	1.11268741341348
2006.178	1.10704903103217
2006.082	1.11694706372528
2006.929	1.11358758220048
2006.923	1.11506546867652
2010.148	1.11265273351956
2009.838	1.11092458798693
2006.953	1.11916947484309
2006.66	1.11694706372528
2006.03	1.1148159507085
2012.754	1.13127551345455
2009.233	1.10679500229304
2006.693	1.12344941956882
2008.246	1.1060041003203
2009.268	1.10807864160886
2009.266	1.1060041003203
2009.263	1.1060041003203
2009.26	1.10807864160886
2009.189	1.10331220279828
2009.759	1.1139165448212
2008.746	1.10619228628935
2011.945	1.1138524724201
2011.797	1.11915847172978
2010.685	1.1115560612614
2011.973	1.11963536274337
2011.238	1.10973817066401
2011.066	1.10692888842396
2009.397	1.10834078751633
2010.479	1.09718843026772
2011.663	1.11229945268772
2011.005	1.11149285879709
2011.184	1.11440255565644
2014.942	1.11609324799287
2010.556	1.0999216156584
2010.556	1.09709405366442
2011.247	1.10021722352099
2011.682	1.10681873784949
2009	1.12245977844011
2010.71	1.12092362163631
2010.71	1.12100289705932
2008.328	1.11207012398768
2011.616	1.11466235921339
2008.194	1.10940116271852
2010.685	1.11654629914909
2009.214	1.11129655414671
2011.392	1.13727408652306
2011.085	1.14441227445554
2012.771	1.13015536599272
2011.449	1.12836031473748
2012.292	1.13774302141104
2013.233	1.13735717200571
2012.025	1.12974992103642
2010.893	1.1427157822369
2011.263	1.13616895020832
2017.66	1.15532001536103
2016.74	1.12651723064735
2011.493	1.12257602948294
2014.512	1.13797340130053
2013.964	1.13797340130053
2011.496	1.1278147667509
2013.71	1.12585753516708
2011.027	1.1251967123637
2013.06	1.12868723131803
2012.601	1.12233653797017
2015.762	1.14931019240367
2016.432	1.15198362181943
2017.866	1.14981195080894
2017.584	1.17330410871785
2016.667	1.15813443683572
2018.005	1.12553955249686
2018.488	1.15098088816744
2018.003	1.14944111457635
2018.614	1.14734064542076
2017.885	1.16067535204511
2018.266	1.15626844872109
2016.91	1.15621717310555
2011.677	1.14440173882694
2014.189	1.12094423022665
2018.46	1.12141228324279
2017.063	1.12493439454556
2016.15	1.14523710673375
2017.392	1.14363826482577
2012.773	1.13455579966087
2017.367	1.13338329988313
2010.953	1.11054969178241
2012.702	1.11303080997926
2018.521	1.11840647995246
2019	1.12503003893177
2017.312	1.11386771912489
2017.052	1.11891977866222
2017.964	1.11671247403047
2017.704	1.11809113140582
2018.118	1.12391466609672
2018	1.11015018557156
2015.652	1.12393839906017
2015.041	1.11469386022132
2015.825	1.11984130575532
2016.915	1.12720807331898
2015.397	1.1254153218957
2015.186	1.11752311184553
2016	1.1091701269479
2011.647	1.13488439988536
2012.052	1.13039626569016
2007	1.12330326544742
2011.096	1.11609719977674
2013.285	1.11241967322181
2010.874	1.10452424706328
2011.34	1.1204880178896
2014.896	1.13134736919459
2015.323	1.13338422238918
2018.044	1.11946058329349
2017.156	1.12846091747704
2018.37	1.13294932239814
2018.332	1.13230208897804
2016.09	1.12964676665686
2016.74	1.12954290122597
2012.279	1.12510287644222
2011.912	1.12761260237536
2011.162	1.13987841622143
2010.756	1.13402669265572
2012.795	1.12745725777871
2010.033	1.13274065413202
2014	1.13195359332921
2012.314	1.14756773213688
2006	1.11971949257136
2005.66	1.12446772373018
2005	1.12457245747825
2008.672	1.12572490496205
2008.653	1.12508564979646
2011.696	1.10692888842396
2008.038	1.11460040630727
2017.543	1.10998815970923
2017.858	1.13006749572368
2010.978	1.14336617929528
2012	1.11982140858742
2013	1.13336848893606
2014	1.13572333086461
2015	1.12906247982284
2014	1.12985236127171
2011.918	1.21958553452851
2013.082	1.11059767115477
2014	1.11666020487919
2014	1.12624419376244
2016	1.13546244527706
2017.351	1.13603323659552
2014	1.12828633333333
2013	1.12553955249686
2013	1.12179462229412
2013	1.12312380087541
2015	1.13424047608515
2012.582	1.12815695901588
2010.923	1.12011225470902
2013	1.13743758189678
2013	1.11980623774965
2013	1.12251676228317
2014	1.11339162756019
2013	1.11486778467696
2014	1.11778603830645
2011.085	1.12338225913177
2015.805	1.11903173913438
2007.636	1.11241444145064
2005.951	1.11276221879256
2005.529	1.11454557349501
2005.526	1.11382007598877
2003	1.09767409208118
2003	1.09893365425917
2016	1.14014964941136
2015	1.14378466263249
1992	1.09043389168045
1995	1.1084544
1983	1.07247532666736
1985	1.08936914276441
1981.129	1.07493473977627
1992	1.08205888863494
1984	1.07921506806185
1981.112	1.07450592028221
1979.932	1.06732495529855
1979.932	1.06522258703873
