1976	1.10944007831183
1977	1.11370515649182
1979	1.10192741598366
2005	1.106704
2005	1.10720427712185
1975	1.12721277219077
1975	1.12028579759331
1971	1.10016518060785
1970	1.10601564709209
1967	1.10501285678658
1966	1.10254280260518
1961	1.10510520681201
1957	1.10358201324564
1977.312	1.12277915421442
1977.293	1.1201823412548
1977.293	1.13040191368372
1977.312	1.12164663174069
1977.312	1.12610245824733
1977.312	1.11882782814567
1977.277	1.1246951551078
1977.277	1.12616919840327
1977.277	1.12531994394342
1977.277	1.12668066938955
1977.277	1.12827160154526
1977.277	1.12889600033645
1977.277	1.12792529517619
1977.277	1.12458383933911
1977.293	1.12564470631973
1977.293	1.12226952581549
1977.293	1.12407227741712
1977.293	1.12292903754694
1977.293	1.12300291545501
1977.312	1.12621941658884
1977.312	1.12509419454056
1977.312	1.12978744506836
1977.312	1.12432800607461
1977.293	1.12219449690426
1977.293	1.12134948096886
1977.293	1.1240208944382
1977.293	1.12083755071695
1977.293	1.12215852926941
1977.293	1.12091412783745
1977.293	1.12300291545501
1977.293	1.12226952581549
1978.052	1.12873096828491
1978.052	1.12825716704452
1978.014	1.13014162074997
1978.014	1.13025940130304
1978	1.12928424131496
1977.323	1.12237985390235
1977.323	1.12113056448236
1977.323	1.12435919916932
1977.323	1.12362492379353
1977.323	1.12424588058221
1977.293	1.12267336305209
1977.312	1.12378601683526
1977	1.12055261053629
1976	1.1105074380037
1976	1.10978362675488
1978	1.11307341492832
1977	1.11092515823668
1976	1.11445741111809
1977	1.12179380809458
1977	1.12106406746787
1977	1.12718796864242
1977	1.12718796864242
1977	1.12424588058221
1977	1.12645136485967
1978	1.1161188019274
1978	1.11736817033869
1978	1.1167440128435
1976	1.12339873085658
1976	1.11985429930752
1976	1.12058444064057
1976	1.12120352135488
1977	1.10681710173924
1977	1.10609381007305
1977	1.10736014805707
1978	1.11466267840083
1977	1.11070074949086
1977	1.11142634199118
1977	1.11007094401315
1977	1.11736817033869
1977	1.11736817033869
1977	1.11736817033869
1977	1.11539038373702
1977	1.11726234942708
1977	1.11736817033869
1977	1.11601542436976
1976	1.11413713794726
1975	1.11340977570913
1977	1.12142640824549
1976	1.11601542436976
1981	1.11418344847687
1980	1.11482035464071
1978	1.10754110309469
1976	1.12215852926941
1976	1.12164663174069
1977	1.11799127607508
1976	1.11195718646296
1977	1.11030037675987
1977.277	1.12424588058221
1979.989	1.129019861534
1979.989	1.11880915397871
1979.989	1.12253973148664
1979.989	1.12180950562761
1979.989	1.12180950562761
1979.907	1.12178198357594
1979.989	1.12253973148664
1979.989	1.12461361014994
1979.989	1.12253973148664
1979.989	1.12231449982356
1979.989	1.12327067057292
1979.989	1.12180950562761
1978	1.1088665871961
1978	1.10501285678658
1978	1.10573332154774
1978	1.1148652131691
1980	1.10435881997149
1980	1.10385009708475
1980	1.10213802780778
1980	1.10276590998273
1980	1.10142107350714
1979	1.10808379459751
1987	1.09986464461778
2003	1.11124216906997
1985	1.10998826319992
1985	1.10998826319992
1985	1.11144589700641
1987	1.11107899100238
1988	1.10274305677128
1988	1.10826581506817
1988	1.10826581506817
1987	1.10507859401651
1987	1.10507859401651
1986	1.11788423716915
1980	1.11373149847744
1981	1.11413713794726
1981	1.1105074380037
1981	1.11132949641759
1981	1.11070074949086
1981	1.11222120420406
1981	1.11268312552407
1977	1.1105074380037
1977	1.10789894855616
1977	1.10852823020745
1977	1.10852823020745
1934	1.07659518088166
1931	1.07598574513709
1931	1.07667250800146
1942	1.07567432903688
1931	1.08229672006017
1931	1.08419195504889
