1918	1.06456758386618
1933.025	1.08468615247918
1933.414	1.08407926928516
1932	1.0872875614761
1932	1.09223160208169
1933	1.09302893458386
1933	1.0924258710475
1935	1.08690569027111
1945	1.09157463875992
1948	1.07550553756805
1943	1.07824152675547
1943	1.07269776142266
1947	1.09407722073492
1947	1.09555342959755
1954	1.10451271269566
1954	1.10522564649197
1954	1.10593927078105
1951	1.10285644258606
1951	1.10170037391308
1951	1.10230765115424
1951	1.10250716440036
1951	1.09836614584618
1957	1.12522954284919
1957	1.12522942531155
1957	1.12514136332194
1953	1.10001711011855
1954	1.11311794575231
1950	1.10777577088552
1950	1.10777577088552
1946	1.08505091736115
1939	1.08304044467249
1940	1.08304044467249
1946	1.08917157358932
1948	1.07279576641566
1942	1.07877779792118
1942	1.07627934809756
1934	1.08779890772744
1935	1.08779890772744
1946	1.09418802433694
1946	1.0922927567426
1935	1.08392412299237
1936	1.09531303301862
1934	1.08361205543908
1934	1.08136563155744
1934	1.0824543056975
1934	1.0824543056975
1993	1.11425485110817
1995.578	1.09723394505249
1996	1.10399576346378
1991	1.10433860548779
2014.871	1.10793404053602
2014.83	1.1064937624425
2014.83	1.10640227917055
2014.964	1.10793404053602
2014.964	1.10856216597562
2014.964	1.10793404053602
2014.964	1.10793404053602
2014.964	1.10793404053602
2014.964	1.10774826734473
2014.964	1.10640227917055
2014.964	1.10774826734473
2014.964	1.10702883351577
2014.964	1.10774826734473
2014.926	1.10793404053602
2014.926	1.10793404053602
2014.926	1.10793404053602
2014.926	1.10793404053602
2014.926	1.10793404053602
2014.926	1.10568371950178
2014.926	1.10702883351577
2014.926	1.10640227917055
2014.926	1.10640227917055
2014.926	1.10568371950178
2014.871	1.10793404053602
2014.871	1.10793404053602
2014.871	1.10721355020193
2014.871	1.10837394752976
2014.871	1.10702883351577
2014.871	1.10702883351577
2014.871	1.10765434102542
2014.871	1.10702883351577
2014.83	1.10702883351577
2014.83	1.10702883351577
2014.83	1.10702883351577
2014.83	1.10702883351577
2014.83	1.10837394752976
2014.83	1.10837394752976
2014.83	1.10702883351577
2014.83	1.1084684027181
2014.8	1.10837394752976
2014.8	1.10702883351577
2014.8	1.10702883351577
2014.8	1.10837394752976
2014.8	1.10702883351577
2014.8	1.10837394752976
2014.8	1.10837394752976
2014.8	1.10837394752976
2014.8	1.10981526590488
2014.8	1.10837394752976
2014	1.10837394752976
2014.871	1.10774826734473
1986	1.09932706840851
1987	1.09355936844635
1986	1.09897091548917
1987	1.09789331953148
1987	1.09732211261665
1986	1.09544993575927
1986	1.09473372412047
1989.003	1.10543906211384
1987	1.09789343415975
1986	1.0918116288903
1986	1.0910347241661
1980	1.09474225409919
1980	1.09609045884561
1981	1.09570035686635
1983	1.10633523524918
1983	1.11029382760162
1983	1.11038774526841
1982	1.11371576952404
1982	1.10823674835306
1983	1.11246201682193
1980	1.09883650261136
1978	1.09491139195121
1978	1.10025894453705
1978	1.09883650261136
1978	1.09946061270529
1977	1.10070572681106
1978	1.10230895506826
1977	1.09928500320715
1978	1.10008368689967
1978	1.09866330785228
1978	1.09866330785228
1978	1.10194671023671
1978	1.09946061270529
1977	1.09937315329192
1977	1.09937315329192
1977	1.09937315329192
1977	1.09866330785228
1978	1.09999502095271
1977	1.096985802008
1951	1.09443925035918
1949	1.09680578148939
1949	1.09486708377793
1948	1.10209159248451
1950	1.09794312288725
1983	1.09766929082533
1983	1.10060119597601
1983	1.09950117800161
1983	1.09552854186457
1983	1.09552854186457
1983	1.09552854186457
1983	1.09552854186457
1983	1.09552854186457
1983	1.09624142848431
1983	1.09695501116907
1983	1.09624142848431
1983	1.09496233819691
1983	1.09759314417911
1983	1.09766929082533
1983	1.09751626742188
1983	1.09815209680161
1983	1.09860813495049
1983	1.09616630891336
1983	1.09624142848431
1983	1.09624142848431
1983	1.09624142848431
1983	1.09624154294012
1983	1.09687937853765
1983	1.09830760674388
1983	1.09560241559426
1983	1.09560241559426
1983	1.0935379970947
1983	1.09695501116907
1983	1.09695501116907
1983	1.09695501116907
1983	1.09624142848431
1983	1.09766929082533
1983	1.09624142848431
1983	1.09695501116907
1983	1.09624142848431
1983	1.09830760674388
1983	1.09367898318293
1983	1.09560241559426
1983	1.09695501116907
1983	1.09695501116907
1983	1.09610662015542
1983	1.09624142848431
1983	1.09774470431
1983	1.0936088618827
1983	1.10678551651349
1982	1.09942058369112
1984	1.10437848770691
1984	1.10606717448048
1989.005	1.10903702438708
1991.551	1.10586505026979
1996	1.10159473856136
1995	1.10631010032029
1995.964	1.09975506717793
1995.942	1.10362161891003
1996	1.10577467634455
1996.019	1.10497503952045
1996	1.10218973891947
1996.003	1.10371030282221
1995.953	1.10308094997099
1995.929	1.10218973891947
1995.874	1.10210139974502
1995.907	1.09869929845512
1996	1.10540668584894
1996	1.10281646957195
1996	1.10559206684881
1996	1.1016483774598
1995.948	1.10013321782117
1995.871	1.10013321782117
1995.332	1.1061236676273
1996.003	1.1090942555189
1995.934	1.10549972132273
1995.945	1.10549972132273
1995.962	1.10640227917055
1995.918	1.1084684027181
1995.986	1.1084684027181
1995.989	1.10676839720138
1996.104	1.10918924054833
1995.953	1.10308094997099
1995	1.10451643435483
1996	1.09824465608952
1996	1.09824465608952
1996	1.09975506717793
1995.923	1.09824465608952
1996	1.10101832647386
1996	1.10245066076764
1995.975	1.10371030282221
1995	1.09895814943182
1995.986	1.11240928957174
1995.942	1.10928353388625
1995.912	1.10362161891003
1995.951	1.11125939752301
1998	1.10206980413371
2000	1.10362161891003
2000	1.1035322355564
2000	1.10559206684881
2000	1.10559206684881
2000	1.10218985437604
2000	1.10478291166654
2000	1.10559206684881
2000	1.10559206684881
2000	1.10290533035586
2000	1.1035322355564
2000	1.1035322355564
2000.279	1.10559206684881
2001.022	1.10604983309293
2000	1.10702883351577
2000	1.10505629099638
2000	1.10245054528376
2000	1.10371030282221
2000	1.10658454718579
2000	1.10595449079217
1992	1.10333908001275
2001.022	1.11384147879335
2001.584	1.11202161597665
2001.518	1.11520480985675
2001.353	1.11656814092014
2001.058	1.11520480985675
2002.926	1.11447579872417
2003.937	1.11510905170528
2003.937	1.11510905170528
2003.811	1.11510905170528
2003.723	1.11583823857591
2003.696	1.11583823857591
2003.515	1.11510905170528
2003.068	1.11510905170528
2003.973	1.11510905170528
2003.964	1.11583823857591
2003.923	1.11583823857591
2003.819	1.11510905170528
2003.789	1.11583823857591
2003.773	1.11510905170528
2003.715	1.11510905170528
2003	1.11510905170528
2003	1.11583823857591
2003	1.11510905170528
2003	1.11510905170528
2001	1.10855968643194
2002.97	1.11916528980714
2003.153	1.11178422707838
2001	1.11720067842765
2000	1.13109228969011
2000.112	1.13144764586946
2000	1.13082507694506
2000.68	1.12843533742602
2000.587	1.1284352191645
2000.828	1.13105635826388
2000.623	1.13043016113344
2000.68	1.13043016113344
2000.669	1.13105635826388
2000.639	1.12895102467274
2000.642	1.13043016113344
2000.68	1.1284352191645
2000.653	1.12938336799056
2000.626	1.13043016113344
2000.62	1.12969022977631
2000.56	1.12895102467274
2000.678	1.12917481293076
2000.549	1.13242224967903
2000.631	1.13016415691292
2000.713	1.13043016113344
2000.806	1.13378825963039
2000.56	1.12980301943015
2000.467	1.13031639166958
2000.648	1.1311708196958
2000.699	1.13105623972767
2000.705	1.12906337479194
2000.735	1.13043016113344
2000.464	1.13008609635578
2000.563	1.12832421982495
2000.721	1.13316397047112
2000.779	1.13105623972767
2000.76	1.13164585345252
2000.839	1.13253861996146
2000.855	1.13105623972767
2000.68	1.12695820987358
2000.735	1.1311708196958
2000.658	1.12980301943015
2000.639	1.12600144781473
2000.658	1.12980301943015
2000.658	1.13168125689685
2000.568	1.12906325646459
2000.464	1.12946263709332
2000	1.13031614078479
2000.743	1.13168125689685
2000.508	1.12946263709332
2000.719	1.13094099117216
2000.661	1.12832421982495
2000.664	1.12883812049069
2000.544	1.12821254487259
2000.675	1.12548409857302
2000.675	1.12957676802238
2000.541	1.12821266311078
2000.716	1.12832421982495
2000.623	1.12832421982495
2000.751	1.12832421982495
2000.642	1.13099808819207
2000.683	1.1323879133893
2001	1.1328973229514
2001.463	1.12695820987358
1999.997	1.12411987542323
2000	1.11958058403858
2000	1.12150480068297
2001	1.12736299732841
2000	1.13577660523303
2001.019	1.13230521432195
2001.019	1.13378825963039
2001.019	1.13147261849376
1999	1.12861030663874
1999	1.12453099227739
1999	1.12390519970997
1999	1.12861042491861
1999	1.11175091902069
1998.071	1.11812801911385
1998	1.11510905170528
1997.997	1.11749281703926
1997.041	1.11447579872417
1997.041	1.11583823857591
1997	1.10566149241299
1995	1.1107489031849
1996	1.11680140610159
1996	1.10884912340561
1996	1.10948344653644
1996	1.10948344653644
1996	1.10948344653644
1996	1.10948344653644
1996	1.11011670590403
1996	1.10884912340561
1996	1.10948344653644
1996	1.10812544966185
1996	1.10884912340561
1996	1.10884912340561
1996	1.10893793918115
1997	1.11384147879335
1997.86	1.12317122082361
1997.822	1.12045167791605
1997.923	1.11898942465854
2000.68	1.12695820987358
2000.617	1.1261114583639
2000	1.12917481293076
2001.019	1.12643741944487
2000.962	1.12511830176705
2001.038	1.12538311835588
2001.077	1.1245411226545
2001.101	1.12464455685428
2001.063	1.12511757286707
2001.09	1.12612240762374
2001.06	1.12474741078904
2001	1.12601786723957
2001.156	1.12140158103528
2001.592	1.12770824507476
2001.425	1.12367132199862
2001.077	1.12349604271746
2001.074	1.12643656283644
2001.066	1.12643656283644
2001.058	1.12622636843444
2001.06	1.1255892312031
2000	1.12474741078904
2000	1.12723209035191
2000.964	1.1255892312031
2001.06	1.12813130667909
2001.066	1.12728259770087
2001.466	1.12665130512416
2001.54	1.12538311835588
2001.479	1.1254865252168
2001.54	1.12612240762374
2001.622	1.12675721251748
2001.523	1.1254865252168
2001.499	1.12612240762374
2001.479	1.1254865252168
2001.537	1.13023601204349
2001.419	1.12612240762374
2001.556	1.12675721251748
2001.542	1.125174214093
2001.43	1.12707087496744
2001.542	1.1254865252168
2001.545	1.12484956358305
2001.523	1.1254865252168
2001.622	1.12632962863824
2001.537	1.12464455685428
2001.605	1.12327136447717
2001.427	1.12575278330606
2001.523	1.12728378773963
2001.537	1.12675721251748
2001.592	1.13162239496257
2001.529	1.12612240762374
2001.512	1.12675721251748
2001.521	1.12612240762374
2001.499	1.12813130667909
2001.499	1.12739094160851
2001.504	1.12686036349953
2001.521	1.12876413398562
2001.293	1.1252790136441
2001.405	1.12675721251748
2001.389	1.12464455685428
2001.375	1.12612240762374
2001.499	1.12454100480109
2001.488	1.1260177492314
2001.679	1.125174214093
2001.54	1.12728378773963
2001.46	1.12675721251748
2001.471	1.1260177492314
2001.425	1.1265447064366
2001.488	1.12813130667909
2001.43	1.12612240762374
2001.616	1.1288725196005
2001.521	1.1254865252168
2001.575	1.12538311835588
2001.414	1.12723209035191
2001.523	1.12876413398562
2001.49	1.1308794950023
2001.504	1.12749740445845
2001.433	1.12538323629754
2001.638	1.12770734910288
2001.501	1.12961422640953
2001.468	1.12263493003266
2002.074	1.1232716137983
2002.005	1.12464455685428
2002.011	1.1252790136441
2002	1.1295054008407
2001.556	1.12327136447717
2001.501	1.1252790136441
2001.616	1.12474741078904
2001.507	1.12675721251748
2001.54	1.12675721251748
2001	1.12739094160851
2001.405	1.12464455685428
2001.54	1.1260177492314
2001.504	1.12538311835588
2001.479	1.12411062481922
2001	1.1286551792089
2001.567	1.12749740445845
2001.548	1.1279151987802
2001.542	1.1286551792089
2001.57	1.1265447064366
2001.518	1.12813130667909
2001.507	1.12728378773963
2001.507	1.1279151987802
2001.545	1.12749272075212
2001.488	1.12400902419427
2001.115	1.12622636843444
2001.049	1.12590618427266
2001.063	1.1279151987802
2001.058	1.12675721251748
2001.068	1.12675721251748
2001.159	1.12712565255399
2001.14	1.1260177492314
2001.14	1.12612240762374
2002	1.12505175359813
2000	1.12306716353766
2001	1.12612240762374
2001.03	1.12485567633656
2001.025	1.12364225298953
2001.025	1.12380372174941
2000	1.12980301943015
2001	1.13316397047112
2000.68	1.12706741889884
2000	1.13008609635578
2000	1.13156478261748
2002	1.12042683039328
2003.06	1.11791094783163
2003.159	1.11603013026269
2003.173	1.11603013026269
2003.052	1.11685654224424
2002.984	1.12032797533391
2003.036	1.11859733554139
2003.038	1.11356987304693
2003.055	1.1127504520154
2003.058	1.11202161597665
2003.074	1.11603013026269
2003	1.11876215016541
2003.227	1.121332292352
2003	1.11749281703926
2003.071	1.11283978300063
2003.115	1.11009879831344
2003.216	1.11377626429528
2003.036	1.11531825771354
2003.151	1.1127504520154
2003	1.11138175527246
2005	1.11758878713016
2005.603	1.11247814772996
2005.715	1.11668842756331
2005.718	1.11724083678183
2005.699	1.11793147198354
2005.679	1.11447579872417
2005.685	1.11724083678183
2005	1.11529986355215
2005.682	1.11603013026269
2005.759	1.11656814092014
2005	1.1157413563527
2005.496	1.1119321004086
2006.271	1.12100630280787
2005	1.11475721650796
2007.142	1.10808430716986
2007.118	1.11283978300063
2007.137	1.11082709010839
2007.06	1.11164217673981
2007.06	1.11155609884357
2007.077	1.11155609884357
2007.123	1.11275056863315
2007.134	1.11723112283135
2007.082	1.11138175527246
2007.123	1.11091263308317
2007.099	1.11636902294488
2007.099	1.1154878455013
2007.153	1.11567297328373
2007.115	1.11841755624383
2007.121	1.11576445922463
2007.178	1.11685654224424
2007.173	1.11905543892401
2007.096	1.11365901783739
2007.047	1.11356987304693
2007.184	1.11704526476378
2007.099	1.11695126003142
2007.145	1.12096263247308
2007.079	1.11895838123204
2006.989	1.11812801911385
2007.077	1.11695126003142
2007.178	1.11969224471862
2007.181	1.11895838123204
2007.096	1.11969224471862
2007.099	1.11969224471862
2007.156	1.11895838123204
2007.153	1.11895838123204
2007.178	1.12106273706221
2007.079	1.11074081662079
2007.137	1.11012839857016
2007.107	1.1149412645162
2007.153	1.11348000482454
2007.142	1.11348000482454
2007.118	1.11612501677361
2007.118	1.11704526476378
2007.079	1.11959393573014
2007.077	1.11969224471862
2007.077	1.11915178734584
2007.066	1.12042683039328
2007.077	1.12243322940581
2007.104	1.11905543892401
2007.082	1.11905543892401
2007.085	1.1184176734555
2007.079	1.11832175237502
2007.085	1.11841755624383
2007.153	1.11631265598547
2007.145	1.1149412645162
2007.175	1.11905543892401
2007.03	1.11421027534423
2007.153	1.12071926648176
2007.134	1.11841755624383
2007.162	1.11777859496873
2007.079	1.11915178734584
2007.121	1.11360367548976
2007.178	1.1193423441775
2007.118	1.11969224471862
2007.077	1.11713855338624
2006.962	1.11832175237502
2007.134	1.11108151506918
2007.115	1.11237243927669
2007.104	1.1088939884166
2007.14	1.10962244560728
2007.068	1.11108151506918
2007.077	1.11228582546028
2007.115	1.10824744877257
2007.079	1.11164217673981
2007.181	1.10970471021779
2007.041	1.11214313327516
2007.099	1.11400830080207
2007.088	1.11400830080207
2007.079	1.11465504471716
2007.082	1.11400830080207
2007.145	1.1140938986733
2007.118	1.11741409185755
2007.066	1.11083719851857
2007.118	1.11482782490717
2007.077	1.11059778261322
2007.041	1.11059778261322
2007.041	1.11059778261322
2007.153	1.112061502761
2007.115	1.11164217673981
2007.159	1.11530069714607
2007.085	1.11439036506302
2007.173	1.1131898394273
2007.107	1.11237243927669
2007.077	1.11301627090142
2007.14	1.11383512477195
2007.115	1.11292839032362
2007.011	1.11439036506302
2007.008	1.11245831992057
2007.058	1.11676916400108
2007.134	1.11310342163862
2007.195	1.11594525982192
2007.134	1.11310342163862
2007.175	1.11327552114697
2007.101	1.11383512477195
2007.14	1.11378073497019
2007.088	1.11189599757678
2006.989	1.11262786920256
2007.159	1.11146591798338
2007.137	1.11181212922999
2007.153	1.11873970934833
2007.068	1.11521192962334
2007.085	1.11465504471716
2007.082	1.11521192962334
2007.079	1.11392208070955
2007.115	1.10913695043639
2007.088	1.11676916400108
2007.126	1.11392208070955
2007.118	1.11189599757678
2007.068	1.11400830080207
2007.175	1.11547603226455
2007.137	1.11400830080207
2007.14	1.11392208070955
2007.145	1.11491310371918
2007.14	1.11172752124104
2007.14	1.11814959560059
2007.137	1.1195300272001
2007.153	1.11879361542775
2007.137	1.1195300272001
2007.118	1.11879361542775
2007.137	1.11181212922999
2007.126	1.11189599757678
2007.058	1.10832802152066
2007.162	1.11612314471578
2007.115	1.11327552114697
2007.126	1.11870068021655
2007.118	1.1131898394273
2007.107	1.11327552114697
2007.077	1.11465504471716
2007.137	1.11197912313886
2007.118	1.11218786195009
2007.137	1.11271153156501
2007.121	1.11271153156501
2007.195	1.11352811849717
2007.115	1.11400830080207
2007.173	1.11594525982192
2007.06	1.11524671800994
2007.101	1.11676916400108
2007.123	1.11603456828736
2007.099	1.11530069714607
2007.118	1.11741409185755
2007.14	1.11676916400108
2007.101	1.11603456828736
2007.156	1.11824053296409
2007.099	1.11612314471578
2007.085	1.11262786920256
2007.096	1.11503836998843
2007.068	1.1133604636645
2007.164	1.11254346427303
2007.041	1.10913695043639
2007.153	1.11594525982192
2007.079	1.11400830080207
2007.192	1.11649742978081
2007.03	1.11400830080207
2007.041	1.115562593597
2007.047	1.11694666629377
2007.058	1.11474180419014
2007.178	1.11538873240158
2007.088	1.11254346427303
2007.066	1.11141037550669
2007.134	1.11197912313886
2007.115	1.11271153156501
2007.079	1.11141037550669
2007.077	1.11108151506918
2007.079	1.11456754962461
2007.126	1.11474180419014
2007.079	1.11392208070955
2007.159	1.11124743760306
2007.134	1.11262786920256
2007.195	1.11598079514525
2007.096	1.11530069714607
2007.173	1.11530081403108
2007.063	1.11392208070955
2007.038	1.11465504471716
2007.096	1.11392208070955
2007.06	1.11521192962334
2006.962	1.11262786920256
2007.077	1.11465504471716
2007.173	1.11002630280992
2007.063	1.11392208070955
2007.06	1.11392208070955
2007.03	1.11197912313886
2006.929	1.11271153156501
2007.107	1.11392208070955
2007.104	1.11327552114697
2007.099	1.11536967797161
2007.063	1.11465529212582
2007.142	1.10978623139998
2007.079	1.11621098598025
2007.142	1.11392208070955
2007.162	1.11750448524141
2007.082	1.11262786920256
2007.115	1.11271153156501
2007.192	1.11538873240158
2007.162	1.11685828261432
2007.058	1.11197912313886
2007.077	1.1133604636645
2007.159	1.11465504471716
2007.096	1.11124743760306
2007.118	1.115562593597
2007.066	1.11181212922999
2007.115	1.11409378191478
2007.175	1.11694666629377
2007.121	1.11395486652294
2007.178	1.11603456828736
2007.121	1.11474180419014
2007.06	1.11524671800994
2007.134	1.1131898394273
2007.115	1.1131898394273
2007.115	1.1131898394273
2007.115	1.11612314471578
2007.027	1.11530069714607
2007.137	1.11676916400108
2007.156	1.11603456828736
2007.115	1.11870068021655
2007.173	1.11383512477195
2007.181	1.11667931358259
2007.082	1.11237243927669
2007.118	1.11310342163862
2007.063	1.11301627090142
2007.079	1.11172752124104
2007.126	1.11310342163862
2007.126	1.11310342163862
2007.014	1.11108151506918
2007.156	1.11331092636624
2007.173	1.11237243927669
2007.096	1.11310342163862
2007.068	1.11245831992057
2007.162	1.11172752124104
2007.099	1.11310342163862
2007.14	1.1131898394273
2007.066	1.1102680825782
2007.079	1.11172752124104
2007.115	1.11310342163862
2007.063	1.11310342163862
2007.099	1.1150322102145
2007.099	1.11576445922463
2007.123	1.1149412645162
2007.104	1.11576445922463
2007.096	1.1150322102145
2007.096	1.11172752124104
2007.2	1.11594525982192
2007.068	1.11310342163862
2007.058	1.11164217673981
2007.181	1.11310342163862
2007.058	1.11310342163862
2007.195	1.11301627090142
2007.156	1.11237243927669
2007.126	1.11439036506302
2007.192	1.1109127495083
2007.164	1.1102680825782
2007.192	1.1102680825782
2007.173	1.1102680825782
2007.192	1.10962244560728
2007.164	1.1102680825782
2007.189	1.11172752124104
2007.156	1.11043441903268
2007.079	1.11035162084347
2006.274	1.12155266256814
2007.085	1.12062242028492
2007.058	1.11344466383408
2007.153	1.11750448524141
2007.107	1.11491310371918
2007.101	1.11417852090023
2007.096	1.11426251459823
2007.096	1.11512336146403
2007.096	1.11564853016968
2007.104	1.11564841324823
2007.101	1.11842021054822
2006.967	1.1176830741632
2007.173	1.11833073899054
2007.156	1.12081516289216
2007.077	1.11879361542775
2007.077	1.1193423441775
2007.077	1.12081516289216
2007.099	1.11943654645563
2007.142	1.11943654645563
2007.153	1.11943654645563
2007.049	1.11943654645563
2007.077	1.11805793001911
2007.137	1.11879361542775
2007.173	1.12164850681833
2007.134	1.12164850681833
2007.173	1.1209104587996
2007.123	1.12109888438408
2007.068	1.11805793001911
2007.068	1.11824053296409
2007.123	1.12155266256814
2007.121	1.1199829236265
2007.068	1.12007839041386
2007.101	1.1193423441775
2007.099	1.12021367454998
2007.058	1.11741409185755
2007.123	1.11943654645563
2007.096	1.11805793001911
2007.068	1.1131898394273
2007.121	1.11254346427303
2007.115	1.12960545573704
2007.162	1.12991513404704
2007.027	1.12769635179575
2007.162	1.12928569112379
2007.153	1.12780611618781
2007.173	1.12854553994516
2007.178	1.12991513404704
2003.729	1.11640540259161
2005.266	1.11009879831344
2005.449	1.11402730510732
2006.2	1.12126083587106
2006.321	1.12243322940581
2006.271	1.12347275873166
2006	1.11969224471862
2005	1.11476982932259
2005.033	1.11301627090142
2005.055	1.11365901783739
2003.688	1.1149412645162
2003.589	1.1149412645162
2005	1.11860702322892
2004	1.12364225298953
2010.112	1.12081528035509
2010.112	1.12081516289216
2005.6	1.1235723957652
2005.69	1.12552761546716
2005.663	1.12347275873166
2005.611	1.12495101220172
2003.03	1.1150322102145
2003.17	1.12117243582904
2008.027	1.10680761647476
2008.008	1.10664741110262
2008.481	1.11279444820346
2008.44	1.11409378191478
2008.437	1.11271153156501
2008.437	1.11271164817867
2007	1.10755300096101
2008.469	1.11214313327516
2008.478	1.11083719851857
2007.995	1.10580391383989
2008.122	1.106377903296
2008.434	1.10660319238711
2007.981	1.11538873240158
2008.036	1.10718253016593
2007.962	1.10783521766455
2007.945	1.10434527960552
2007.849	1.10645376103631
2008.016	1.11184267097416
2008.123	1.11132928121524
2008.484	1.10986700600355
2008.497	1.11051647400658
2008.12	1.10994703086547
2008.077	1.10557429566363
2008.074	1.10702899852694
2008.94	1.11124743760306
2008.123	1.10587408471961
2008.108	1.10645376103631
2008.623	1.11108151506918
2008.88	1.11181212922999
2008.847	1.10913695043639
2008.861	1.1124039973497
2008.842	1.11254346427303
2008.833	1.11254346427303
2008.776	1.11378073497019
2008.776	1.11181212922999
2008.814	1.11035162084347
2008.828	1.11181212922999
2008.839	1.11327552114697
2008.6	1.10492357824344
2008.063	1.10383322194309
2008.016	1.10989715788065
2007.868	1.10913695043639
2008.055	1.10151477727284
2008.333	1.10492357824344
2008.041	1.10419749081225
2008.896	1.10630128844075
2008.915	1.11254346427303
2008.825	1.10897572044589
2009.033	1.10484801925317
2007.948	1.10761805146063
2008.038	1.10680761647476
2008.117	1.10725571941259
2007.997	1.10631044665684
2008.041	1.1074582825751
2008.137	1.10905670883537
2009.023	1.10332234996324
2009.088	1.10354586804612
2008.112	1.10905670883537
2008.921	1.10369107998503
2008.858	1.10580027981616
2008.801	1.10775742686619
2008.148	1.10622391965074
2008.533	1.10832790536641
2008.16	1.10760020934895
2008.342	1.1088939884166
2008.036	1.10981679643122
2007.863	1.10957118106022
2008.71	1.11292839032362
2008.022	1.10897572044589
2007	1.1131898394273
2008.437	1.10767899863806
2008.444	1.10767899863806
2008.984	1.10769680060002
2008.137	1.10897572044589
2007	1.10431484397263
2008.085	1.10630128844075
2008.538	1.1102680825782
2008.828	1.10986700600355
2008.839	1.10695110051502
2008.885	1.10840761496346
2008.866	1.10840761496346
2008.899	1.10710614280454
2008.885	1.10767899863806
2008.883	1.10695110051502
2008.861	1.10695110051502
2008.85	1.10695110051502
2008	1.10759982004832
2008.844	1.10767899863806
2008.56	1.10751989425499
2008.563	1.10679305595183
2008.555	1.10905670883537
2008.022	1.10957118106022
2008.71	1.10897572044589
2007.992	1.10948780958769
2008	1.11140792836039
2009.016	1.10369107998503
2008.989	1.10963227131035
2008.984	1.11108848148351
2009.14	1.10025631079516
2009	1.11173083314989
2009.233	1.10141277300434
2007	1.10339761177017
2009.118	1.11356987304693
2009.134	1.11292839032362
2009.323	1.1133894162423
2009.162	1.11211041072266
2009.121	1.11211041072266
2009.323	1.1126606474044
2009.323	1.11082709010839
2009.023	1.11411914875835
2007	1.1102680825782
2007	1.10832790536641
2007	1.10695110051502
2009.052	1.10293295154987
2009.036	1.10963227131035
2008.489	1.10759359052569
2009.085	1.10678923841661
2008.634	1.10897981529481
2009.414	1.10850823312612
2008.959	1.10549745510316
2008.191	1.10751989425499
2009.129	1.10274746143375
2009.014	1.10216815784881
2009.321	1.10929518061482
2009.326	1.10929529687045
2009	1.10970482651634
2009.325	1.10317165561811
2009.707	1.10693717432373
2009.321	1.10727566504362
2009.323	1.10655041491403
2009.323	1.10655041491403
2009.319	1.10702899852694
2009.319	1.10752001032456
2009.315	1.1102680825782
2009.318	1.10759993612626
2009.326	1.10816624832895
2009.323	1.11172752124104
2009.323	1.11172752124104
2009.323	1.11099744244199
2009.318	1.10970471021779
2009	1.10872830596984
2009.323	1.10970471021779
2008.934	1.11035162084347
2008.934	1.10710614280454
2009.325	1.10775742686619
2009.348	1.11108151506918
2009.348	1.11108151506918
2009.353	1.11245831992057
2009.332	1.11108151506918
2009.323	1.11181212922999
2009.318	1.11108151506918
2009.322	1.10970471021779
2009.329	1.10897572044589
2009.326	1.10970482651634
2009.323	1.10905670883537
2009.373	1.11043441903268
2009.205	1.10296484800602
2009	1.10728949616405
2009.162	1.11069571800742
2009.312	1.11000090582441
2009.162	1.10409296757438
2009.625	1.10617947373692
2009.575	1.09992709406628
2008	1.10410547950394
2009.315	1.11091263308317
2009.322	1.11447932203619
2009.323	1.11456754962461
2009.323	1.11447932203619
2009.162	1.10518358044908
2009	1.11465504471716
2007	1.11172752124104
2008.937	1.09908212000168
2007	1.10622391965074
2008.672	1.10177373279586
2009.112	1.11465504471716
2009.086	1.11181212922999
2009.462	1.11010481864824
2009.473	1.11287661594823
2009.323	1.10970471021779
2009.186	1.10718253016593
2008.842	1.10819712940524
2009.537	1.11470691393803
2009.43	1.11787242661551
2009.163	1.11108151506918
2009.041	1.11324221637273
2009.808	1.12385070854085
2009.67	1.11603456828736
2009.538	1.11658873447473
2008.975	1.10156251088781
2009.153	1.10090187408557
2009.323	1.1129580316168
2009.007	1.11075814805314
2009.527	1.11361094119032
2009.077	1.10767899863806
2008.844	1.1077747885835
2009.5	1.10905670883537
2009.499	1.10660319238711
2009.522	1.10929518061482
2009.456	1.1131898394273
2009.573	1.11640540259161
2008.877	1.1085647805157
2010.627	1.1104345354077
2010.104	1.1104345354077
2010.016	1.1104345354077
2008.861	1.1133604636645
2008.992	1.11262786920256
2009.041	1.11254346427303
2009.329	1.11594525982192
2009.323	1.11392208070955
2009.323	1.11594525982192
2009.318	1.11603456828736
2009.318	1.11474180419014
2009.337	1.11474180419014
2009.326	1.11474180419014
2009.323	1.11474180419014
2009.321	1.11474180419014
2009.323	1.11447932203619
2009	1.11658873447473
2008.943	1.11245831992057
2009.318	1.11667931358259
2009.34	1.11667931358259
2009.326	1.11741409185755
2009.323	1.11741409185755
2009.326	1.11814959560059
2009.049	1.11279444820346
2008.997	1.10994703086547
2009.033	1.10772899522885
2009.085	1.11077779228988
2008.713	1.11051647400658
2009.162	1.11124743760306
2009.126	1.11465504471716
2008.79	1.10840761496346
2009.068	1.11189611410497
2009.326	1.11051647400658
2009.036	1.10580027981616
2009.118	1.11245831992057
2009.326	1.11254346427303
2009.132	1.10848657440404
2009.352	1.11181212922999
2009.319	1.11297336637254
2009.345	1.1131898394273
2009.332	1.11392208070955
2009.323	1.11392208070955
2009.321	1.11327552114697
2009.318	1.11392208070955
2009.314	1.11051647400658
2009	1.11500411674597
2008.117	1.10702899852694
2009.086	1.09888902806731
2009.025	1.10354598369921
2009.011	1.09875741505905
2009.323	1.10354586804612
2009.323	1.10289314921737
2009.121	1.10354586804612
2009.318	1.09999746776434
2009.315	1.09999746776434
2009.321	1.09855390168917
2009.326	1.09862247092964
2009.326	1.09862247092964
2009.319	1.09992709406628
2009.319	1.10137246459905
2009.326	1.10137246459905
2009.329	1.10282068596086
2009.323	1.09587247726023
2009.323	1.10137246459905
2009.323	1.10137246459905
2009.321	1.10282068596086
2009.318	1.10282068596086
2009.118	1.10137246459905
2009.167	1.10289314921737
2009.099	1.09875729990781
2009.052	1.10216815784881
2009.318	1.09593666170393
2009.323	1.09855401681909
2009.326	1.09587247726023
2009.323	1.10549745510316
2009	1.10155943604358
2009	1.10097933118689
2009.162	1.10083674658555
2009.247	1.09763691026972
2009.163	1.10418543893918
2009.163	1.10282068596086
2009.086	1.10151453278085
2009.163	1.10151453278085
2009.137	1.09790123512374
2009.137	1.09790123512374
2009.163	1.10144388110947
2009.137	1.09790123512374
2009.438	1.10178942674825
2009.085	1.1086684370061
2009.148	1.10580027981616
2009.319	1.09882355320749
2009.548	1.10027127841708
2009.326	1.10390313360897
2009.326	1.10185620586501
2009.321	1.10185620586501
2009.323	1.10317532539825
2009.318	1.10112950764512
2009.321	1.0998063349821
2009.318	1.1017218666293
2008.653	1.10289314921737
2008.657	1.1042717656539
2008.802	1.10565038209042
2008.762	1.10419749081225
2008.6	1.10484801925317
2009.153	1.09803502725688
2009.11	1.09941273745419
2009.167	1.10144388110947
2009.145	1.100203984807
2009.399	1.10244576542186
2009.137	1.10085980901522
2009.112	1.10289314921737
2009.156	1.10072031806044
2009.156	1.09875729990781
2009.151	1.09816571788248
2009.137	1.10144388110947
2009.112	1.09954705840812
2009.107	1.1007904476515
2009.104	1.10151453278085
2009.036	1.10085980901522
2009.142	1.10223933258541
2009.137	1.10361885615561
2009.074	1.10006707625809
2009.115	1.1007904476515
2009.363	1.09949455603179
2009.118	1.09941273745419
2009.216	1.10282068596086
2009.195	1.10303577911662
2009.186	1.10296484800602
2009.184	1.10296484800602
2009.162	1.10282068596086
2009.159	1.09875741505905
2009.323	1.09888902806731
2009.323	1.09888902806731
2009.082	1.10347211885559
2009.077	1.1007904476515
2009.077	1.1007904476515
2009.326	1.10027127841708
2009.167	1.10006707625809
2009.132	1.09941273745419
2009.14	1.09744312160799
2009.118	1.09882355320749
2009.159	1.100203984807
2009.159	1.09954705840812
2009.167	1.10092839893375
2009.225	1.09665731705957
2009.162	1.09882355320749
2009.134	1.10223933258541
2009.184	1.10223933258541
2009.137	1.10289314921737
2009.145	1.09816571788248
2009.107	1.10085980901522
2009.195	1.09750677771754
2009.148	1.10085980901522
2009.142	1.09750677771754
2009.11	1.09941273745419
2009.162	1.10165352876685
2009.112	1.09948028544502
2009.115	1.09875729990781
2009.145	1.10092839893375
2009.134	1.09882355320749
2009.112	1.10006707625809
2009.093	1.09898797080169
2009.079	1.09810076187483
2009.077	1.09810076187483
2009.058	1.10085980901522
2009.118	1.09888902806731
2009.137	1.09954705840812
2009.222	1.10092839893375
2009.093	1.09750677771754
2009.137	1.09948028544502
2009.156	1.10492357824344
2008.146	1.10892132842242
2007	1.10614580009338
2008.486	1.11383512477195
2008.59	1.11383512477195
2008.574	1.10970471021779
2007	1.10913695043639
2006	1.10500235826928
2004	1.11247814772996
2007.395	1.10871891999824
2007.364	1.11230413424326
2007.351	1.11075814805314
2007.351	1.10864223011315
2007.395	1.11075814805314
2007.375	1.10937316283113
2008.82	1.10258362370681
2008.762	1.10718253016593
2008	1.10945127229291
2008	1.10945127229291
2008.781	1.10798817760912
2007.971	1.11067834168791
2008	1.10733784386143
2008	1.11034120654409
2007.499	1.10449001202284
2007.364	1.10864223011315
2007.556	1.10609088494748
2007.354	1.10798817760912
2007.351	1.10864223011315
2007.107	1.10806357255473
2007.088	1.10733302134824
2007.088	1.10733302134824
2007.386	1.10937316283113
2007.444	1.10806357255473
2008.016	1.11230413424326
2008.139	1.11417852090023
2008.011	1.10733302134824
2008.183	1.10682158080531
2008.954	1.10828514637216
2008.861	1.10748044636073
2008.5	1.10667675957281
2008.858	1.10894439920342
2008.536	1.10725815741638
2008.746	1.10879484695988
2008.746	1.10879484695988
2008.678	1.10383322194309
2008.648	1.10383322194309
2008.522	1.10748044636073
2008.055	1.10390313360897
2007.211	1.10410819230292
2007.058	1.10601939052193
2006.504	1.10185620586501
2006.392	1.1137474361114
2006	1.10905670883537
2004	1.11466412031133
2006	1.11612501677361
2006	1.11612501677361
2005.573	1.10557820510951
2005.605	1.10107921385142
2006.334	1.10540945591268
2005.989	1.10445897242541
2006.816	1.10966541162429
2006	1.0995184882576
2007.011	1.11329811035997
2006.759	1.11447579872417
2006.545	1.1119321004086
2006.57	1.11593453652452
2006.564	1.11111481666656
2006.584	1.11447579872417
2006.447	1.11457031337474
2006.384	1.1119321004086
2006.463	1.1119321004086
2006.033	1.10937122251891
2007.101	1.11593453652452
2007.126	1.11384147879335
2008.716	1.11120451521597
2006.008	1.11184186707516
2006	1.1119321004086
2006	1.11428465832427
2006.121	1.1116592592773
2006.493	1.11111481666656
2004.809	1.10966285365055
2001	1.10502075132624
2004.697	1.11402730510732
2005.929	1.1149412645162
2005.912	1.11292839032362
2006.921	1.1074392244034
2006.225	1.11685828261432
2006.244	1.11685828261432
2007.789	1.09600006703476
2007.767	1.09600006703476
2007.104	1.10913695043639
2007.047	1.10905670883537
2007.137	1.1102680825782
2007.14	1.11237243927669
2007.162	1.1150322102145
2007.162	1.10557429566363
2008.096	1.10897572044589
2007.863	1.10905670883537
2007	1.10622391965074
2007	1.10622391965074
2007	1.10622391965074
2007	1.10492357824344
2007	1.10557429566363
2007	1.10557429566363
2007	1.10557429566363
2007	1.10492357824344
2007	1.10775742686619
2007	1.10557429566363
2007	1.10557429566363
2007	1.10557429566363
2007	1.10557429566363
2007	1.10557429566363
2007	1.10557429566363
2007	1.10557429566363
2007	1.10557429566363
2007	1.10630128844075
2007	1.10557429566363
2007	1.10557429566363
2007	1.10622391965074
2007	1.10492357824344
2007	1.10557429566363
2007	1.10557429566363
2007	1.10557429566363
2007	1.10557429566363
2007	1.10557429566363
2007	1.10557429566363
2007	1.10557429566363
2007	1.10557429566363
2007	1.10565038209042
2008.79	1.10808430716986
2007.658	1.10637801924589
2008.138	1.11051647400658
2007.959	1.11030393400777
2007	1.10484801925317
2007	1.10484801925317
2007	1.10484801925317
2008.005	1.10391479644166
2008.116	1.10006719154659
2008.092	1.10144388110947
2008.169	1.09934441766286
2008.094	1.10151453278085
2008.137	1.10013616053032
2008.085	1.10202351760856
2008.074	1.10266108029946
2007.925	1.10209621845801
2007	1.10282068596086
2007.718	1.10137246459905
2008.022	1.0985169227184
2008.003	1.10273576363975
2008.074	1.10622403558449
2007.51	1.10645480303797
2008.066	1.10410547950394
2008.131	1.10637801924589
2007.748	1.11091263308317
2007.929	1.10534152423132
2007.923	1.10534152423132
2007.795	1.10679305595183
2007.997	1.10832790536641
2008.026	1.10754549550875
2008.027	1.10484900633198
2008.563	1.10655041491403
2008.486	1.10590696830067
2008.437	1.10808442329858
2008.434	1.10735781362625
2008.443	1.10901726395569
2008.499	1.10619206918291
2008.434	1.10735805941521
2007	1.10687245193787
2007	1.10687245193787
2007	1.10354586804612
2007.806	1.10426771244907
2007.638	1.10514569739557
2007.827	1.106377903296
2009.023	1.10064942344696
2009.163	1.10565038209042
