1918	66.3510976903615
1933.025	65.746945210879
1933.414	65.66811194324
1932	65.9254002050312
1932	66.2356095253115
1933	66.1567576092099
1933	66.0779056931083
1935	66.0629921259843
1945	64.8708081363387
1948	64.709595959596
1943	64.6633102580239
1943	64.2425194376816
1947	65.4015056461731
1947	65.5326487418672
1954	65.1407070627891
1954	65.1407070627891
1954	65.1407070627891
1951	65.7048769013643
1951	65.6894254134985
1951	65.7678137493141
1951	65.6316160903317
1951	65.5326487418672
1957	67.0483061480552
1957	67.0377920652344
1957	66.6457581935079
1953	65.964568536207
1954	66.0288582183187
1950	65.9245904209454
1950	65.9245904209454
1946	64.6855888348753
1939	64.60718206053
1940	64.60718206053
1946	64.4931550209702
1948	64.8857978345057
1942	64.4198287375285
1942	64.0854472630174
1934	66.0622782814348
1935	66.0622782814348
1946	66.5562652787635
1946	66.3776113519905
1935	65.5093865367999
1936	65.9021286623203
1934	65.0220680958386
1934	65.1796973518285
1934	64.7856242118537
1934	64.7856242118537
1993	64.6199748743719
1995.578	62.9711055276382
1996	63.4422110552764
1991	64.4629396984925
2014.871	64.4629396984925
2014.83	64.4629396984925
2014.83	64.5414572864322
2014.964	64.4629396984925
2014.964	64.5414572864322
2014.964	64.4629396984925
2014.964	64.4629396984925
2014.964	64.4629396984925
2014.964	64.6199748743719
2014.964	64.5414572864322
2014.964	64.6199748743719
2014.964	64.6199748743719
2014.964	64.6199748743719
2014.926	64.4629396984925
2014.926	64.4629396984925
2014.926	64.4629396984925
2014.926	64.4629396984925
2014.926	64.4629396984925
2014.926	64.5414572864322
2014.926	64.6199748743719
2014.926	64.5414572864322
2014.926	64.5414572864322
2014.926	64.5414572864322
2014.871	64.4629396984925
2014.871	64.4629396984925
2014.871	64.4629396984925
2014.871	64.6984924623116
2014.871	64.6199748743719
2014.871	64.6199748743719
2014.871	64.6984924623116
2014.871	64.6199748743719
2014.83	64.6199748743719
2014.83	64.6199748743719
2014.83	64.6199748743719
2014.83	64.6199748743719
2014.83	64.6984924623116
2014.83	64.6984924623116
2014.83	64.6199748743719
2014.83	64.6199748743719
2014.8	64.6984924623116
2014.8	64.6199748743719
2014.8	64.6199748743719
2014.8	64.6984924623116
2014.8	64.6199748743719
2014.8	64.6984924623116
2014.8	64.6984924623116
2014.8	64.6984924623116
2014.8	64.6984924623116
2014.8	64.6984924623116
2014	64.6984924623116
2014.871	64.6199748743719
1986	63.3377753390296
1987	62.5538919808732
1986	62.9458336599514
1987	63.3377753390296
1987	63.1809986673983
1986	62.8773030184241
1986	62.8674453241358
1989.003	64.3568237046327
1987	63.3477067816543
1986	62.9557036456292
1986	63.0538781272057
1980	63.6513286822921
1980	63.7297170181077
1981	64.1216586971859
1983	64.2000470330015
1983	64.513600376264
1983	64.4352120404484
1982	64.6703770478953
1982	64.2151481888035
1983	64.513600376264
1980	64.513600376264
1978	64.2000470330015
1978	64.513600376264
1978	64.513600376264
1978	64.5919887120797
1977	64.7487653837109
1978	64.5919887120797
1977	64.7487653837109
1978	64.6703770478953
1978	64.6703770478953
1978	64.6703770478953
1978	64.9055420553422
1978	64.5919887120797
1977	64.6703770478953
1977	64.6703770478953
1977	64.6703770478953
1977	64.6703770478953
1978	64.7487653837109
1977	64.4655321151282
1951	65.2139710509755
1949	65.0623187269734
1949	64.9055420553422
1948	65.3758720702359
1950	65.2974837344203
1983	63.5729403464764
1983	64.2101136809095
1983	63.886493689739
1983	63.5729403464764
1983	63.5729403464764
1983	63.5729403464764
1983	63.5729403464764
1983	63.5729403464764
1983	63.5729403464764
1983	63.5729403464764
1983	63.5729403464764
1983	63.4161636748452
1983	63.6513286822921
1983	63.5729403464764
1983	63.7297170181077
1983	63.8081053539233
1983	63.823114317077
1983	63.6513286822921
1983	63.5729403464764
1983	63.5729403464764
1983	63.5729403464764
1983	63.5829086632693
1983	63.6513286822921
1983	63.6513286822921
1983	63.4945520106608
1983	63.4945520106608
1983	63.4161636748452
1983	63.5729403464764
1983	63.5729403464764
1983	63.5729403464764
1983	63.5729403464764
1983	63.5729403464764
1983	63.5729403464764
1983	63.5729403464764
1983	63.5729403464764
1983	63.6513286822921
1983	63.2593870032139
1983	63.4945520106608
1983	63.5729403464764
1983	63.5729403464764
1983	63.7062607876981
1983	63.5729403464764
1983	63.4945520106608
1983	63.3377753390296
1983	64.4352120404484
1982	63.9648820255546
1984	64.2302564504745
1984	64.4352120404484
1989.005	64.3669149353195
1991.551	64.394534317575
1996	63.6877650384797
1995	64.6199748743719
1995.964	64.070351758794
1995.942	64.4629396984925
1996	64.4629396984925
1996.019	64.3210555250137
1996	64.4629396984925
1996.003	64.3844221105528
1995.953	64.3059045226131
1995.929	64.4629396984925
1995.874	64.5414572864322
1995.907	64.1096321965819
1996	64.7770100502513
1996	64.5414572864322
1996	64.6199748743719
1996	64.3059045226131
1995.948	64.3844221105528
1995.871	64.3844221105528
1995.332	64.7770100502513
1996.003	64.6984924623116
1995.934	64.6984924623116
1995.945	64.6984924623116
1995.962	64.5414572864322
1995.918	64.6199748743719
1995.986	64.6199748743719
1995.989	64.6351998743423
1996.104	64.6199748743719
1995.953	64.3059045226131
1995	64.3160043976755
1996	64.1488693467337
1996	64.1488693467337
1996	64.070351758794
1995.923	64.1488693467337
1996	64.2273869346734
1996	64.237474477776
1995.975	64.3844221105528
1995	64.1488693467337
1995.986	64.9340452261306
1995.942	64.5414572864322
1995.912	64.4629396984925
1995.951	64.6984924623116
1998	63.9133165829146
2000	64.4629396984925
2000	64.5414572864322
2000	64.6199748743719
2000	64.6199748743719
2000	64.4730642374745
2000	64.6984924623116
2000	64.6199748743719
2000	64.6199748743719
2000	64.4629396984925
2000	64.5414572864322
2000	64.5414572864322
2000.279	64.6199748743719
2001.022	64.6351998743423
2000	64.6199748743719
2000	64.4629396984925
2000	64.2273869346734
2000	64.3844221105528
2000	64.3844221105528
2000	64.3059045226131
1992	64.070351758794
2001.022	64.1639833503495
2001.584	63.849839001021
2001.518	64.2425194376816
2001.353	64.3210555250137
2001.058	64.2425194376816
2002.926	64.2425194376816
2003.937	64.3210555250137
2003.937	64.3210555250137
2003.811	64.3210555250137
2003.723	64.3210555250137
2003.696	64.3210555250137
2003.515	64.3210555250137
2003.068	64.3210555250137
2003.973	64.3210555250137
2003.964	64.3210555250137
2003.923	64.3210555250137
2003.819	64.3210555250137
2003.789	64.3210555250137
2003.773	64.3210555250137
2003.715	64.3210555250137
2003	64.3210555250137
2003	64.3210555250137
2003	64.3210555250137
2003	64.3210555250137
2001	63.6927668263567
2002.97	64.1942327335586
2003.153	64.0521848475322
2001	64.3995916123459
2000	65.4990968349957
2000.112	65.2634885729993
2000	65.1849524856672
2000.68	64.8024507108632
2000.587	64.7922720490065
2000.828	65.0380959861755
2000.623	64.9493442236708
2000.68	64.9493442236708
2000.669	65.0380959861755
2000.639	64.9493442236708
2000.642	64.9493442236708
2000.68	64.7922720490065
2000.653	64.8228176318064
2000.626	64.9493442236708
2000.62	64.9493442236708
2000.56	64.9493442236708
2000.678	64.7922720490065
2000.549	65.106416398335
2000.631	64.9646504320503
2000.713	64.9493442236708
2000.806	65.1849524856672
2000.56	64.8708081363387
2000.467	65.0483148715531
2000.648	64.9493442236708
2000.699	65.0278803110029
2000.705	64.8809991359673
2000.735	64.9493442236708
2000.464	65.1849524856672
2000.563	64.8708081363387
2000.721	65.106416398335
2000.779	65.0278803110029
2000.76	64.9646504320503
2000.839	65.0278803110029
2000.855	65.0278803110029
2000.68	64.7922720490065
2000.735	64.9493442236708
2000.658	64.8708081363387
2000.639	64.9493442236708
2000.658	64.8708081363387
2000.658	65.106416398335
2000.568	64.8708081363387
2000.464	65.106416398335
2000	65.0278803110029
2000.743	65.106416398335
2000.508	65.106416398335
2000.719	65.106416398335
2000.661	64.8708081363387
2000.664	65.0278803110029
2000.544	64.9493442236708
2000.675	64.7922720490065
2000.675	65.0278803110029
2000.541	64.9595475610714
2000.716	64.8708081363387
2000.623	64.8708081363387
2000.751	64.8708081363387
2000.642	65.0738761395788
2000.683	64.9748585795097
2001	65.1217596229379
2001.463	64.7922720490065
1999.997	64.7137359616744
2000	64.9992159322565
2000	65.014508665987
2001	65.0278803110029
2000	65.3420246603314
2001.019	65.1849524856672
2001.019	65.1849524856672
2001.019	65.0892225453974
1999	65.1849524856672
1999	64.9493442236708
1999	64.8708081363387
1999	65.1951928363836
1999	64.0854472630174
1998.071	64.2425194376816
1998	64.3210555250137
1997.997	64.1639833503495
1997.041	64.2425194376816
1997.041	64.3210555250137
1997	63.6927668263567
1995	64.3210555250137
1996	64.7137359616744
1996	64.0854472630174
1996	64.1639833503495
1996	64.1639833503495
1996	64.1639833503495
1996	64.1639833503495
1996	64.2425194376816
1996	64.0854472630174
1996	64.1639833503495
1996	64.0854472630174
1996	64.0854472630174
1996	64.0854472630174
1996	64.0069111756852
1997	64.1639833503495
1997.86	64.8708081363387
1997.822	64.7137359616744
1997.923	64.7137359616744
2000.68	64.7922720490065
2000.617	64.8708081363387
2000	64.7922720490065
2001.019	64.6351998743423
2000.962	64.3362136684996
2001.038	64.3210555250137
2001.077	64.4097085853429
2001.101	64.3210555250137
2001.063	64.5237346746306
2001.09	64.3210555250137
2001.06	64.2425194376816
2001	64.4097085853429
2001.156	63.9735932096825
2001.592	64.2425194376816
2001.425	63.9283750883531
2001.077	63.8766519823789
2001.074	64.2728058458396
2001.066	64.2728058458396
2001.058	64.2425194376816
2001.06	64.1639833503495
2000	64.2425194376816
2000	64.4147682639434
2000.964	64.1639833503495
2001.06	64.478127699678
2001.066	64.3817309959909
2001.466	64.478127699678
2001.54	64.3210555250137
2001.479	64.2425194376816
2001.54	64.3210555250137
2001.622	64.3995916123459
2001.523	64.2425194376816
2001.499	64.3210555250137
2001.479	64.2425194376816
2001.537	64.7442445195254
2001.419	64.3210555250137
2001.556	64.3995916123459
2001.542	64.478127699678
2001.43	64.1740633100306
2001.542	64.2425194376816
2001.545	64.1639833503495
2001.523	64.2425194376816
2001.622	64.1639833503495
2001.537	64.3210555250137
2001.605	64.2425194376816
2001.427	64.4147682639434
2001.523	64.5566637870101
2001.537	64.3995916123459
2001.592	64.6351998743423
2001.529	64.3210555250137
2001.512	64.3995916123459
2001.521	64.3210555250137
2001.499	64.478127699678
2001.499	64.478127699678
2001.504	64.5085251826825
2001.521	64.5566637870101
2001.293	64.3995916123459
2001.405	64.3995916123459
2001.389	64.3210555250137
2001.375	64.3210555250137
2001.499	64.3995916123459
2001.488	64.3995916123459
2001.679	64.478127699678
2001.54	64.5566637870101
2001.46	64.3995916123459
2001.471	64.3995916123459
2001.425	64.5566637870101
2001.488	64.478127699678
2001.43	64.3210555250137
2001.616	64.4882570104469
2001.521	64.2425194376816
2001.575	64.3210555250137
2001.414	64.4147682639434
2001.523	64.5566637870101
2001.49	64.6351998743423
2001.504	64.3995916123459
2001.433	64.3311601602388
2001.638	64.4299520704015
2001.501	64.478127699678
2001.468	64.1639833503495
2002.074	64.2627072040223
2002.005	64.3210555250137
2002.011	64.3995916123459
2002	64.5566637870101
2001.556	64.2425194376816
2001.501	64.3995916123459
2001.616	64.2425194376816
2001.507	64.3995916123459
2001.54	64.3995916123459
2001	64.478127699678
2001.405	64.3210555250137
2001.54	64.3995916123459
2001.504	64.3210555250137
2001.479	64.1639833503495
2001	64.6351998743423
2001.567	64.3995916123459
2001.548	64.6351998743423
2001.542	64.6351998743423
2001.57	64.5566637870101
2001.518	64.478127699678
2001.507	64.5566637870101
2001.507	64.6351998743423
2001.545	64.5870982949635
2001.488	64.2425194376816
2001.115	64.2425194376816
2001.049	64.3031208238346
2001.063	64.6351998743423
2001.058	64.3995916123459
2001.068	64.3995916123459
2001.159	64.4933228593873
2001.14	64.3995916123459
2001.14	64.3210555250137
2002	64.0069111756852
2000	64.3995916123459
2001	64.3210555250137
2001.03	64.7137359616744
2001.025	64.3362136684996
2001.025	64.3995916123459
2000	64.8708081363387
2001	65.106416398335
2000.68	64.7137359616744
2000	65.1849524856672
2000	65.1849524856672
2002	64.1639833503495
2003.06	63.816409933983
2003.159	64.1639833503495
2003.173	64.1639833503495
2003.052	64.0854472630174
2002.984	64.2425194376816
2003.036	64.2576590730558
2003.038	63.7713029136888
2003.055	63.849839001021
2003.058	63.849839001021
2003.074	64.1639833503495
2003	64.3210555250137
2003.227	64.4147682639434
2003	64.1639833503495
2003.071	63.7713029136888
2003.115	63.6142307390246
2003.216	63.8013671721537
2003.036	63.9434406912804
2003.151	63.849839001021
2003	63.7713029136888
2005	64.0854472630174
2005.603	64.0854472630174
2005.715	64.0219952867243
2005.718	64.3665513989312
2005.699	64.3995916123459
2005.679	64.2425194376816
2005.685	64.3665513989312
2005	64.1639833503495
2005.682	64.1639833503495
2005.759	64.3210555250137
2005	64.4097085853429
2005.496	63.9283750883531
2006.271	64.2879597610814
2005	64.0069111756852
2007.142	63.4571585643603
2007.118	63.7713029136888
2007.137	63.6142307390246
2007.06	63.5356946516925
2007.06	63.6142307390246
2007.077	63.6142307390246
2007.123	63.8598696096143
2007.134	63.7713029136888
2007.082	63.7713029136888
2007.123	63.5356946516925
2007.099	64.0824028935367
2007.099	64.0069111756852
2007.153	63.849839001021
2007.115	64.0069111756852
2007.121	63.7713029136888
2007.178	64.0854472630174
2007.173	64.0854472630174
2007.096	63.6927668263567
2007.047	63.7713029136888
2007.184	63.9283750883531
2007.099	64.0069111756852
2007.145	64.3210555250137
2007.079	64.1639833503495
2006.989	64.2425194376816
2007.077	64.0069111756852
2007.178	64.1639833503495
2007.181	64.1639833503495
2007.096	64.1639833503495
2007.099	64.1639833503495
2007.156	64.1639833503495
2007.153	64.1639833503495
2007.178	64.2425194376816
2007.079	63.6927668263567
2007.137	63.5806350204338
2007.107	63.849839001021
2007.153	63.849839001021
2007.142	63.849839001021
2007.118	64.0854472630174
2007.118	63.9283750883531
2007.079	64.2425194376816
2007.077	64.1639833503495
2007.077	64.0069111756852
2007.066	64.1639833503495
2007.077	64.3210555250137
2007.104	64.0854472630174
2007.082	64.0854472630174
2007.085	64.0169664598225
2007.079	64.0854472630174
2007.085	64.0069111756852
2007.153	63.9283750883531
2007.145	63.849839001021
2007.175	64.0854472630174
2007.03	63.849839001021
2007.153	63.9384180347184
2007.134	64.0069111756852
2007.162	63.9283750883531
2007.079	64.0069111756852
2007.121	63.7378182961333
2007.178	63.849839001021
2007.118	64.1639833503495
2007.077	63.849839001021
2006.962	64.0854472630174
2007.134	63.3786224770282
2007.115	63.5356946516925
2007.104	63.3786224770282
2007.14	63.3786224770282
2007.068	63.3786224770282
2007.077	63.6142307390246
2007.115	63.3000863896961
2007.079	63.5356946516925
2007.181	63.3000863896961
2007.041	63.0644781276997
2007.099	63.3786224770282
2007.088	63.3786224770282
2007.079	63.4571585643603
2007.082	63.3786224770282
2007.145	63.3100306338858
2007.118	63.6142307390246
2007.066	62.9074059530354
2007.118	63.3000863896961
2007.077	63.1430142150318
2007.041	63.1430142150318
2007.041	63.1430142150318
2007.153	63.1430142150318
2007.115	63.5356946516925
2007.159	63.5356946516925
2007.085	63.6927668263567
2007.173	63.4571585643603
2007.107	63.5356946516925
2007.077	63.6142307390246
2007.14	63.5356946516925
2007.115	63.6927668263567
2007.011	63.6927668263567
2007.008	63.4571585643603
2007.058	63.5356946516925
2007.134	63.5356946516925
2007.195	63.6142307390246
2007.134	63.5356946516925
2007.175	63.3786224770282
2007.101	63.5356946516925
2007.14	63.5806350204338
2007.088	63.3000863896961
2006.989	63.3000863896961
2007.159	63.4721131186174
2007.137	63.3786224770282
2007.153	63.7378182961333
2007.068	63.6142307390246
2007.085	63.4571585643603
2007.082	63.6142307390246
2007.079	63.4571585643603
2007.115	63.1430142150318
2007.088	63.5356946516925
2007.126	63.4571585643603
2007.118	63.3000863896961
2007.068	63.3786224770282
2007.175	63.3786224770282
2007.137	63.3786224770282
2007.14	63.4571585643603
2007.145	63.2215503023639
2007.14	63.4571585643603
2007.14	63.6142307390246
2007.137	63.6927668263567
2007.153	63.6927668263567
2007.137	63.6927668263567
2007.118	63.6927668263567
2007.137	63.3786224770282
2007.126	63.3000863896961
2007.058	63.2314822087817
2007.162	63.4571585643603
2007.115	63.3786224770282
2007.126	63.7713029136888
2007.118	63.4571585643603
2007.107	63.3786224770282
2007.077	63.4571585643603
2007.137	63.2215503023639
2007.118	63.2513553861868
2007.137	63.2215503023639
2007.121	63.2215503023639
2007.195	63.1430142150318
2007.115	63.3786224770282
2007.173	63.6142307390246
2007.06	63.5806350204338
2007.101	63.5356946516925
2007.123	63.5356946516925
2007.099	63.5356946516925
2007.118	63.6142307390246
2007.14	63.5356946516925
2007.101	63.5356946516925
2007.156	63.5356946516925
2007.099	63.4571585643603
2007.085	63.3000863896961
2007.096	63.5606536769327
2007.068	63.3000863896961
2007.164	63.3786224770282
2007.041	63.1430142150318
2007.153	63.6142307390246
2007.079	63.3786224770282
2007.192	63.7713029136888
2007.03	63.3786224770282
2007.041	63.3000863896961
2007.047	63.3786224770282
2007.058	63.3786224770282
2007.178	63.4571585643603
2007.088	63.3786224770282
2007.066	63.0644781276997
2007.134	63.2215503023639
2007.115	63.2215503023639
2007.079	63.0644781276997
2007.077	63.3786224770282
2007.079	63.5356946516925
2007.126	63.3786224770282
2007.079	63.4571585643603
2007.159	63.2215503023639
2007.134	63.3000863896961
2007.195	63.5806350204338
2007.096	63.5356946516925
2007.173	63.545675909198
2007.063	63.4571585643603
2007.038	63.4571585643603
2007.096	63.4571585643603
2007.06	63.6142307390246
2006.962	63.3000863896961
2007.077	63.4571585643603
2007.173	62.9859420403675
2007.063	63.4571585643603
2007.06	63.4571585643603
2007.03	63.2215503023639
2006.929	63.2215503023639
2007.107	63.4571585643603
2007.104	63.3786224770282
2007.099	63.4683444750295
2007.063	63.4770995364915
2007.142	63.2215503023639
2007.079	63.3786224770282
2007.142	63.4571585643603
2007.162	63.5356946516925
2007.082	63.3000863896961
2007.115	63.2215503023639
2007.192	63.4571585643603
2007.162	63.4571585643603
2007.058	63.2215503023639
2007.077	63.3000863896961
2007.159	63.4571585643603
2007.096	63.2215503023639
2007.118	63.3000863896961
2007.066	63.3786224770282
2007.115	63.3000863896961
2007.175	63.3786224770282
2007.121	63.4234517447344
2007.178	63.5356946516925
2007.121	63.3786224770282
2007.06	63.5806350204338
2007.134	63.4571585643603
2007.115	63.4571585643603
2007.115	63.4571585643603
2007.115	63.4571585643603
2007.027	63.5356946516925
2007.137	63.5356946516925
2007.156	63.5356946516925
2007.115	63.7713029136888
2007.173	63.5356946516925
2007.181	63.6142307390246
2007.082	63.5356946516925
2007.118	63.5356946516925
2007.063	63.6142307390246
2007.079	63.4571585643603
2007.126	63.5356946516925
2007.126	63.5356946516925
2007.014	63.3786224770282
2007.156	63.5656478353108
2007.173	63.5356946516925
2007.096	63.5356946516925
2007.068	63.4571585643603
2007.162	63.4571585643603
2007.099	63.5356946516925
2007.14	63.4571585643603
2007.066	63.4571585643603
2007.079	63.4571585643603
2007.115	63.5356946516925
2007.063	63.5356946516925
2007.099	63.7713029136888
2007.099	63.7713029136888
2007.123	63.849839001021
2007.104	63.7713029136888
2007.096	63.7713029136888
2007.096	63.4571585643603
2007.2	63.6142307390246
2007.068	63.5356946516925
2007.058	63.5356946516925
2007.181	63.5356946516925
2007.058	63.5356946516925
2007.195	63.6142307390246
2007.156	63.5356946516925
2007.126	63.6927668263567
2007.192	63.545675909198
2007.164	63.4571585643603
2007.192	63.4571585643603
2007.173	63.4571585643603
2007.192	63.3786224770282
2007.164	63.4571585643603
2007.189	63.4571585643603
2007.156	63.3000863896961
2007.079	63.3786224770282
2006.274	63.849839001021
2007.085	64.0069111756852
2007.058	63.2215503023639
2007.153	63.5356946516925
2007.107	63.2215503023639
2007.101	63.2215503023639
2007.096	63.1430142150318
2007.096	63.2513553861868
2007.096	63.2314822087817
2007.104	63.2215503023639
2007.101	63.3786224770282
2006.967	63.3786224770282
2007.173	63.4571585643603
2007.156	63.849839001021
2007.077	63.6927668263567
2007.077	63.849839001021
2007.077	63.849839001021
2007.099	63.7713029136888
2007.142	63.7713029136888
2007.153	63.7713029136888
2007.049	63.7713029136888
2007.077	63.6927668263567
2007.137	63.6927668263567
2007.173	63.7713029136888
2007.134	63.7713029136888
2007.173	63.7713029136888
2007.123	63.6142307390246
2007.068	63.6927668263567
2007.068	63.5356946516925
2007.123	63.849839001021
2007.121	63.9283750883531
2007.068	63.849839001021
2007.101	63.849839001021
2007.099	63.7378182961333
2007.058	63.6142307390246
2007.123	63.7713029136888
2007.096	63.6927668263567
2007.068	63.4571585643603
2007.121	63.3786224770282
2007.115	64.6656714072444
2007.162	64.7922720490065
2007.027	64.7922720490065
2007.162	64.7137359616744
2007.153	64.7137359616744
2007.173	64.7137359616744
2007.178	64.7922720490065
2003.729	63.849839001021
2005.266	63.6142307390246
2005.449	64.0069111756852
2006.2	64.0854472630174
2006.321	64.3210555250137
2006.271	64.0854472630174
2006	64.1639833503495
2005	63.7863315003928
2005.033	63.6142307390246
2005.055	63.6927668263567
2003.688	63.849839001021
2003.589	63.849839001021
2005	63.849839001021
2004	64.3362136684996
2010.112	63.8598696096143
2010.112	63.849839001021
2005.6	64.0069111756852
2005.69	64.0219952867243
2005.663	64.0854472630174
2005.611	64.0854472630174
2003.03	63.7713029136888
2003.17	64.5389513403034
2008.027	63.2202052091555
2008.008	63.3780584056827
2008.481	63.1430142150318
2008.44	63.3000863896961
2008.437	63.2215503023639
2008.437	63.2314822087817
2007	62.5147255163748
2008.469	63.0644781276997
2008.478	62.9074059530354
2007.995	62.7466456195738
2008.122	62.9859420403675
2008.434	62.7503337783712
2007.981	63.4571585643603
2008.036	62.9074059530354
2007.962	62.9958369334695
2007.945	62.8288698657033
2007.849	62.9074059530354
2008.016	63.3647798742138
2008.123	63.1430142150318
2008.484	63.1430142150318
2008.497	63.2215503023639
2008.12	63.0644781276997
2008.077	63.0644781276997
2008.074	63.0644781276997
2008.94	63.2215503023639
2008.123	62.7503337783712
2008.108	62.9074059530354
2008.623	63.3786224770282
2008.88	63.3786224770282
2008.847	63.1430142150318
2008.861	63.5020433825841
2008.842	63.3786224770282
2008.833	63.3786224770282
2008.776	63.5806350204338
2008.776	63.3786224770282
2008.814	63.3786224770282
2008.828	63.3786224770282
2008.839	63.3786224770282
2008.6	62.9859420403675
2008.063	62.5932616037069
2008.016	63.0623520126283
2007.868	63.1430142150318
2008.055	62.7700526357137
2008.333	62.9859420403675
2008.041	62.9859420403675
2008.896	63.0644781276997
2008.915	63.3786224770282
2008.825	63.3000863896961
2009.033	63.0644781276997
2007.948	63.1412786108919
2008.038	63.2202052091555
2008.117	63.0367977306753
2007.997	62.9834254143646
2008.041	63.2991318074191
2008.137	63.2215503023639
2009.023	63.1430142150318
2009.088	62.9074059530354
2008.112	63.2215503023639
2008.921	62.7503337783712
2008.858	62.8288698657033
2008.801	63.0644781276997
2008.148	63.1430142150318
2008.533	63.2215503023639
2008.16	63.2513553861868
2008.342	63.3786224770282
2008.036	63.1412786108919
2007.863	63.3780584056827
2008.71	63.6927668263567
2008.022	63.3000863896961
2007	63.4571585643603
2008.437	63.1430142150318
2008.444	63.1430142150318
2008.984	63.0623520126283
2008.137	63.3000863896961
2007	62.9996042738425
2008.085	63.0644781276997
2008.538	63.4571585643603
2008.828	63.1430142150318
2008.839	63.1430142150318
2008.885	63.1430142150318
2008.866	63.1430142150318
2008.899	62.9859420403675
2008.885	63.1430142150318
2008.883	63.1430142150318
2008.861	63.1430142150318
2008.85	63.1430142150318
2008	63.2215503023639
2008.844	63.1430142150318
2008.56	63.3000863896961
2008.563	63.3000863896961
2008.555	63.2215503023639
2008.022	63.3780584056827
2008.71	63.3000863896961
2007.992	63.4569850039463
2008	63.2731857221653
2009.016	62.7503337783712
2008.989	63.5992462311558
2008.984	63.5992462311558
2009.14	62.8140703517588
2009	63.6777638190955
2009.233	63.1281407035176
2007	63.0644781276997
2009.118	63.7713029136888
2009.134	63.6927668263567
2009.323	63.9283750883531
2009.162	63.7713029136888
2009.121	63.7713029136888
2009.323	63.94846413701
2009.323	63.6142307390246
2009.023	63.9283750883531
2007	63.4571585643603
2007	63.2215503023639
2007	63.1430142150318
2009.052	63.0496231155779
2009.036	63.5992462311558
2008.489	62.7355527638191
2009.085	62.8140703517588
2008.634	62.8140703517588
2009.414	63.285175879397
2008.959	63.1430142150318
2008.191	63.3000863896961
2009.129	62.9859420403675
2009.014	62.8288698657033
2009.321	62.9859420403675
2009.326	62.9958369334695
2009	63.3100306338858
2009.325	62.779916712501
2009.707	62.6570351758794
2009.321	63.5356946516925
2009.323	63.5356946516925
2009.323	63.5356946516925
2009.319	63.0644781276997
2009.319	63.3100306338858
2009.315	63.4571585643603
2009.318	63.2314822087817
2009.326	63.3786224770282
2009.323	63.4571585643603
2009.323	63.4571585643603
2009.323	63.4571585643603
2009.318	63.3000863896961
2009	63.5356946516925
2009.323	63.3000863896961
2008.934	63.3786224770282
2008.934	62.9859420403675
2009.325	63.0644781276997
2009.348	63.3786224770282
2009.348	63.3786224770282
2009.353	63.4571585643603
2009.332	63.3786224770282
2009.323	63.3786224770282
2009.318	63.3786224770282
2009.322	63.3000863896961
2009.329	63.3000863896961
2009.326	63.3100306338858
2009.323	63.2215503023639
2009.373	63.3000863896961
2009.205	62.7503337783712
2009	63.0496231155779
2009.162	63.285175879397
2009.312	62.9964608729847
2009.162	62.5785175879397
2009.625	63.1071795276834
2009.575	62.9074059530354
2008	62.8095275528653
2009.315	63.5356946516925
2009.322	63.6142307390246
2009.323	63.5356946516925
2009.323	63.6142307390246
2009.162	62.9711055276382
2009	63.4571585643603
2007	63.4571585643603
2008.937	62.5
2007	63.1430142150318
2008.672	62.7355527638191
2009.112	63.4571585643603
2009.086	63.3786224770282
2009.462	62.9074059530354
2009.473	63.0644781276997
2009.323	63.3000863896961
2009.186	62.9074059530354
2008.842	62.858489824782
2009.537	64.2223630028508
2009.43	63.849839001021
2009.163	63.3786224770282
2009.041	63.3780584056827
2009.808	64.4062425730809
2009.67	63.5356946516925
2009.538	63.6927668263567
2008.975	62.5887924230466
2009.153	62.5098658247829
2009.323	62.9859420403675
2009.007	62.9859420403675
2009.527	63.0743853585736
2009.077	63.1430142150318
2008.844	62.9834254143646
2009.5	63.2215503023639
2009.499	62.7503337783712
2009.522	62.9859420403675
2009.456	63.4571585643603
2009.573	63.849839001021
2008.877	62.9859420403675
2010.627	63.3100306338858
2010.104	63.3100306338858
2010.016	63.3100306338858
2008.861	63.3000863896961
2008.992	63.3000863896961
2009.041	63.3786224770282
2009.329	63.6142307390246
2009.323	63.4571585643603
2009.323	63.6142307390246
2009.318	63.5356946516925
2009.318	63.3786224770282
2009.337	63.3786224770282
2009.326	63.3786224770282
2009.323	63.3786224770282
2009.321	63.3786224770282
2009.323	63.6142307390246
2009	63.6927668263567
2008.943	63.4571585643603
2009.318	63.6142307390246
2009.34	63.6142307390246
2009.326	63.6142307390246
2009.323	63.6142307390246
2009.326	63.6142307390246
2009.049	63.1430142150318
2008.997	63.0644781276997
2009.033	63.0751081399921
2009.085	63.2066582914573
2008.713	63.2215503023639
2009.162	63.2215503023639
2009.126	63.4571585643603
2008.79	63.1430142150318
2009.068	63.3100306338858
2009.326	63.2215503023639
2009.036	62.8288698657033
2009.118	63.4571585643603
2009.326	63.3786224770282
2009.132	63.0644781276997
2009.352	63.3786224770282
2009.319	63.2066582914573
2009.345	63.4571585643603
2009.332	63.4571585643603
2009.323	63.4571585643603
2009.321	63.3786224770282
2009.318	63.4571585643603
2009.314	63.2215503023639
2009	63.3636934673367
2008.117	63.0644781276997
2009.086	62.4361894290426
2009.025	62.9172885083654
2009.011	62.6030948079491
2009.323	62.9074059530354
2009.323	62.8288698657033
2009.121	62.9074059530354
2009.318	62.8288698657033
2009.315	62.8288698657033
2009.321	62.8288698657033
2009.326	62.7503337783712
2009.326	62.7503337783712
2009.319	62.9074059530354
2009.319	62.9074059530354
2009.326	62.9074059530354
2009.329	62.9074059530354
2009.323	62.5932616037069
2009.323	62.9074059530354
2009.323	62.9074059530354
2009.321	62.9074059530354
2009.318	62.9074059530354
2009.118	62.9074059530354
2009.167	62.8288698657033
2009.099	62.5932616037069
2009.052	62.8288698657033
2009.318	62.5147255163748
2009.323	62.8387400832613
2009.326	62.5932616037069
2009.323	63.1430142150318
2009	62.9711055276382
2009	62.8140703517588
2009.162	62.9711055276382
2009.247	62.5
2009.163	62.9623799779632
2009.163	62.9074059530354
2009.086	62.7503337783712
2009.163	62.7503337783712
2009.137	62.7503337783712
2009.137	62.7503337783712
2009.163	62.8288698657033
2009.137	62.7503337783712
2009.438	62.4361894290426
2009.085	63.1281407035176
2009.148	62.8288698657033
2009.319	62.5147255163748
2009.548	62.5147255163748
2009.326	62.5147255163748
2009.326	62.3576533417105
2009.321	62.3576533417105
2009.323	62.5147255163748
2009.318	62.3576533417105
2009.321	62.2005811670463
2009.318	62.5147255163748
2008.653	62.8288698657033
2008.657	62.9074059530354
2008.802	62.9859420403675
2008.762	62.9859420403675
2008.6	63.0644781276997
2009.153	62.5932616037069
2009.11	62.671797691039
2009.167	62.8288698657033
2009.145	62.5932616037069
2009.399	62.779916712501
2009.137	62.671797691039
2009.112	62.8288698657033
2009.156	62.8288698657033
2009.156	62.5932616037069
2009.151	62.4361894290426
2009.137	62.8288698657033
2009.112	62.5147255163748
2009.107	62.7503337783712
2009.104	62.7503337783712
2009.036	62.671797691039
2009.142	62.7503337783712
2009.137	62.8288698657033
2009.074	62.7503337783712
2009.115	62.7503337783712
2009.363	62.5589437283873
2009.118	62.671797691039
2009.216	62.9074059530354
2009.195	62.671797691039
2009.186	62.7503337783712
2009.184	62.7503337783712
2009.162	62.9074059530354
2009.159	62.6030948079491
2009.323	62.4361894290426
2009.323	62.4361894290426
2009.082	62.9859420403675
2009.077	62.7503337783712
2009.077	62.7503337783712
2009.326	62.5147255163748
2009.167	62.7503337783712
2009.132	62.671797691039
2009.14	62.4361894290426
2009.118	62.5147255163748
2009.159	62.5932616037069
2009.159	62.5147255163748
2009.167	62.5932616037069
2009.225	62.5147255163748
2009.162	62.5147255163748
2009.134	62.7503337783712
2009.184	62.7503337783712
2009.137	62.8288698657033
2009.145	62.4361894290426
2009.107	62.671797691039
2009.195	62.3576533417105
2009.148	62.671797691039
2009.142	62.3576533417105
2009.11	62.671797691039
2009.162	62.5932616037069
2009.112	62.5932616037069
2009.115	62.5932616037069
2009.145	62.5932616037069
2009.134	62.5147255163748
2009.112	62.7503337783712
2009.093	62.6470127018974
2009.079	62.5147255163748
2009.077	62.5147255163748
2009.058	62.671797691039
2009.118	62.4361894290426
2009.137	62.5147255163748
2009.222	62.5932616037069
2009.093	62.3576533417105
2009.137	62.5932616037069
2009.156	62.9859420403675
2008.146	63.3448601068846
2007	63.2215503023639
2008.486	63.5356946516925
2008.59	63.5356946516925
2008.574	63.3000863896961
2007	63.1430142150318
2006	63.3935585231736
2004	64.0854472630174
2007.395	62.8288698657033
2007.364	62.9074059530354
2007.351	62.9859420403675
2007.351	62.9074059530354
2007.395	62.9859420403675
2007.375	62.9074059530354
2008.82	62.3576533417105
2008.762	62.9074059530354
2008	63.0602295958484
2008	63.0602295958484
2008.781	62.8288698657033
2007.971	63.0644781276997
2008	62.9816008806416
2008	62.9029721654348
2007.499	62.671797691039
2007.364	62.9074059530354
2007.556	62.5147255163748
2007.354	62.8288698657033
2007.351	62.9074059530354
2007.107	62.7503337783712
2007.088	62.7503337783712
2007.088	62.7503337783712
2007.386	62.9074059530354
2007.444	62.7503337783712
2008.016	62.9074059530354
2008.139	63.2215503023639
2008.011	62.7503337783712
2008.183	62.5147255163748
2008.954	62.5147255163748
2008.861	62.5932616037069
2008.5	62.671797691039
2008.858	62.5932616037069
2008.536	62.8288698657033
2008.746	62.7503337783712
2008.746	62.7503337783712
2008.678	62.5932616037069
2008.648	62.5932616037069
2008.522	62.5932616037069
2008.055	62.5147255163748
2007.211	62.2791172543784
2007.058	62.5932616037069
2006.504	62.3576533417105
2006.392	63.6142307390246
2006	63.2215503023639
2004	64.0854472630174
2006	64.0854472630174
2006	64.0854472630174
2005.573	63.7713029136888
2005.605	63.2215503023639
2006.334	63.9283750883531
2005.989	63.4571585643603
2006.816	63.7863315003928
2006	63.5992462311558
2007.011	64.0069111756852
2006.759	64.2425194376816
2006.545	63.9283750883531
2006.57	64.2425194376816
2006.564	64.0069111756852
2006.584	64.2425194376816
2006.447	64.1639833503495
2006.384	63.9283750883531
2006.463	63.9283750883531
2006.033	63.6142307390246
2007.101	64.2425194376816
2007.126	64.1639833503495
2008.716	63.9283750883531
2006.008	64.0069111756852
2006	63.9283750883531
2006	64.3995916123459
2006.121	64.1639833503495
2006.493	64.0069111756852
2004.809	64.0069111756852
2001	63.6142307390246
2004.697	64.0069111756852
2005.929	63.849839001021
2005.912	63.6927668263567
2006.921	63.3786224770282
2006.225	63.4571585643603
2006.244	63.4571585643603
2007.789	62.4361894290426
2007.767	62.4361894290426
2007.104	63.1430142150318
2007.047	63.2215503023639
2007.137	63.4571585643603
2007.14	63.5356946516925
2007.162	63.7713029136888
2007.162	63.0644781276997
2008.096	63.3000863896961
2007.863	63.2215503023639
2007	63.1430142150318
2007	63.1430142150318
2007	63.1430142150318
2007	62.9859420403675
2007	63.0644781276997
2007	63.0644781276997
2007	63.0644781276997
2007	62.9859420403675
2007	63.0644781276997
2007	63.0644781276997
2007	63.0644781276997
2007	63.0644781276997
2007	63.0644781276997
2007	63.0644781276997
2007	63.0644781276997
2007	63.0644781276997
2007	63.0644781276997
2007	63.0644781276997
2007	63.0644781276997
2007	63.0644781276997
2007	63.1430142150318
2007	62.9859420403675
2007	63.0644781276997
2007	63.0644781276997
2007	63.0644781276997
2007	63.0644781276997
2007	63.0644781276997
2007	63.0644781276997
2007	63.0644781276997
2007	63.0644781276997
2007	62.9859420403675
2008.79	63.4571585643603
2007.658	62.9958369334695
2008.138	63.2215503023639
2007.959	63.3780584056827
2007	63.0644781276997
2007	63.0644781276997
2007	63.0644781276997
2008.005	63.2662684690349
2008.116	62.7601916581573
2008.092	62.8288698657033
2008.169	62.7503337783712
2008.094	62.7503337783712
2008.137	62.6914918689606
2008.085	62.9859420403675
2008.074	63.0007855459544
2007.925	62.9074059530354
2007	62.9074059530354
2007.718	62.9074059530354
2008.022	62.7466456195738
2008.003	62.904498816101
2008.074	63.1529337836776
2007.51	63.2819436596981
2008.066	62.8095275528653
2008.131	62.9958369334695
2007.748	63.5356946516925
2007.929	63.3000863896961
2007.923	63.3000863896961
2007.795	63.3000863896961
2007.997	63.2215503023639
2008.026	63.2662684690349
2008.027	62.9834254143646
2008.563	63.5356946516925
2008.486	63.4571585643603
2008.437	63.4671274840939
2008.434	63.4571585643603
2008.443	63.4870747230298
2008.499	63.4085016107488
2008.434	63.4770995364915
2007	63.2215503023639
2007	63.2215503023639
2007	62.9074059530354
2007.806	62.8255722178374
2007.638	62.7503337783712
2007.827	62.9859420403675
2009.023	62.9074059530354
2009.163	62.9859420403675
