1976	64.4094488188976
1977	64.488188976378
1979	63.7945971489328
2005	62.5396322130628
2005	62.3622047244094
1975	66.3096550637896
1975	66.0629921259843
1971	64.9606299212598
1970	65.4330708661417
1967	64.488188976378
1966	65.3543307086614
1961	65.9703133589884
1957	66.0488494463206
1977.312	65.3543307086614
1977.293	65.1181102362205
1977.293	65.6692913385827
1977.312	65.1181102362205
1977.312	65.5905511811024
1977.312	65.0393700787401
1977.277	65.0393700787401
1977.277	65.0393700787401
1977.277	65.1181102362205
1977.277	65.1968503937008
1977.277	65.1386263390044
1977.277	65.1968503937008
1977.277	65.3543307086614
1977.277	65.1181102362205
1977.293	65.4663191976625
1977.293	65.1968503937008
1977.293	65.3186952057499
1977.293	65.2671454502407
1977.293	65.1968503937008
1977.312	65.5118110236221
1977.312	65.2755905511811
1977.312	66.0629921259843
1977.312	65.3170963150403
1977.293	65.2877555853793
1977.293	65.3357531760436
1977.293	65.3512233622731
1977.293	65.1882250808934
1977.293	65.2755905511811
1977.293	65.1181102362205
1977.293	65.207119231375
1977.293	65.1968503937008
1978.052	65.52051972746
1978.052	65.5049504950495
1978.014	65.3543307086614
1978.014	65.2858717908332
1978	65.4330708661417
1977.323	65.1181102362205
1977.323	64.9606299212598
1977.323	65.3064439892863
1977.323	65.2755905511811
1977.323	65.3543307086614
1977.293	65.7739267428121
1977.312	65.7003308649756
1977	65.8881085772903
1976	64.7346038746259
1976	64.7244094488189
1978	64.4094488188976
1977	64.8228176318064
1976	65.0496141124587
1977	65.7003308649756
1977	65.7003308649756
1977	65.3543307086614
1977	65.3543307086614
1977	65.3543307086614
1977	65.3543307086614
1978	64.8818897637795
1978	65.0393700787401
1978	64.9606299212598
1976	65.4330708661417
1976	65.3543307086614
1976	65.3543307086614
1976	65.4330708661417
1977	64.1732283464567
1977	64.1732283464567
1977	64.3307086614173
1978	64.8818897637795
1977	64.5669291338583
1977	64.5669291338583
1977	64.488188976378
1977	65.0393700787401
1977	65.0393700787401
1977	65.0393700787401
1977	64.8818897637795
1977	65.1181102362205
1977	65.0393700787401
1977	64.9606299212598
1976	64.7244094488189
1975	64.7244094488189
1977	65.2755905511811
1976	64.9606299212598
1981	64.0944881889764
1980	64.1732283464567
1978	64.1732283464567
1976	65.3785488958991
1976	65.1181102362205
1977	65.1181102362205
1976	64.7244094488189
1977	64.7137359616744
1977.277	65.3646243502914
1979.989	65.7501963864886
1979.989	64.8708081363387
1979.989	65.3420246603314
1979.989	65.3420246603314
1979.989	65.3420246603314
1979.907	65.3697723871781
1979.989	65.3420246603314
1979.989	65.6190777005685
1979.989	65.3420246603314
1979.989	65.4990968349957
1979.989	65.3522896865918
1979.989	65.3522896865918
1978	64.8818897637795
1978	64.488188976378
1978	64.488188976378
1978	64.7244094488189
1980	65.0393700787401
1980	64.6609435299677
1980	64.4983461962514
1980	64.5669291338583
1980	64.488188976378
1979	64.3307086614173
1987	63.9370078740158
2003	63.474562923295
1985	63.9370078740158
1985	63.9370078740158
1985	63.9370078740158
1987	64.251968503937
1988	63.2283464566929
1988	64.1732283464567
1988	64.1732283464567
1987	63.7895731611277
1987	63.7795275590551
1986	65.1968503937008
1980	65.0393700787401
1981	64.7244094488189
1981	64.7244094488189
1981	64.6456692913386
1981	64.5669291338583
1981	64.8972198157045
1981	64.7244094488189
1977	64.7244094488189
1977	64.488188976378
1977	64.5669291338583
1977	64.5669291338583
1934	65.3045186640472
1931	65.2054364050593
1931	65.1849524856672
1942	65.4990968349957
1931	65.7347050969921
1931	65.8917772716563
