1979	65.807060303483
1980	65.7347050969921
1980	65.8112256947178
1981.145	66.0488494463206
1981	66.0488494463206
1981	65.9703133589884
1981	66.2059216209849
1981	65.9703133589884
1981	66.284457708317
1980	66.2059216209849
1998	64.1639833503495
1989	66.0377358490566
1987	66.0488494463206
1987	66.1273855336527
2005.074	65.2156831932113
1992	65.106416398335
1992.101	66.483300589391
1992.016	66.5305160631529
1992	66.6194745949347
1994.005	66.2948707878407
1992	66.8814838101226
1999.455	66.1793602137861
1993	66.8028921722729
1995.803	66.0592255125285
2000.208	66.0896931549961
2000.208	66.6771381449776
2012.538	64.7922720490065
2013.636	65.9703133589884
2004.686	65.2686145146089
2011.896	66.3473618090452
2003.112	65.3574234092694
2001.038	65.5196794720716
1999.863	66.2267263728494
2001.868	66.8342103196419
2005.753	65.8649689538631
2006.34	66.9981060606061
2006	67.2585841125167
1997.31	66.3838479063556
1995.923	66.8552125068741
1998.882	66.5409694398617
1998.17	66.2683751277415
1994.101	66.0955674316253
1992.792	67.0698185816383
2005.266	66.3838479063556
2002.175	64.8126325712939
1999	65.6549771976726
2006.195	65.1268756383062
2007.847	64.6351998743423
2007.142	65.0278803110029
1993.173	66.5986020576455
1994	66.4099339830242
1994.011	66.8519253672092
1998	67.059748427673
1998.458	67.0074714903657
1997.962	66.2059216209849
1997	66.2527507073247
1996.814	66.0488494463206
1985	65.9383841559258
1991	65.7915422103443
1994	66.0488494463206
1998	65.6291755089209
1995	65.2156831932113
1995	65.6394937504913
1995	65.5145326001571
1993	65.9383841559258
1998	64.3412679707754
2005.975	65.4682471151582
2005.868	63.5356946516925
2013.058	63.285175879397
2012.385	64.0069111756852
2012.033	62.5932616037069
2009.233	64.3611154876319
2006.677	63.2314822087817
2011.619	62.3576533417105
2011.836	62.9859420403675
2011.833	63.2215503023639
2012.26	62.4361894290426
2011.855	63.0644781276997
2012.049	62.9074059530354
2011.948	62.8288698657033
2011.641	62.671797691039
2011.562	62.2005811670463
2011.392	62.7503337783712
2012.481	62.671797691039
2019	62.671797691039
2019.729	63.6927668263567
2013.655	62.5932616037069
2012.046	62.6696471339614
2012.085	62.7503337783712
2011.816	62.3576533417105
2011.855	62.3576533417105
2013.468	63.3000863896961
2011.644	62.7503337783712
2011.63	62.5932616037069
2012.085	62.5147255163748
2013.751	62.5147255163748
2012.219	62.4361894290426
2012.079	62.5147255163748
2012.066	62.7503337783712
2012.003	62.4361894290426
2011.951	62.3576533417105
2012.128	62.7503337783712
2012.29	62.8288698657033
2012.295	62.043508992382
2011.397	62.8288698657033
2011.244	62.3870511510961
2012.098	62.7503337783712
2012.227	61.7293646430535
2011.836	62.3576533417105
2014.148	61.6508285557214
2014.94	62.043508992382
2014.175	62.2005811670463
2011.934	62.2791172543784
2012.107	62.2005811670463
2013.496	61.7293646430535
2012.025	62.1220450797141
2013.016	62.2791172543784
2014.093	61.8864368177177
2014	63.5906304040245
2014.808	64.0854472630174
2014.225	63.3000863896961
2013.036	62.8288698657033
2013.496	63.1430142150318
2010.89	62.6129311022076
2012.063	61.525129982669
2011.951	62.2005811670463
2015.107	64.2924676961866
2013.058	63.6521191113912
2013.268	63.672182821119
2007.277	63.2215503023639
2009	62.7601916581573
2006.03	63.4671274840939
2009.03	63.3786224770282
2006.789	63.2215503023639
2009	63.6142307390246
2005.888	63.0644781276997
2016.15	62.0417816318486
2004.24	63.5733417362533
2003	64.2425194376816
2018.315	64.3210555250137
2003	64.6351998743423
2004.153	64.7137359616744
2000	65.0278803110029
2000	64.5566637870101
1999	65.1207115628971
1999	64.8708081363387
2003.099	64.7922720490065
2003.482	64.6351998743423
2004.287	65.2772316162013
2004.721	64.8155431448124
2006.236	65.5093865367999
2006.236	65.1217596229379
2008.369	65.1849524856672
2005.929	65.106416398335
2007.31	64.5718774548311
2006.312	65.1166444112796
2012.366	64.7922720490065
2012.366	64.7922720490065
2012.366	64.7922720490065
2012.366	64.7922720490065
2011.981	64.3995916123459
2011.932	64.1639833503495
2011.882	64.1639833503495
2012.153	64.3210555250137
2011.014	64.3210555250137
2013.666	64.3311601602388
2013.329	64.1740633100306
2015.956	64.2425194376816
2015.956	64.3995916123459
2015.94	64.2425194376816
2015.882	64.2425194376816
2016.896	64.1639833503495
2015.934	64.3210555250137
2014.937	64.0069111756852
2010.915	63.849839001021
2010.915	63.5356946516925
2012.085	63.9384180347184
2011.748	64.3995916123459
2013	64.0692640692641
2013.044	63.849839001021
2013	64.5313606673487
2013	64.0490990636557
2011.748	64.6351998743423
2010.915	64.7922720490065
2011.096	64.3210555250137
2011.096	65.3420246603314
2011.096	65.3420246603314
2011.047	65.2634885729993
2011.096	65.2634885729993
2011.096	65.2634885729993
2011.871	65.0278803110029
2011.871	65.0278803110029
2011	64.7137359616744
2011	64.0854472630174
2011	64.7137359616744
2012.852	65.106416398335
2012.852	65.106416398335
2011.871	64.5566637870101
2011.871	64.5566637870101
2013.038	64.478127699678
2013.038	64.478127699678
2013.038	64.9913344887348
2013.038	64.9913344887348
2013.036	65.0278803110029
2013.036	65.0278803110029
2013.038	64.8337797384591
2013.038	64.8337797384591
2013.036	64.3210555250137
2013.038	64.3995916123459
2013.038	64.3210555250137
2013.038	64.3995916123459
2012.866	65.3420246603314
2012.866	65.3420246603314
2015.438	65.2634885729993
2014.008	63.9283750883531
2011.014	64.7922720490065
2011.014	64.7922720490065
2011.666	65.2634885729993
2011.871	65.0278803110029
2011.871	65.0278803110029
2011.871	65.0278803110029
2011.871	65.0278803110029
2011	64.7137359616744
2010.915	64.1639833503495
2011	65.8132411843242
2013.833	65.106416398335
2013.038	65.8132411843242
2013.038	65.8132411843242
2012.79	64.2902108907775
2012.863	64.6351998743423
2012.863	64.6351998743423
2012.863	64.478127699678
2012.863	64.478127699678
2012.186	65.1849524856672
2012.011	65.3420246603314
2011	65.1027316381957
2010.915	64.7137359616744
2011	64.6351998743423
2011	64.9493442236708
2011	64.7137359616744
2011.022	64.9697541048001
2012.79	64.9697541048001
2011.175	64.8809991359673
2011.175	64.8809991359673
2010.915	64.7922720490065
2011.833	65.106416398335
2012.085	64.7922720490065
2011.773	64.478127699678
2011.858	64.478127699678
2011.277	64.8708081363387
2011.277	64.8708081363387
2012	65.1849524856672
2012.904	65.4990968349957
2012.904	65.4990968349957
2012.904	65.5776329223278
2012.904	65.5776329223278
2012.904	65.4205607476635
2012.904	65.4205607476635
2012.995	65.7347050969921
2011	64.9493442236708
2010.833	65.0278803110029
2010.833	65.2122548633536
2013.885	65.4990968349957
2010	65.1166444112796
2011	65.6561690096599
2011	65.7347050969921
2008.962	65.1849524856672
2009.096	65.8132411843242
2010.915	65.3420246603314
2011.852	66.284457708317
2011.852	66.284457708317
2009.019	65.5196794720716
2009.019	65.4990968349957
2009.134	65.3250530618662
2009.134	65.0585369686493
2009.134	65.2634885729993
2009.134	65.2634885729993
2009.134	65.3420246603314
2009.134	65.4205607476635
2009.96	65.106416398335
2009.96	65.0380959861755
2007	66.4415298829812
2008	64.6351998743423
2009	65.106416398335
2012.085	66.5200659703134
2009.845	64.6351998743423
2009.03	65.7347050969921
2009.019	65.7347050969921
2009.211	64.726700747149
2013.038	64.9493442236708
2013.038	64.9493442236708
2013.036	64.7770100502513
2013.036	64.7770100502513
2013.038	64.2425194376816
2013.038	64.2425194376816
2013.038	64.3261074458058
2013.036	64.3261074458058
2013.036	64.1639833503495
2013.036	64.1639833503495
2013.036	64.0854472630174
2013.036	64.0854472630174
2009.481	66.2683751277415
2006.915	65.6664833870081
2007.962	65.1217596229379
2009.959	64.6351998743423
2009.079	65.7347050969921
2009.079	65.8132411843242
2009.627	65.6561690096599
2009.627	65.5776329223278
2008.025	65.3522896865918
2007.233	65.2788688138256
2008.809	65.5275247843959
2006.734	65.2156831932113
2007.099	65.2788688138256
2006.951	64.8279113625648
2004.954	65.2772316162013
2005.181	65.2737412614877
2005.074	65.3522896865918
2005.036	65.2737412614877
2005.216	65.2737412614877
2004.24	65.0515220640289
2003.351	65.106416398335
2002.907	64.9646504320503
2001	65.150680620033
2004	65.6871218668972
2008.306	64.7137359616744
2017	63.5506677140613
2016	63.7863315003928
2020.609	62.4508415919459
2001	63.545675909198
2013.153	64.0370865089966
2012	62.5394819962097
2005.507	64.4882570104469
2005.507	64.2627072040223
2007.23	64.3311601602388
2008.73	63.9283750883531
2010.855	64.8708081363387
2008.306	64.478127699678
2009.742	64.7922720490065
2008.254	64.6656714072444
2008.407	64.1639833503495
2009.145	64.8708081363387
2009.074	64.0854472630174
2008.287	64.4097085853429
2016.353	64.7114326151911
2011.817	63.849839001021
2009	65.0278803110029
2010.414	64.4503685118394
2010.299	64.9208091579113
2009.668	64.7137359616744
2011.277	64.2425194376816
2010.863	64.0854472630174
2009.608	64.3995916123459
2010.767	64.8708081363387
2010.014	64.7482014388489
2010.592	62.9859420403675
2010.592	62.8288698657033
2017.967	65.0380959861755
2009.592	64.0069111756852
2005.679	64.4882570104469
2003	64.2526117351347
2013.162	64.259583267059
2012.579	62.9859420403675
2006.255	63.3786224770282
2006.219	63.3786224770282
2007.907	65.4939531961677
2007.904	64.6199748743719
2014	63.849839001021
2015	63.1430142150318
2011.773	63.1430142150318
2011.044	63.4571585643603
2015.011	63.849839001021
2009.249	64.6351998743423
2014	63.1827111984283
2012.415	64.3995916123459
2014	63.4085016107488
2011.893	64.1639833503495
2012.923	64.3210555250137
2012.424	64.0069111756852
2011.236	64.2425194376816
2013.23	64.2425194376816
2011.973	63.6927668263567
2011.879	63.849839001021
2011.833	63.849839001021
2011.814	63.7713029136888
2012.369	64.2425194376816
2009.09	64.3995916123459
2011.088	63.2215503023639
2012.082	62.4361894290426
2010.86	62.4361894290426
2012.087	62.2791172543784
2015	61.2164607758282
2008.074	64.8708081363387
2009.203	64.3995916123459
2005.471	64.478127699678
2006.137	63.1628564694791
2004	63.285175879397
2004	64.2035607373562
2005	65.3522896865918
2006	64.6351998743423
2014.816	62.076571608634
2010.803	64.9913344887348
2010.781	64.7754137115839
2008.415	64.6339526758774
2010.085	64.9319455564452
2012	64.2425194376816
2011.466	63.7308964865291
2017.378	61.9168116400443
2019.748	64.1247833622184
2016.298	64.0792079207921
2017.337	63.8146449470188
2018.964	63.3401866202752
2007	63.4757924617568
2007.252	64.0854472630174
2015.058	63.1430142150318
2014.521	61.6508285557214
2013.942	61.4560352978254
2005.912	63.3299284984678
2005.6	64.3995916123459
2004.26	64.3210555250137
2005.792	64.2425194376816
2006.693	63.8899803536346
2009.153	63.0644781276997
2006.805	63.6927668263567
2006.808	63.6927668263567
2006.792	63.4571585643603
2007.211	62.3916811091854
2006.838	62.628013234599
2006.847	62.7067906097369
2005.855	62.8643453600126
2012.06	64.3210555250137
2007.285	62.628013234599
2007.2	62.628013234599
2011.619	62.5492358594612
2008.115	63.1794548605641
2008.074	63.2582322357019
2008.082	63.1006774854262
2009.942	62.3129037340476
2009.707	62.3227229751024
2012.008	61.7614621080826
2012.046	61.6039073578068
2010.603	62.628013234599
2011.162	63.0219001102883
2011.688	62.9431227351505
2011.008	62.4704584843233
2011.008	62.5492358594612
2010.858	62.3916811091854
2009.058	62.3129037340476
2010.288	62.1553489837719
2010.285	62.3129037340476
2012.117	60.973688356704
2010.729	61.859732072498
2013.123	61.525129982669
2009.468	62.7067906097369
2010	61.8835507476933
2010.666	62.4704584843233
2012.385	62.3129037340476
2013.389	62.8643453600126
2010.364	62.7942232506184
2010.364	62.4704584843233
2005.926	63.3370096108398
2008.519	64.6351998743423
2007.625	62.8643453600126
2005.471	62.8643453600126
2009.071	63.5733417362533
2008.705	62.5492358594612
2009.605	62.3916811091854
2008.667	62.3129037340476
2008.669	62.1553489837719
2007.37	62.628013234599
2007.844	62.8643453600126
2008.672	62.628013234599
2008.314	63.3719555450461
2007.6	63.3370096108398
2007.775	63.4945643611155
2007.77	63.6521191113912
2007.559	63.2582322357019
2007.89	63.1006774854262
2005.784	63.1794548605641
2006.901	63.1006774854262
2006.271	63.0219001102883
2016.779	62.3129037340476
2017.142	60.4222467307389
2005.74	63.1006774854262
2006.718	62.9431227351505
2006.704	62.9431227351505
2006.699	62.962962962963
2006.693	63.0616427557938
2007.54	62.2005811670463
2009.211	63.1006774854262
2010.493	62.7265563435776
2011.91	62.3916811091854
2011.132	62.3129037340476
2010.841	62.3129037340476
2010.841	62.2341263589097
2010.614	60.6298594204037
2011.8	60.3942511584073
2011.545	60.6298594204037
2011.255	60.8654676824001
2011.247	60.7964810305553
2016.779	62.9074059530354
2017.219	64.0270249037631
2016.377	63.3000863896961
2016.377	63.3000863896961
2016.071	63.3786224770282
2013.811	64.0854472630174
2018.063	64.4198287375285
2017.414	64.0069111756852
2017.603	64.500904585857
2018.027	63.7027727594062
2017.888	63.3786224770282
2017.252	62.9859420403675
2016.475	62.7503337783712
2016.227	65.0278803110029
2017.386	63.7713029136888
2017.197	63.7027727594062
2018.874	62.7503337783712
2018.671	64.3995916123459
2018.077	63.6927668263567
2018.786	63.3786224770282
2018.948	63.6142307390246
2018.863	63.9283750883531
2018.784	64.5566637870101
2017.953	63.7713029136888
2018.819	64.478127699678
2018.91	64.3210555250137
2018.825	64.0622543625216
2017.693	62.7503337783712
2010.027	63.3370096108398
2012.12	61.8864368177177
2009.132	62.9431227351505
2011.658	62.3576533417105
2011.455	61.9190168583583
2012.12	62.3129037340476
2012.194	61.9190168583583
2012.063	62.3129037340476
2011.504	61.9190168583583
2011.392	61.9977942334961
2012.033	62.2341263589097
2011.238	62.7855679848747
2011.912	62.628013234599
2012.178	62.628013234599
2010.89	62.4015127639458
2012.093	63.7713029136888
2012.798	63.849839001021
2013.595	63.1430142150318
2014.904	63.1430142150318
2014.956	63.5356946516925
2012.312	63.849839001021
2011.951	62.7067906097369
2012.216	62.671797691039
2010	62.4704584843233
2010.699	62.8643453600126
2011.879	62.2341263589097
2010.641	62.8643453600126
2012.24	62.3129037340476
2012	62.6825609852372
2012	62.7855679848747
2007.356	63.2582322357019
2006.186	63.0219001102883
2006.178	62.8053585500394
2006.082	63.1894106523795
2006.929	62.8643453600126
2006.923	62.8643453600126
2010.148	62.3129037340476
2009.838	61.7711944531989
2006.953	63.2891414141414
2006.66	63.1894106523795
2006.03	63.1205673758865
2012.754	64.7550023633213
2009.233	61.3675752323933
2006.693	63.3370096108398
2008.246	61.8418984755618
2009.268	61.9649729050499
2009.266	61.8079007303856
2009.263	61.8079007303856
2009.26	61.9649729050499
2009.189	61.4937563810571
2009.759	62.043508992382
2008.746	61.5722924683892
2011.945	61.2581481190607
2011.797	61.1796120317286
2010.685	61.3366842063928
2011.973	61.4937563810571
2011.238	60.8155889054765
2011.066	61.5722924683892
2009.397	61.6508285557214
2010.479	60.7869315950679
2011.663	61.3366842063928
2011.005	61.424868431388
2011.184	61.4937563810571
2014.942	61.2581481190607
2010.556	61.1010759443964
2010.556	60.9440037697322
2011.247	60.6298594204037
2011.682	60.7179326054513
2009	62.4459979577409
2010.71	62.2341263589097
2010.71	62.1553489837719
2008.328	62.4361894290426
2011.616	61.1796120317286
2008.194	62.628013234599
2010.685	62.874251497006
2009.214	62.9431227351505
2011.392	64.8708081363387
2011.085	65.1166444112796
2012.771	63.5356946516925
2011.449	63.7713029136888
2012.292	64.5566637870101
2013.233	63.7713029136888
2012.025	63.8598696096143
2010.893	63.3531395535571
2011.263	64.0955148849266
2017.66	64.4882570104469
2016.74	62.8288698657033
2011.493	63.6724960254372
2014.512	64.4097085853429
2013.964	64.3995916123459
2011.496	63.6142307390246
2013.71	62.7503337783712
2011.027	62.6914918689606
2013.06	63.3249528598366
2012.601	63.2215503023639
2015.762	65.3420246603314
2016.432	65.106416398335
2017.866	64.0955148849266
2017.584	66.0488494463206
2016.667	64.6351998743423
2018.005	62.3576533417105
2018.488	63.3000863896961
2018.003	63.3000863896961
2018.614	63.6927668263567
2017.885	64.9697541048001
2018.266	64.2823381124941
2016.91	64.3995916123459
2011.677	64.6453538606551
2014.189	63.7713029136888
2018.46	63.3786224770282
2017.063	63.5356946516925
2016.15	64.0854472630174
2017.392	63.6142307390246
2012.773	63.6142307390246
2017.367	62.7601916581573
2010.953	63.2215503023639
2012.702	62.2005811670463
2018.521	62.7503337783712
2019	63.4770995364915
2017.312	63.545675909198
2017.052	63.6142307390246
2017.964	63.6142307390246
2017.704	63.6927668263567
2018.118	63.1430142150318
2018	62.2981806725998
2015.652	64.3311601602388
2015.041	64.0854472630174
2015.825	63.4571585643603
2016.915	64.0854472630174
2015.397	64.3311601602388
2015.186	64.1639833503495
2016	63.1430142150318
2011.647	63.9283750883531
2012.052	64.1156596212776
2007	64.2425194376816
2011.096	63.0474236565928
2013.285	62.8387400832613
2010.874	62.671797691039
2011.34	63.5356946516925
2014.896	63.7813211845103
2015.323	63.9283750883531
2018.044	63.1529337836776
2017.156	63.6927668263567
2018.37	63.6927668263567
2018.332	63.6142307390246
2016.09	63.9283750883531
2016.74	64.0069111756852
2012.279	63.5992462311558
2011.912	62.3129037340476
2011.162	64.6351998743423
2010.756	64.0069111756852
2012.795	63.3000863896961
2010.033	63.849839001021
2014	63.3199780029853
2012.314	65.3852213644241
2006	63.7678880327095
2005.66	64.478127699678
2005	64.4097085853429
2008.672	64.0854472630174
2008.653	64.0069111756852
2011.696	61.5722924683892
2008.038	63.5356946516925
2017.543	59.9968464206875
2017.858	63.2611102324846
2010.978	64.2035607373562
2012	64.0854472630174
2013	64.478127699678
2014	64.3995916123459
2015	64.2035607373562
2014	63.811394891945
2011.918	62.4462411835541
2013.082	62.4361894290426
2014	62.2791172543784
2014	63.0644781276997
2016	62.9469548133595
2017.351	62.4361894290426
2014	62.5932616037069
2013	62.3674495326369
2013	62.3576533417105
2013	62.524546382845
2015	63.849839001021
2012.582	63.9283750883531
2010.923	63.2215503023639
2013	63.1430142150318
2013	62.8387400832613
2013	63.0644781276997
2014	62.6720138397421
2013	62.5932616037069
2014	61.0225398570643
2011.085	64.2267386471896
2015.805	63.7239418825016
2007.636	64.1639833503495
2005.951	64.478127699678
2005.529	64.7922720490065
2005.526	64.7922720490065
2003	64.5998898418444
2003	64.9913344887348
2016	64.9493442236708
2015	65.0278803110029
1992	65.8917772716563
1995	66.8870003147624
1983	66.1793602137861
1985	66.3730732934885
1981.129	66.2059216209849
1992	66.9077757685353
1984	66.5826176030258
1981.112	65.9703133589884
1979.932	64.9493442236708
1979.932	65.0380959861755
