1979	1.0625703748863
1980	1.06391179473882
1980	1.0682199624693
1981.145	1.07170166222317
1981	1.07170166222317
1981	1.07110450816164
1981	1.07289306541273
1981	1.07110450816164
1981	1.07077991045839
1980	1.07086203308924
1998	1.0720739523975
1989	1.08678366865971
1987	1.07851042313281
1987	1.07979283742905
2005.074	1.12200528988239
1992	1.08572949198827
1992.101	1.10233445187712
1992.016	1.10363701884266
1992	1.10567170591008
1994.005	1.09622069015069
1992	1.10806610619687
1999.455	1.10346335595308
1993	1.10464413217177
1995.803	1.10498461602171
2000.208	1.10927647293514
2000.208	1.12559058066037
2012.538	1.11307009475503
2013.636	1.12524020626811
2004.686	1.09420934293462
2011.896	1.11910705338966
2003.112	1.0934170761008
2001.038	1.09931375316301
1999.863	1.11404070789526
2001.868	1.1152573726308
2005.753	1.1138794238865
2006.34	1.11972708388042
2006	1.12037309847357
1997.31	1.10385250433888
1995.923	1.11740613331182
1998.882	1.11429853029176
1998.17	1.10957544303123
1994.101	1.1011869244703
1992.792	1.10920897070683
2005.266	1.11596504403605
2002.175	1.10086059654968
1999	1.11341794785523
2006.195	1.11628715347227
2007.847	1.11471903442152
2007.142	1.10916534617857
1993.173	1.10635422126831
1994	1.10803302269512
1994.011	1.10565246807209
1998	1.11138099180066
1998.458	1.1215982254982
1997.962	1.11332345954062
1997	1.10683038270019
1996.814	1.10356694487919
1985	1.07178409749164
1991	1.09683899289018
1994	1.1099675130653
1998	1.1034690238044
1995	1.08148636552875
1995	1.07937204125671
1995	1.077467708452
1993	1.09174304522621
1998	1.09426995194435
2005.975	1.12208900490692
2005.868	1.10655041491403
2013.058	1.11509015770474
2012.385	1.12209595388028
2012.033	1.09948028544502
2009.233	1.12362297860883
2006.677	1.09461613501143
2011.619	1.11506075629236
2011.836	1.11516445704254
2011.833	1.11564841324823
2012.26	1.10909086089415
2011.855	1.11581781484024
2012.049	1.11524673648756
2011.948	1.11385441846448
2011.641	1.1074071187409
2011.562	1.10417497550867
2011.392	1.10806357255473
2012.481	1.11844983375523
2019	1.12665313894425
2019.729	1.13516417250167
2013.655	1.11409115893697
2012.046	1.10570428465415
2012.085	1.11393409776696
2011.816	1.1069632961539
2011.855	1.10769577805025
2013.468	1.11924735605502
2011.644	1.11172719568825
2011.63	1.10894439920342
2012.085	1.11490725035674
2013.751	1.12084351807129
2012.219	1.11498439212628
2012.079	1.11048594373804
2012.066	1.11467119226971
2012.003	1.1120317700732
2011.951	1.11136911586476
2012.128	1.11540901862203
2012.29	1.11311859393066
2012.295	1.10138665486345
2011.397	1.11459097286225
2011.244	1.10696368523081
2012.098	1.10879484695988
2012.227	1.10529276530496
2011.836	1.11284356892438
2014.148	1.10608953977923
2014.94	1.1123949488396
2014.175	1.11004043650895
2011.934	1.11217939994483
2012.107	1.10636906334432
2013.496	1.10382588721132
2012.025	1.10790406411078
2013.016	1.10776599397986
2014.093	1.10297086058115
2014	1.12332589907488
2014.808	1.12495101220172
2014.225	1.11482782490717
2013.036	1.10945038553665
2013.496	1.11499763746433
2010.89	1.09731371011483
2012.063	1.1073710477745
2011.951	1.10563697465412
2015.107	1.13490532313131
2013.058	1.1237786818574
2013.268	1.12303581568115
2007.277	1.09604735851374
2009	1.11025968554393
2006.03	1.09941343406461
2009.03	1.1088939884166
2006.789	1.10180087807183
2009	1.10791821517969
2005.888	1.09547118927774
2016.15	1.1165794805169
2004.24	1.0904147199549
2003	1.10362586364802
2018.315	1.09144122634243
2003	1.10389833449426
2004.153	1.10380705948206
2000	1.10557871846591
2000	1.10398891633422
1999	1.1099187014129
1999	1.10648620283031
2003.099	1.12474812730051
2003.482	1.11326710486613
2004.287	1.12481169843631
2004.721	1.12179883598361
2006.236	1.12229016612691
2006.236	1.12349010080834
2008.369	1.11981597411718
2005.929	1.12357811366288
2007.31	1.11691492802013
2006.312	1.11701294497441
2012.366	1.12991513404704
2012.366	1.12991513404704
2012.366	1.13065618346739
2012.366	1.13065618346739
2011.981	1.12454100480109
2011.932	1.12632962863824
2011.882	1.1255892312031
2012.153	1.12760317328582
2011.014	1.12169756943579
2013.666	1.12538323629754
2013.329	1.12855532772062
2015.956	1.11886061730492
2015.956	1.12233132921603
2015.94	1.11886061730492
2015.882	1.1166649796642
2016.896	1.11822523898719
2015.934	1.11876215016541
2014.937	1.11988674170945
2010.915	1.1149412645162
2010.915	1.12193170237394
2012.085	1.11411926551953
2011.748	1.12306716353766
2013	1.1230339376996
2013.044	1.12229089039911
2013	1.1231607950655
2013	1.12377362071722
2011.748	1.12569961863319
2010.915	1.12917481293076
2011.096	1.12243322940581
2011.096	1.13059126308023
2011.096	1.13059126308023
2011.047	1.1321875167968
2011.096	1.13144764586946
2011.096	1.13144764586946
2011.871	1.13179706580228
2011.871	1.13179706580228
2011	1.11972019324292
2011	1.11102440316423
2011	1.12045167791605
2012.852	1.12211416839334
2012.852	1.12211416839334
2011.871	1.12139142912366
2011.871	1.12139142912366
2013.038	1.11564354205393
2013.038	1.11564354205393
2013.038	1.12719743718843
2013.038	1.12719743718843
2013.036	1.12295493508803
2013.036	1.12295493508803
2013.038	1.12594099712581
2013.038	1.12594099712581
2013.036	1.11510905170528
2013.038	1.11574123942152
2013.038	1.11510905170528
2013.038	1.11574123942152
2012.866	1.13206915999842
2012.866	1.13206915999842
2015.438	1.12262547565707
2014.008	1.11777859496873
2011.014	1.11234626444105
2011.014	1.11234626444105
2011.666	1.1189799983569
2011.871	1.11930126926437
2011.871	1.11930126926437
2011.871	1.11784479411703
2011.871	1.11784479411703
2011	1.11898942465854
2010.915	1.11822523898719
2011	1.12474751472381
2013.833	1.1191948482162
2013.038	1.13208200794299
2013.038	1.13208200794299
2012.79	1.1163835618417
2012.863	1.11544606458933
2012.863	1.11544606458933
2012.863	1.11491543403478
2012.863	1.11491543403478
2012.186	1.12493345517514
2012.011	1.12690915751969
2011	1.12335182692285
2010.915	1.11972019324292
2011	1.11836130951326
2011	1.12233070389074
2011	1.1182593712285
2011.022	1.12233095300309
2012.79	1.12233095300309
2011.175	1.12097371048287
2011.175	1.12097371048287
2010.915	1.11961648211592
2011.833	1.11773945845046
2012.085	1.11597249272729
2011.773	1.11856311827939
2011.858	1.11856311827939
2011.277	1.12097359300333
2011.277	1.12097359300333
2012	1.12127454247336
2012.904	1.1215611704325
2012.904	1.1215611704325
2012.904	1.1214485950597
2012.904	1.1214485950597
2012.904	1.11948907772347
2012.904	1.11948907772347
2012.995	1.11759587844923
2011	1.11940701720301
2010.833	1.12003057451902
2010.833	1.121495566325
2013.885	1.13256939340439
2010	1.12284590082938
2011	1.13380474122414
2011	1.1292602052242
2008.962	1.12420024127565
2009.096	1.12913962580042
2010.915	1.12032654468465
2011.852	1.14241780232085
2011.852	1.14241780232085
2009.019	1.12448120055184
2009.019	1.12448095096223
2009.134	1.12669764464907
2009.134	1.12442180736999
2009.134	1.1262887966874
2009.134	1.1262887966874
2009.134	1.12690915751969
2009.134	1.12752847077401
2009.96	1.12504492566557
2009.96	1.12589088172604
2007	1.13401269556797
2008	1.11763142778395
2009	1.10906644013078
2012.085	1.13461720798702
2009.845	1.12643741944487
2009.03	1.1277922038126
2009.019	1.12705927632338
2009.211	1.12043731187331
2013.038	1.11722174292226
2013.038	1.11722174292226
2013.036	1.12501279446813
2013.036	1.12501279446813
2013.038	1.12696694140041
2013.038	1.12696694140041
2013.038	1.12196176768246
2013.036	1.12196176768246
2013.036	1.12042683039328
2013.036	1.12042683039328
2013.036	1.11978984772389
2013.036	1.11978984772389
2009.481	1.13850583845156
2006.915	1.12864534519396
2007.962	1.12275782766448
2009.959	1.11836130951326
2009.079	1.13368144812978
2009.079	1.13134533510878
2009.627	1.12938014157558
2009.627	1.13097253188574
2008.025	1.12470863964386
2007.233	1.12693532963947
2008.809	1.13388354982646
2006.734	1.12256008250149
2007.099	1.12400060346406
2006.951	1.117893879724
2004.954	1.13367135596737
2005.181	1.12555481735731
2005.074	1.13132996811119
2005.036	1.12555481735731
2005.216	1.13070861845012
2004.24	1.13031420742659
2003.351	1.1191948482162
2002.907	1.11987328482872
2001	1.11284148514882
2004	1.11770743301642
2008.306	1.12191679927369
2017	1.1187139989041
2016	1.11112023337781
2020.609	1.11037295839121
2001	1.08371359794475
2013.153	1.11475760832428
2012	1.10256991324934
2005.507	1.11564365897487
2005.507	1.11156713758815
2007.23	1.11949504110726
2008.73	1.12441118786961
2010.855	1.11805344160784
2008.306	1.12076032800038
2009.742	1.12181144936983
2008.254	1.12055564361423
2008.407	1.11457031337474
2009.145	1.11805344160784
2009.074	1.11612501677361
2008.287	1.11355755386251
2016.353	1.12933991792767
2011.817	1.12229089039911
2009	1.12368781477816
2010.414	1.11374594158278
2010.299	1.12114496744652
2009.668	1.12411987542323
2011.277	1.1314257577842
2010.863	1.12569123327872
2009.608	1.12086182845153
2010.767	1.13202667581099
2010.014	1.124604159704
2010.592	1.11149071729823
2010.592	1.11091548988091
2017.967	1.11930138656865
2009.592	1.10966285365055
2005.679	1.11564365897487
2003	1.10722495288516
2013.162	1.13030267917926
2012.579	1.11885644080139
2006.255	1.11035162084347
2006.219	1.11035162084347
2007.907	1.132096932425
2007.904	1.1311456049567
2014	1.12376953436317
2015	1.112061502761
2011.773	1.12313223097075
2011.044	1.12722693786474
2015.011	1.11640540259161
2009.249	1.14285431021499
2014	1.11647061816493
2012.415	1.1394403588655
2014	1.12137645463597
2011.893	1.1322791970482
2012.923	1.1298298039893
2012.424	1.13548955360342
2011.236	1.1336650956982
2013.23	1.1336650956982
2011.973	1.12396380514821
2011.879	1.12525110247439
2011.833	1.12599298549527
2011.814	1.12386702977762
2012.369	1.1314257577842
2009.09	1.12897997813721
2011.088	1.11491310371918
2012.082	1.10909086089415
2010.86	1.10762477928187
2012.087	1.11439600009254
2015	1.11077824227996
2008.074	1.13128472814892
2009.203	1.12823832601195
2005.471	1.1163723635547
2006.137	1.10259898602541
2004	1.09695006396148
2004	1.12161015161222
2005	1.1254414681891
2006	1.12275565227345
2014.816	1.11134925959871
2010.803	1.13090227425459
2010.781	1.13198871758054
2008.415	1.13707353671726
2010.085	1.15580514462548
2012	1.12474741078904
2011.466	1.12145668158148
2017.378	1.1126935585438
2019.748	1.14572707207191
2016.298	1.12724986519937
2017.337	1.13687511533565
2018.964	1.13598818004861
2007	1.12109007676216
2007.252	1.12495101220172
2015.058	1.12090489938002
2014.521	1.10535447447985
2013.942	1.11487221764961
2005.912	1.09956424520324
2005.6	1.11501259210092
2004.26	1.11438057937345
2005.792	1.1137475021916
2006.693	1.11348055418394
2009.153	1.10848657440404
2006.805	1.11879361542775
2006.808	1.11879361542775
2006.792	1.1102680825782
2007.211	1.10371518717025
2006.838	1.10642997110018
2006.847	1.10708889945358
2005.855	1.10329136781522
2012.06	1.12316961333182
2007.285	1.10569808425326
2007.2	1.10423648747412
2011.619	1.11832071254651
2008.115	1.11913278924697
2008.074	1.11830384358227
2008.082	1.11699701585699
2009.942	1.11483743119194
2009.707	1.11483754874724
2012.008	1.12586895871575
2012.046	1.12375218070736
2010.603	1.12646887920522
2011.162	1.12602169245396
2011.688	1.12686301829869
2011.008	1.1206396350311
2011.008	1.1198113097987
2010.858	1.12748226205442
2009.058	1.11706822089176
2010.288	1.11871415709869
2010.285	1.11855913593561
2012.117	1.11375347821435
2010.729	1.11378673927472
2013.123	1.10663169139532
2009.468	1.11890170173095
2010	1.11644013600219
2010.666	1.11394371194869
2012.385	1.11409531942606
2013.389	1.12395457004045
2010.364	1.12011705305445
2010.364	1.1176562363277
2005.926	1.11085391755299
2008.519	1.12939588808426
2007.625	1.11428938625417
2005.471	1.111340556885
2009.071	1.12910092084031
2008.705	1.11683308954846
2009.605	1.11476147552942
2008.667	1.12154993442974
2008.669	1.12095944335205
2007.37	1.10936479732087
2007.844	1.11576820412235
2008.672	1.11378897956126
2008.314	1.1216590820875
2007.6	1.11895559341452
2007.775	1.12099705145676
2007.77	1.12303556487864
2007.559	1.11904456476984
2007.89	1.11922026363851
2005.784	1.11469619187211
2006.901	1.10963383871648
2006.271	1.1133886501637
2016.779	1.12380091215649
2017.142	1.10740376100069
2005.74	1.11036687508871
2006.718	1.11716640989193
2006.704	1.11642570617624
2006.699	1.1164259555026
2006.693	1.11690670670408
2007.54	1.09114647627033
2009.211	1.11699701585699
2010.493	1.11002474804933
2011.91	1.1066447550583
2011.132	1.10818500985278
2010.841	1.10965817022172
2010.841	1.10899206479201
2010.614	1.10164524079213
2011.8	1.10178314788743
2011.545	1.10238274386155
2011.255	1.10592624561386
2011.247	1.10597893006902
2016.779	1.13390538442911
2017.219	1.15065477700255
2016.377	1.13870565513243
2016.377	1.13870565513243
2016.071	1.13935975329325
2013.811	1.14291999534058
2018.063	1.14548337539057
2017.414	1.13774511912009
2017.603	1.15157592883467
2018.027	1.1596250418816
2017.888	1.14011844130505
2017.252	1.13532099664438
2016.475	1.13333895000729
2016.227	1.1612667631202
2017.386	1.14489449032663
2017.197	1.14576970607373
2018.874	1.13712874488869
2018.671	1.14852254433735
2018.077	1.14044838761109
2018.786	1.14011844130505
2018.948	1.13828595217523
2018.863	1.14466706228783
2018.784	1.15132381883573
2017.953	1.14565635654433
2018.819	1.14992318158654
2018.91	1.14712190708816
2018.825	1.14678730939591
2017.693	1.13182833511348
2010.027	1.11526206368961
2012.12	1.10736954359763
2009.132	1.11494650699293
2011.658	1.11580129139152
2011.455	1.10779041835255
2012.12	1.11409531942606
2012.194	1.10926747207968
2012.063	1.11930571301207
2011.504	1.11148859778179
2011.392	1.10772383995159
2012.033	1.10899206479201
2011.238	1.11584990522608
2011.912	1.11601100191094
2012.178	1.12196900801952
2010.89	1.10884970906826
2012.093	1.12683531380653
2012.798	1.13120677108203
2013.595	1.12090489938002
2014.904	1.12685923100151
2014.956	1.13011688414843
2012.312	1.13045973014412
2011.951	1.1129717925832
2012.216	1.12440694617048
2010	1.11320342706337
2010.699	1.11281350643431
2011.879	1.11565599810934
2010.641	1.11576820412235
2012.24	1.11632388093515
2012	1.12208969739887
2012	1.12479157156171
2007.356	1.11534830118455
2006.186	1.1133886501637
2006.178	1.1077469617548
2006.082	1.11765110284004
2006.929	1.11428938625417
2006.923	1.11576820412235
2010.148	1.11335394841386
2009.838	1.1116248309876
2006.953	1.11987686255403
2006.66	1.11765110284004
2006.03	1.11551877802713
2012.754	1.13198846477861
2009.233	1.10749252553381
2006.693	1.12415743873981
2008.246	1.10661257255112
2009.268	1.10877483489661
2009.266	1.1066989901972
2009.263	1.1066989901972
2009.26	1.10877483489661
2009.189	1.10400540138639
2009.759	1.11461640599756
2008.746	1.10688729440137
2011.945	1.1145522933405
2011.797	1.11986162634957
2010.685	1.11225443937262
2011.973	1.12033881698839
2011.238	1.1104357969124
2011.066	1.10762435933477
2009.397	1.10903714550739
2010.479	1.09787778135876
2011.663	1.11299829786337
2011.005	1.11219131375804
2011.184	1.11510272218791
2014.942	1.11679447676723
2010.556	1.10061268397893
2010.556	1.0977833454597
2011.247	1.1009084775686
2011.682	1.10751425562291
2009	1.1231651249428
2010.71	1.12163004900145
2010.71	1.12170937438534
2008.328	1.1127688250787
2011.616	1.1153626889765
2008.194	1.11010032841111
2010.685	1.11725008565211
2009.214	1.111996914351
2011.392	1.1379886229789
2011.085	1.14513141576548
2012.771	1.1308654298369
2011.449	1.12906925077125
2012.292	1.13845785249337
2013.233	1.13807176066322
2012.025	1.13045984861781
2010.893	1.11912885514956
2011.263	1.13688291146634
2017.66	1.15604601102517
2016.74	1.12722500869221
2011.493	1.12328990931091
2014.512	1.13868849646401
2013.964	1.13868837712794
2011.496	1.12852336002303
2013.71	1.12656489873273
2011.027	1.12590391064723
2013.06	1.12939665828679
2012.601	1.12304168933307
2015.762	1.1500322910088
2016.432	1.15270740011005
2017.866	1.15053448524076
2017.584	1.17404128242944
2016.667	1.15886207961391
2018.005	1.12624671627759
2018.488	1.15170403645185
2018.003	1.15016329543841
2018.614	1.14806150658179
2017.885	1.16140484903678
2018.266	1.15699715106785
2016.91	1.15694361128861
2011.677	1.14512087351636
2014.189	1.12164850681833
2018.46	1.12211685390689
2017.063	1.12564117811238
2016.15	1.14595664626519
2017.392	1.14435679982291
2012.773	1.13526862824779
2017.367	1.13409551065642
2010.953	1.11124743760306
2012.702	1.11373011465843
2018.521	1.11910916210432
2019	1.12573713245925
2017.312	1.11456766643279
2017.052	1.11962278331386
2017.964	1.11741409185755
2017.704	1.11879361542775
2018.118	1.12462080897969
2018	1.11085188142787
2015.652	1.12464467471854
2015.041	1.11539420977616
2015.825	1.12054488939202
2016.915	1.12791628541248
2015.397	1.12612252564289
2015.186	1.11822523898719
2016	1.10986700600355
2011.647	1.13559743492809
2012.052	1.13110681571181
2007	1.12400902419427
2011.096	1.11680175099573
2013.285	1.11311871058698
2010.874	1.1052182071651
2011.34	1.12119200784822
2014.896	1.13205830060213
2015.323	1.13409631488734
2018.044	1.12016404512125
2017.156	1.12916991671837
2018.37	1.13366114165355
2018.332	1.13301350158401
2016.09	1.13035651095383
2016.74	1.13025258026546
2012.279	1.12580959935456
2011.912	1.12832324526326
2011.162	1.14059458894819
2010.756	1.13473918881069
2012.795	1.12816562643199
2010.033	1.13345234228352
2014	1.13266503838539
2012.314	1.14829095112673
2006	1.1204238294121
2005.66	1.125174214093
2005	1.12527913157485
2008.672	1.12643218519763
2008.653	1.12579252839524
2011.696	1.10762435933477
2008.038	1.11530069714607
2017.543	1.11068841908716
2017.858	1.13078238896785
2010.978	1.14408675038669
2012	1.12052497972295
2013	1.13408057154907
2014	1.13643689299819
2015	1.12977403645106
2014	1.13056279252874
2011.918	1.11457989648193
2013.082	1.11129544712032
2014	1.11736178986615
2014	1.12695180026131
2016	1.13617640405606
2017.351	1.13674699343937
2014	1.12899522288542
2013	1.12624683430975
2013	1.12249943317752
2013	1.12382956464553
2015	1.13495310655783
2012.582	1.12886576728354
2010.923	1.12081600857988
2013	1.13815222107492
2013	1.12050991678444
2013	1.12322202687897
2014	1.11409247884254
2013	1.11556824350657
2014	1.11848833064184
2011.085	1.12409575128705
2015.805	1.11973864484451
2007.636	1.11311335887243
2005.951	1.11346135471892
2005.529	1.11524582988298
2005.526	1.11451987655485
2003	1.09836602683248
2003	1.09962622312904
2016	1.14086599255086
2015	1.14450328960972
1992	1.09111899897122
1995	1.10906565942713
1983	1.07314970688213
1985	1.09005450284179
1981.129	1.07561010912506
1992	1.08273948900576
1984	1.0798954309207
1981.112	1.07518102020856
1979.932	1.06799554350576
1979.932	1.06589196605861
