2018.542	65.2601747618673
2018.542	65.4963394473746
2017.507	66.0473903802251
2017.507	66.0473903802251
2017.507	66.0473903802251
2017.507	65.8899472565536
2017.507	65.9686688183893
2017.507	65.9686688183893
2017.507	65.9686688183893
2017.507	65.9686688183893
2017.507	65.9686688183893
2017.507	65.8899472565536
2017.507	65.9686688183893
2017.507	65.9686688183893
2017.507	65.8112256947178
2017.507	65.8112256947178
2017.507	65.8899472565536
2017.507	65.8899472565536
2017.507	65.8112256947178
2017.507	65.8112256947178
2017.507	65.8112256947178
2017.507	65.8112256947178
2017.507	65.8899472565536
2017.507	65.8899472565536
2017.507	65.8899472565536
2017.507	65.8112256947178
2017.507	65.8899472565536
2017.507	65.8899472565536
2018.096	65.6537825710462
2018.096	65.6537825710462
2018.096	65.8112256947178
2018.096	65.8112256947178
2018.096	65.732504132882
2018.096	65.8112256947178
2018.096	65.732504132882
2018.096	65.732504132882
2018.096	65.732504132882
2018.096	65.6537825710462
2018.096	65.732504132882
2018.096	65.732504132882
2018.096	65.732504132882
2018.096	65.732504132882
2018.096	65.732504132882
2018.096	65.732504132882
2018.096	65.732504132882
2018.096	65.732504132882
2018.096	65.732504132882
2018.096	65.732504132882
2018.096	65.732504132882
2018.096	65.732504132882
2018.096	65.732504132882
2018.096	65.732504132882
2018.096	65.732504132882
2018.096	65.8112256947178
2018.096	65.8899472565536
2018.096	65.732504132882
2018.096	65.732504132882
2018.096	65.732504132882
2018.096	65.732504132882
2018.096	65.6537825710462
2018.096	65.732504132882
2018.096	65.732504132882
2018.096	65.8112256947178
2018.096	65.732504132882
2018.096	65.732504132882
2018.096	65.8112256947178
2018.096	65.8112256947178
2018.096	65.8112256947178
2018.096	65.732504132882
2018.096	65.6537825710462
2018.096	65.7428548933155
2018.096	65.8112256947178
2018.096	65.732504132882
2018.096	65.8112256947178
2018.096	65.6537825710462
2018.096	65.6537825710462
2018.096	65.732504132882
2007	64.8818897637795
2015.03	65.2793163475233
2006.329	65.4330708661417
2007.754	65.2755905511811
2010.915	64.3307086614173
2012.735	65.1181102362205
2012.814	65.1968503937008
2012.776	65.3543307086614
2012.749	64.9606299212598
2012.831	64.251968503937
2012.831	64.488188976378
2012.008	64.5669291338583
2012.008	64.5566637870101
2012.008	64.4094488188976
2012.831	64.4094488188976
2011.937	64.488188976378
2012.831	64.4094488188976
2012.008	64.5566637870101
2012.008	64.4094488188976
2012.008	64.488188976378
2012.831	64.3307086614173
2014.866	65.0393700787401
2016.915	65.2755905511811
2017.126	64.8818897637795
2010.973	65.2755905511811
2013.079	65.5118110236221
2013.156	65.4330708661417
2013.274	65.4330708661417
2016.071	66.7716535433071
2014.46	66.0629921259843
2018.329	65.5905511811024
2017.479	64.8818897637795
2017.329	65.5750610092104
2016.956	65.2688002522466
2017.052	65.4330708661417
2016.071	65.5905511811024
2015.959	64.9606299212598
2016.109	64.8031496062992
2016.339	65.1181102362205
2016.915	65.3543307086614
2017.321	65.2755905511811
2012.814	65.6692913385827
2012.929	65.748031496063
2015.345	66.6141732283464
2013.074	65.8143939393939
2012.964	65.5118110236221
2013.079	65.6692913385827
2012.929	65.748031496063
2012.85	65.748031496063
2013.079	65.5118110236221
2013.693	65.8267716535433
2013.195	65.4330708661417
2015.348	65.6692913385827
2015.34	65.6692913385827
2013.885	65.748031496063
2013.655	65.5905511811024
2013.351	65.5118110236221
2013.619	65.5905511811024
2013.463	65.2755905511811
2013.23	65.748031496063
2013.236	65.5118110236221
2013.351	65.5118110236221
2013.23	65.5905511811024
2013.23	65.5118110236221
2013.463	65.9055118110236
2013.962	65.748031496063
2016.221	65.2755905511811
2015.282	65.7347050969921
2014.94	65.5776329223278
2015.345	65.5776329223278
2015.033	65.5776329223278
2017.299	65.0278803110029
2016.399	65.5776329223278
2016.609	65.5776329223278
2016.383	65.5776329223278
2016.552	65.8132411843242
2016.609	65.7347050969921
2016.762	66.4415298829812
2018.022	64.3995916123459
2017.167	65.1849524856672
2014.633	65.9703133589884
2014.595	65.5118110236221
2013.351	65.5905511811024
2013.236	65.8267716535433
2012.964	65.5905511811024
2013.079	65.5905511811024
2012.964	65.4330708661417
2013.195	65.5905511811024
2013.543	65.6692913385827
2013.543	65.748031496063
2013.501	65.8267716535433
2013.463	65.5905511811024
2013.195	65.5905511811024
2013.351	65.4330708661417
2013.463	65.5118110236221
2013.389	65.3543307086614
2013.619	65.5118110236221
2011.334	65.4330708661417
2015.227	64.8818897637795
2015.227	64.8818897637795
2012.792	65.0393700787401
2012.792	65.0393700787401
2016.803	65.5905511811024
2017.318	65.9055118110236
2016.664	65.3543307086614
2016.342	65.1181102362205
2012.317	65.3543307086614
2010.932	64.4983461962514
2011.937	64.6456692913386
2012.831	64.5669291338583
2011.937	64.6456692913386
2016.033	65.748031496063
2013.773	66.3779527559055
2014.052	66.4566929133858
2012.511	66.1417322834646
2012.317	66.1417322834646
2012.451	65.9842519685039
2012.085	65.9842519685039
2012.929	66.6929133858268
2012.776	66.7716535433071
2012.107	65.8267716535433
2012.087	66.1417322834646
2012.415	65.9055118110236
2012.926	65.9055118110236
2016.798	65.6692913385827
2017.564	65.748031496063
2012.309	65.1968503937008
2013.151	65.5905511811024
2012.664	65.748031496063
2012.664	65.5118110236221
2012.664	65.748031496063
2012.664	65.5905511811024
2012.664	65.5905511811024
2012.664	65.5905511811024
2012.664	65.5905511811024
2012.664	65.5905511811024
2012.664	65.5905511811024
2012.907	65.5905511811024
2012.664	65.5905511811024
2012.664	65.5905511811024
2012.664	65.5905511811024
2012.664	65.5905511811024
2012.664	65.5905511811024
2012.664	65.5905511811024
2012.568	65.5905511811024
2012.664	65.8267716535433
2012.664	65.6692913385827
2012.664	65.4433769097496
2013.151	65.5905511811024
2013.137	65.5905511811024
2013.151	65.5905511811024
2013.137	65.2755905511811
2013.137	65.5905511811024
2013.151	65.5118110236221
2013.151	65.748031496063
2013.137	65.2755905511811
2013.137	65.5905511811024
2013.137	65.2755905511811
2013.151	65.5905511811024
2013.137	65.5905511811024
2013.137	65.5905511811024
2013.137	65.5905511811024
2013.137	65.1968503937008
2013.137	65.5905511811024
2013.137	65.5905511811024
2013.137	65.5905511811024
2013.137	65.5905511811024
2012.664	65.5905511811024
2013.137	65.5905511811024
2012.664	65.6692913385827
2012.664	65.748031496063
2013.151	65.5118110236221
2013.137	65.6692913385827
2012.369	65.5118110236221
2013.121	65.5118110236221
2013.729	64.3307086614173
2012.292	65.8267716535433
2012.183	65.9842519685039
2012.183	65.5905511811024
2010.992	65.741762572915
2008.41	66.1417322834646
2009.137	64.488188976378
2012.221	66.6929133858268
2009.386	66.2992125984252
2015.156	65.1283666719168
2010.159	65.748031496063
2012.801	64.6456692913386
2012.907	64.6456692913386
2012.929	64.5669291338583
2011.8	65.0393700787401
2012.249	65.2755905511811
2017.299	65.0393700787401
2016.893	66.1417322834646
2017.041	65.9055118110236
2013.545	66.7716535433071
2017.301	67.244094488189
2017.375	66.1417322834646
2014.167	65.9842519685039
2011.915	65.748031496063
2014.693	65.1968503937008
2016.798	64.9606299212598
2017.932	64.8818897637795
2017.326	64.8031496062992
2016.686	64.7244094488189
2005	65.748031496063
2005.417	65.9055118110236
2005	66.0629921259843
2005.526	65.9158922664987
2009.252	67.3228346456693
2006.145	65.6692913385827
2009.405	65.6899810964083
2006.984	65.748031496063
2007.789	66.2204724409449
2007	65.8371397070405
2005.773	66.2204724409449
2005.764	66.2204724409449
2012.806	64.8031496062992
2005.052	65.2755905511811
2006.491	64.7244094488189
2009.496	65.1181102362205
2005.381	65.5905511811024
2005.304	65.4330708661417
2005.066	65.748031496063
2005.066	65.6692913385827
2008.459	64.8031496062992
2008.459	64.7244094488189
2013.926	64.5974476130455
2015.082	64.912557113597
2015.082	64.912557113597
2015.082	64.912557113597
2015.082	64.912557113597
2015.082	64.912557113597
2015.082	64.912557113597
2015.082	64.912557113597
2015.082	64.912557113597
2015.082	64.912557113597
2015.082	64.912557113597
2015.082	64.912557113597
2015.082	64.8337797384591
2015.082	64.912557113597
2015.082	64.912557113597
2015.082	64.912557113597
2015.082	64.912557113597
2015.082	64.912557113597
2015.082	64.912557113597
2015.082	64.912557113597
2015.082	64.912557113597
2015.082	64.9913344887348
2015.082	64.912557113597
2015.082	64.912557113597
2015.082	64.912557113597
2015.082	64.912557113597
2015.082	64.912557113597
2015.082	64.912557113597
2015.082	64.912557113597
2015.082	64.912557113597
2015.082	64.9913344887348
2015.082	64.6762249881834
2015.082	64.7550023633213
2015.082	64.7550023633213
2015.082	64.7550023633213
2015.082	64.8337797384591
2015.082	64.6762249881834
2015.082	64.7550023633213
2015.082	64.7550023633213
2015.082	64.6762249881834
2015.515	65.0701118638727
2015.932	64.9913344887348
2015.932	64.9913344887348
2015.932	64.9913344887348
2015.932	64.9913344887348
2015.932	64.8337797384591
2015.932	64.9913344887348
2015.932	64.9913344887348
2015.932	64.8337797384591
2015.932	64.8337797384591
2015.932	64.8337797384591
2015.932	64.8337797384591
2015.932	64.8337797384591
2015.934	64.8337797384591
2015.932	64.912557113597
2015.934	64.912557113597
2015.934	64.9913344887348
2015.934	64.912557113597
2015.934	64.912557113597
2015.934	64.912557113597
2015.934	65.0701118638727
2015.932	64.912557113597
2015.932	64.912557113597
2015.932	64.912557113597
2015.932	64.912557113597
2015.932	64.912557113597
2015.932	64.912557113597
2015.932	64.912557113597
2015.932	64.912557113597
2015.932	64.912557113597
2015.932	64.6762249881834
2015.934	64.912557113597
2014.534	64.8337797384591
2014.534	64.8337797384591
2014.534	64.8337797384591
2014.534	64.8337797384591
2014.534	64.8337797384591
2014.534	64.912557113597
2014.534	64.912557113597
2014.534	64.8337797384591
2014.534	64.8337797384591
2014.534	64.8337797384591
2014.534	64.8337797384591
2014.534	64.8337797384591
2014.534	64.8337797384591
2014.534	64.8337797384591
2014.534	64.8337797384591
2014.534	64.7550023633213
2014.534	64.8337797384591
2014.534	64.912557113597
2014.534	64.8337797384591
2014.534	64.8337797384591
2014.534	64.7550023633213
2014.534	64.7550023633213
2014.534	64.7550023633213
2013.926	64.3611154876319
2013.926	64.7550023633213
2013.926	64.6762249881834
2013.926	64.912557113597
2012	65.5221294692078
2012	65.6008820286659
2017.986	65.4433769097496
2017.052	65.2755905511811
2012.309	66.0629921259843
2013.121	65.9842519685039
2013.195	65.9842519685039
2013.389	65.9842519685039
2013.619	65.9055118110236
2013.926	66.2992125984252
2013.811	66.1417322834646
2013.773	66.1417322834646
2013.693	66.3779527559055
2013.885	65.9055118110236
2013.849	66.2204724409449
2014.422	65.9055118110236
2014.173	66.1417322834646
2013.619	65.6692913385827
2015.055	64.5669291338583
