2018.542	1.11366014433053
2018.542	1.11551401920283
2017.507	1.12125595717586
2017.507	1.1219832190067
2017.507	1.1219832190067
2017.507	1.12003488067632
2017.507	1.12137303465562
2017.507	1.12137303465562
2017.507	1.12137303465562
2017.507	1.12137303465562
2017.507	1.12137303465562
2017.507	1.12003488067632
2017.507	1.12137303465562
2017.507	1.12137303465562
2017.507	1.11869672669701
2017.507	1.11869672669701
2017.507	1.11930864637498
2017.507	1.11930864637498
2017.507	1.11869672669701
2017.507	1.11869672669701
2017.507	1.11869672669701
2017.507	1.11869672669701
2017.507	1.11930864637498
2017.507	1.11930864637498
2017.507	1.11930864637498
2017.507	1.11869672669701
2017.507	1.11930864637498
2017.507	1.11930864637498
2018.096	1.11746979575291
2018.096	1.11746979575291
2018.096	1.12087706737207
2018.096	1.11942279951691
2018.096	1.12026363115455
2018.096	1.12087706737207
2018.096	1.12026363115455
2018.096	1.11953630532976
2018.096	1.11880968759435
2018.096	1.11964916099985
2018.096	1.11808377702945
2018.096	1.11880968759435
2018.096	1.11953630532976
2018.096	1.11953630532976
2018.096	1.12026363115455
2018.096	1.11953630532976
2018.096	1.11880968759435
2018.096	1.11880968759435
2018.096	1.11953630532976
2018.096	1.11953630532976
2018.096	1.11880968759435
2018.096	1.11953630532976
2018.096	1.11880968759435
2018.096	1.11953630532976
2018.096	1.11880968759435
2018.096	1.12233417097826
2018.096	1.12076182200437
2018.096	1.11880968759435
2018.096	1.11880968759435
2018.096	1.11953630532976
2018.096	1.11953630532976
2018.096	1.11819554328745
2018.096	1.11880968759435
2018.096	1.11880968759435
2018.096	1.12233417097826
2018.096	1.12026363115455
2018.096	1.11880968759435
2018.096	1.11942279951691
2018.096	1.11942279951691
2018.096	1.11942279951691
2018.096	1.11880968759435
2018.096	1.11819554328745
2018.096	1.11953642321336
2018.096	1.12087706737207
2018.096	1.11953630532976
2018.096	1.12014957943578
2018.096	1.11746979575291
2018.096	1.11819554328745
2018.096	1.11880968759435
2007	1.10381046299739
2015.03	1.11911919276935
2006.329	1.11246523087907
2007.754	1.11629788368464
2010.915	1.10878180013742
2012.735	1.10854867679616
2012.814	1.11061018096464
2012.776	1.11112652422338
2012.749	1.1037166407183
2012.831	1.09309385656052
2012.831	1.09925224720871
2012.008	1.10202610295186
2012.008	1.10041440381419
2012.008	1.10005336740879
2012.831	1.09933823440808
2011.937	1.1013981759264
2012.831	1.09862379853131
2012.008	1.09685722364943
2012.008	1.09791005887268
2012.008	1.09925224720871
2012.831	1.09728073765291
2014.866	1.11370740117869
2016.915	1.12359870061794
2017.126	1.11318460744219
2010.973	1.11775234331372
2013.079	1.11380393753476
2013.156	1.11174367083261
2013.274	1.11174367083261
2016.071	1.14262604961245
2014.46	1.11881445517324
2018.329	1.12314559949376
2017.479	1.11609299185276
2017.329	1.12048978219884
2016.956	1.10414695334523
2017.052	1.11318749362965
2016.071	1.12168412196539
2015.959	1.12404115037518
2016.109	1.11765476391576
2016.339	1.11942562239664
2016.915	1.12275366833737
2017.321	1.12433271902111
2012.814	1.11865808082671
2012.929	1.12072726058519
2015.345	1.13918939637781
2013.074	1.1230336096695
2012.964	1.11742665082891
2013.079	1.12084118275836
2012.929	1.11999939747038
2012.85	1.11927224319805
2013.079	1.11597544753935
2013.693	1.117707667047
2013.195	1.11463413089567
2015.348	1.12449391353878
2015.34	1.12522660217452
2013.885	1.11999939747038
2013.655	1.11731676418303
2013.351	1.11597544753935
2013.619	1.11731676418303
2013.463	1.11339746819371
2013.23	1.12072726058519
2013.236	1.11597544753935
2013.351	1.11452706943426
2013.23	1.11586664523886
2013.23	1.11452706943426
2013.463	1.12049747081321
2013.962	1.11709502424216
2016.221	1.11848063933175
2015.282	1.12122149124573
2014.94	1.11854234789747
2015.345	1.12217692664957
2015.033	1.12072097230833
2017.299	1.12003057451902
2016.399	1.12290596799897
2016.609	1.12436618366789
2016.383	1.12072097230833
2016.552	1.12767273459339
2016.609	1.1219487307215
2016.762	1.13034453463384
2018.022	1.10058826023094
2017.167	1.11401006828254
2014.633	1.11798061098077
2014.595	1.11815331421457
2013.351	1.11731676418303
2013.236	1.11843286259454
2012.964	1.11369675436621
2013.079	1.11804288391313
2012.964	1.1139104599971
2013.195	1.11369675436621
2013.543	1.11720622104347
2013.543	1.1156470723214
2013.501	1.11698317659963
2013.463	1.11441934753739
2013.195	1.11731676418303
2013.351	1.11608358995051
2013.463	1.11815331421457
2013.389	1.11546544567079
2013.619	1.11960876907417
2011.334	1.11753587813778
2015.227	1.10668216380171
2015.227	1.10884330014076
2012.792	1.11588651182919
2012.792	1.11588651182919
2016.803	1.12460993519161
2017.318	1.13222267517877
2016.664	1.12421988257014
2016.342	1.11796613673381
2012.317	1.11837219478577
2010.932	1.10211499816138
2011.937	1.10408779296163
2012.831	1.10274298444402
2011.937	1.10408779296163
2016.033	1.12804508157067
2013.773	1.12926240328495
2014.052	1.13133625540019
2012.511	1.12597447219924
2012.317	1.12597447219924
2012.451	1.12548501609931
2012.085	1.12548501609931
2012.929	1.13905281441961
2012.776	1.13522324402581
2012.107	1.12206944892122
2012.087	1.12597447219924
2012.415	1.12633718715755
2012.926	1.12927417988019
2016.798	1.10640680427386
2017.564	1.1156470723214
2012.309	1.12004823781125
2013.151	1.12241450392355
2012.664	1.1236458199242
2012.664	1.1203375623952
2012.664	1.12291511220824
2012.664	1.12168412196539
2012.664	1.12095445269085
2012.664	1.12168412196539
2012.664	1.12095445269085
2012.664	1.12168412196539
2012.664	1.12095445269085
2012.907	1.12168412196539
2012.664	1.12095445269085
2012.664	1.12241450392355
2012.664	1.12095445269085
2012.664	1.12095445269085
2012.664	1.12168412196539
2012.664	1.12095445269085
2012.568	1.12241450392355
2012.664	1.12425992072585
2012.664	1.12303068153557
2012.664	1.12044908943918
2013.151	1.12168412196539
2013.137	1.12168412196539
2013.151	1.12241450392355
2013.137	1.11993936840968
2013.137	1.12168412196539
2013.151	1.11960876907417
2013.151	1.12510937668207
2013.137	1.11920964738757
2013.137	1.12168412196539
2013.137	1.12066980332809
2013.151	1.12095445269085
2013.137	1.12168412196539
2013.137	1.12095445269085
2013.137	1.12168412196539
2013.137	1.11931797003095
2013.137	1.12168412196539
2013.137	1.12168412196539
2013.137	1.12095445269085
2013.137	1.12168412196539
2012.664	1.12095445269085
2013.137	1.12168412196539
2012.664	1.12084118275836
2012.664	1.12291511220824
2013.151	1.1203375623952
2013.137	1.12376194030281
2012.369	1.12399222499017
2013.121	1.12987699098166
2013.729	1.11533078422732
2012.292	1.12939603376416
2012.183	1.11675754001654
2012.183	1.11441934753739
2010.992	1.12230125690531
2008.41	1.12014796465497
2009.137	1.10283228798278
2012.221	1.12729113455491
2009.386	1.12427082136977
2015.156	1.12015655521606
2010.159	1.12510937668207
2012.801	1.11130403384237
2012.907	1.11057923096985
2012.929	1.11140040350629
2011.8	1.10505447907069
2012.249	1.10691272080231
2017.299	1.10505447907069
2016.893	1.12890478838971
2017.041	1.12780424944059
2013.545	1.13154879023236
2017.301	1.14103305360775
2017.375	1.12670598068877
2014.167	1.12329358059877
2011.915	1.11348041724631
2014.693	1.1222433342722
2016.798	1.12625201589662
2017.932	1.12636260708852
2017.326	1.12425832274921
2016.686	1.10903629135187
2005	1.11348041724631
2005.417	1.11398191218709
2005	1.11375930515178
2005.526	1.11542501129356
2009.252	1.14088940524607
2006.145	1.11793179739782
2009.405	1.1172064703085
2006.984	1.11999939747038
2007.789	1.11713605436364
2007	1.11553642486962
2005.773	1.11785853522066
2005.764	1.11713605436364
2012.806	1.10749761652409
2005.052	1.10906799412784
2006.491	1.1032788122168
2009.496	1.11071134643691
2005.381	1.11009430887085
2005.304	1.11030265520848
2005.066	1.11348041724631
2005.066	1.11286756020494
2008.459	1.11183365524869
2008.459	1.11120697024811
2013.926	1.10653663833668
2015.082	1.1112101087973
2015.082	1.1112101087973
2015.082	1.1112101087973
2015.082	1.1112101087973
2015.082	1.1112101087973
2015.082	1.1112101087973
2015.082	1.11265935560622
2015.082	1.1112101087973
2015.082	1.1112101087973
2015.082	1.1112101087973
2015.082	1.1112101087973
2015.082	1.10986155284002
2015.082	1.1112101087973
2015.082	1.1112101087973
2015.082	1.1112101087973
2015.082	1.1112101087973
2015.082	1.1112101087973
2015.082	1.1112101087973
2015.082	1.1112101087973
2015.082	1.1112101087973
2015.082	1.11183422481626
2015.082	1.1112101087973
2015.082	1.1112101087973
2015.082	1.1112101087973
2015.082	1.1112101087973
2015.082	1.1112101087973
2015.082	1.11193437803589
2015.082	1.1112101087973
2015.082	1.1112101087973
2015.082	1.11255866475458
2015.082	1.11005520847066
2015.082	1.10995872610232
2015.082	1.10995872610232
2015.082	1.10995872610232
2015.082	1.11058494311108
2015.082	1.10933145611273
2015.082	1.10995872610232
2015.082	1.10995872610232
2015.082	1.10933145611273
2015.515	1.11390722071185
2015.932	1.1154635164291
2015.932	1.1154635164291
2015.932	1.11473623787211
2015.932	1.11619150695724
2015.932	1.1134855881525
2015.932	1.1154635164291
2015.932	1.1154635164291
2015.932	1.1134855881525
2015.932	1.1134855881525
2015.932	1.11275936244988
2015.932	1.11275936244988
2015.932	1.11421252502764
2015.934	1.1134855881525
2015.932	1.11265935560622
2015.934	1.11338504243227
2015.934	1.11400967035817
2015.934	1.11265935560622
2015.934	1.11265935560622
2015.934	1.11265935560622
2015.934	1.11463324788549
2015.932	1.11265935560622
2015.932	1.11265935560622
2015.932	1.11193437803589
2015.932	1.11338504243227
2015.932	1.11265935560622
2015.932	1.11338504243227
2015.932	1.11265935560622
2015.932	1.11338504243227
2015.932	1.11265935560622
2015.932	1.11005520847066
2015.934	1.11265935560622
2014.534	1.1134855881525
2014.534	1.1134855881525
2014.534	1.11203384699242
2014.534	1.11203384699242
2014.534	1.11203384699242
2014.534	1.11338504243227
2014.534	1.11338504243227
2014.534	1.11203384699242
2014.534	1.11130904085427
2014.534	1.11275936244988
2014.534	1.11130904085427
2014.534	1.11203384699242
2014.534	1.1134855881525
2014.534	1.11130904085427
2014.534	1.1134855881525
2014.534	1.11140728546027
2014.534	1.11130904085427
2014.534	1.11338504243227
2014.534	1.11130904085427
2014.534	1.11203384699242
2014.534	1.11213262875013
2014.534	1.11213262875013
2014.534	1.11213262875013
2013.926	1.10392667435335
2013.926	1.10707009043377
2013.926	1.10644351342322
2013.926	1.11265935560622
2012	1.11815343200817
2012	1.11949736642164
2017.986	1.13147525648128
2017.052	1.12506745693258
2012.309	1.124634026399
2013.121	1.12548501609931
2013.195	1.12621691984593
2013.389	1.12621691984593
2013.619	1.12341163725725
2013.926	1.12938861397612
2013.811	1.12890478838971
2013.773	1.12963915479631
2013.693	1.12926240328495
2013.885	1.13074698595766
2013.849	1.13393211185385
2014.422	1.12780424944059
2014.173	1.13037423800757
2013.619	1.12376194030281
2015.055	1.11140040350629
