2012.199	1.10265298116651
2013.044	1.10265298116651
2012.199	1.09987964781523
2013.044	1.10202610295186
2013.003	1.10605790576754
2012.219	1.10596318888886
2012.219	1.10533910292331
2013.025	1.10533910292331
2013.118	1.10533910292331
2013.044	1.10596318888886
2013.044	1.10462100055283
2013.044	1.10533910292331
2012.199	1.10433733872593
2011.937	1.10130992028811
2011.89	1.10462100055283
2011.89	1.10399604204491
2013.025	1.10462100055283
2013.044	1.10471397149565
2013.044	1.10202610295186
2013.044	1.10265298116651
2013.003	1.10399604204491
2012.219	1.10337003722376
2013.044	1.10337003722376
2012.519	1.10596318888886
2012.24	1.10399604204491
2013.044	1.10399604204491
2013.044	1.10399604204491
2013.044	1.1032788122168
2013.003	1.10390359774626
2013.025	1.10390359774626
2013.044	1.10337003722376
2012.219	1.1012209644589
2013.044	1.10184644779497
2013.063	1.10256228110258
2013.044	1.10256228110258
2012.519	1.10130992028811
2012.24	1.1012209644589
2011.89	1.09987964781523
2012.577	1.09925224720871
2012.519	1.09987964781523
2012.577	1.0991655561945
2012.664	1.0991655561945
2013.118	1.10050600199473
2013.104	1.09987964781523
2013.118	1.09979173558356
2012.664	1.09925236301114
2012.24	1.10050600199473
2012.219	1.10193662388077
2013.044	1.1012209644589
2013.025	1.10184644779497
2013.025	1.1012209644589
2013.044	1.1012209644589
2013.044	1.10256228110258
2013.044	1.10050600199473
2013.082	1.1012209644589
2012.519	1.10256228110258
2013.044	1.10256228110258
2013.063	1.10256228110258
2012.219	1.10274298444402
2012.664	1.10184644779497
2013.118	1.10184644779497
2012.664	1.09791005887268
2012.664	1.1012209644589
2012.156	1.09317306459684
2016.642	1.10256228110258
2016.011	1.10237880236591
2016.046	1.1012209644589
2017.414	1.10417884755296
2017.545	1.10946702703209
2017.545	1.10946702703209
2017.414	1.10624526737243
2017.792	1.10687196669333
2017.581	1.10696583095364
2017.581	1.10624526737243
2017.529	1.10821852626352
2017.529	1.10749761652409
2017.414	1.10749761652409
2017.414	1.10687196669333
2017.414	1.10687196669333
2017.414	1.10687196669333
2017.414	1.10687196669333
2017.414	1.10615193290741
2017.414	1.10624526737243
2017.414	1.10687196669333
2017.414	1.10543260147925
2017.414	1.10677740999686
2017.414	1.10687196669333
2017.414	1.10615193290741
2017.414	1.10543260147925
2017.414	1.10624526737243
2017.414	1.10687196669333
2017.414	1.10687196669333
2017.414	1.10759270375169
2017.414	1.10677740999686
2017.414	1.10677740999686
2017.414	1.10677740999686
2017.414	1.10677740999686
2017.414	1.10677740999686
2017.414	1.10677740999686
2017.414	1.10615193290741
2017.414	1.10687196669333
2017.414	1.10677740999686
2017.414	1.10677740999686
2017.414	1.10884330014076
2017.496	1.10884330014076
2017.496	1.10812221851448
2017.496	1.10812221851448
2017.833	1.11163501288947
2017.581	1.10740184003943
2017.414	1.10730537722489
2017.414	1.10740184003943
2017.496	1.10605790576754
2017.496	1.10740184003943
2018.082	1.11193194623291
2017.926	1.11004503716055
2017.868	1.10787380044374
2016.148	1.10050600199473
2017.197	1.09546616337741
2017.773	1.10802522468011
2019.334	1.1064298464747
2020.32	1.11819407330745
2018.581	1.09776805291859
2018.581	1.09713024684555
2020.686	1.1011938082112
2020.344	1.10191283908611
2020.328	1.10652108518068
2019.726	1.09882335696445
2019.792	1.09600054727121
2020.32	1.09792481126988
2019.786	1.10966245904366
2017.77	1.09862391426753
2017.175	1.09568961060398
2017.986	1.10032704543024
2018.595	1.09546577633835
2017.688	1.10543260147925
2017.66	1.10615248149101
2016.314	1.09773945766647
2016.59	1.09577355160602
2016.607	1.09719701452787
2016.803	1.09711258397435
2016.915	1.09577300816974
2017.775	1.09925224720871
2016.262	1.09765310364305
2016.331	1.09836528730876
2016.331	1.09836528730876
2018.26	1.10834887079182
2019.463	1.11380393753476
2019.718	1.11815331421457
2021.189	1.11318761090011
2020.921	1.11422628320757
2020.251	1.11753587813778
2020.836	1.11674492068862
2020.59	1.114740777787
2020.459	1.11629800128277
2020.631	1.11484626110255
2021.123	1.12545949649948
2020.806	1.11993936840968
2019.43	1.11205440731531
2019.43	1.11133194223298
2019.43	1.11350156988847
2019.43	1.11350145258493
2019.43	1.1141215113989
2019.43	1.11360476454427
2019.43	1.11495171803796
2019.43	1.11350145258493
2019.43	1.1141215113989
2019.518	1.113292814252
2019.43	1.11195149760832
2020.29	1.1198298319003
2019.655	1.11734320205357
2017.216	1.10443310729313
2017.2	1.10443299094492
2016.549	1.1032788122168
2017.838	1.10462100055283
2016.117	1.10318713973232
2017.156	1.10148572841259
2016.631	1.10283228798278
2016.639	1.10471408787345
2016.432	1.10050600199473
2016.76	1.10256252710033
2016.721	1.10122121015738
2015.932	1.10175557763354
