2009.967	65.5776702878439
2010.337	65.6060486729149
2010.359	65.6060486729149
2013.83	66.1573600063007
2013.822	65.6848074348271
2013.773	65.8423249586516
2014.247	65.2910136252658
2016.59	66.7716535433071
2015.841	67.0184280989132
2014.773	65.9210837205639
2017.011	65.7635661967394
2017.214	65.6848074348271
2015.318	66.0102402520677
2016.516	66.3936362920375
2017.743	65.8630741353502
2012.915	66.0942177406649
2016.833	66.1677825915715
2015.611	65.5376132335565
2015.611	65.5272899110026
2015.611	65.6848074348271
2015.019	66.4566929133858
2015.036	66.3779527559055
2014.4	66.2992125984252
2014.419	66.5354330708661
2016.295	65.1437573847972
2015.844	64.8972198157045
2015.915	65.054737339529
2016.678	64.9759785776168
2015.885	64.9279016625955
2015.951	64.8972198157045
2016.669	65.1437573847972
2016.085	65.1546722231127
2016.415	65.4963394473746
2016.423	65.2122548633536
2016.423	65.2122548633536
2016.423	65.4485311490903
2016.423	65.2122548633536
2016.423	65.2122548633536
2016.423	65.2122548633536
2016.423	65.3697723871781
2016.404	65.3697723871781
2016.404	65.3697723871781
2016.415	65.5232374328169
2016.331	65.5569580309246
2016.415	65.4176178855388
2016.443	65.2910136252658
2016.423	65.2910136252658
2016.423	65.2910136252658
2016.423	65.2122548633536
2017.118	64.8972198157045
2017.833	65.0066976597589
2016.489	65.2328054833373
2015.808	64.6025368313244
2016.262	64.9759785776168
2016.052	65.1334961014413
2016.246	64.6229017259043
2021.132	65.3697723871781
2020.598	65.222528554549
2017.696	65.5001182312603
2017.945	65.054737339529
2017.233	65.9998424824762
2017.011	64.9862150452934
2016.227	65.2122548633536
2016.227	65.2122548633536
2016.227	65.2688002522466
2016.383	65.2910136252658
2016.227	65.2122548633536
2016.199	65.054737339529
2016.306	65.054737339529
2016.227	65.054737339529
2016.227	64.9759785776168
2016.536	64.8972198157045
2016.536	64.8972198157045
2016.536	64.8972198157045
2016.536	64.9759785776168
2016.536	64.8972198157045
2016.536	64.8972198157045
2016.306	64.9759785776168
2016.227	65.054737339529
2016.227	65.054737339529
2016.227	65.054737339529
2016.227	65.054737339529
2016.227	65.1008827238335
2016.15	65.3697723871781
2016.15	65.4485311490903
2016.15	65.6060486729149
2016.15	65.5272899110026
2016.153	65.5272899110026
2016.15	65.6060486729149
2016.15	65.5272899110026
2016.15	65.4485311490903
2016.15	65.4743145288371
2016.15	65.4485311490903
2016.15	65.4485311490903
2016.15	65.4485311490903
2016.15	65.4485311490903
2016.15	65.4485311490903
2016.15	65.4485311490903
2016.15	65.4485311490903
2016.15	65.4485311490903
2016.15	65.4485311490903
2016.15	65.4485311490903
2016.15	65.2910136252658
2016.15	65.4485311490903
2016.15	65.4485311490903
2016.15	65.5272899110026
2016.15	65.5272899110026
2016.074	65.9998424824762
2017.414	64.9759785776168
2017.414	65.1334961014413
2017.414	65.2122548633536
2016.76	66.0890114218196
2016.112	65.9998424824762
2016.052	65.9210837205639
2016.795	65.2910136252658
2016.303	65.852697912564
2016.257	65.8413499448037
2016.913	65.8423249586516
2017.06	65.9210837205639
2016.574	65.3697723871781
2017.638	65.4109858932934
2016.399	65.1334961014413
2016.219	65.2910136252658
2017.104	64.9862150452934
2016.552	64.9759785776168
2016.391	65.2328054833373
2019.312	64.9964547388324
2020.322	64.73970229188
2019.962	64.5923591965341
2019.888	64.4348168570303
2016.497	64.8184610537922
2017.137	65.0649862150453
2016.582	64.73970229188
2016.582	64.73970229188
2016.497	64.8972198157045
2016.497	64.8972198157045
2016.497	64.8972198157045
2016.497	64.8972198157045
2015.951	65.222528554549
2016.205	65.3697723871781
2015.649	65.2910136252658
2015.748	65.222528554549
2015.877	64.6609435299677
2015.762	64.7601039943276
2016.077	64.912557113597
2015.852	64.8184610537922
2015.852	64.8184610537922
2016.016	65.4485311490903
2015.953	65.5272899110026
2021.258	66.0786012443884
2020.675	65.6848074348271
2015.953	65.5272899110026
2015.455	65.2910136252658
2015.896	65.3012997243009
2015.805	65.1334961014413
2015.46	65.3903726463405
2016.967	66.236118768213
2015.652	64.9074438755415
2015.337	65.2122548633536
2015.403	65.2910136252658
2015.381	65.2122548633536
2015.816	65.6848074348271
2015.332	65.2910136252658
2020.156	66.0890114218196
2020.732	65.9314690823159
2018.118	65.6951555730603
2017.858	65.6163844033084
2017.159	65.4485311490903
2017.871	65.3800708940528
2017.701	65.5272899110026
2015.838	65.2122548633536
2013.159	66.551153815862
2012.844	66.3000785545954
2012.844	66.3786331500393
2012.844	66.3000785545954
2012.844	66.4571877454831
2011.09	66.9449476254233
2012.377	66.0102402520677
2011.178	65.3800708940528
2011.51	66.3148775301252
2011.51	66.0786012443884
2012.751	65.9998424824762
2013.016	65.9210837205639
2012.852	65.8423249586516
2012.749	65.6848074348271
2012.415	65.7635661967394
2013.038	65.9210837205639
2011.351	65.3697723871781
2011.356	65.5376132335565
2011.356	65.5272899110026
2012.691	65.7635661967394
2011.6	65.6848074348271
2011.663	65.8423249586516
2011.663	65.955766192733
2011.778	65.6848074348271
2011.526	65.7635661967394
2011.526	65.7635661967394
2011.836	65.2328054833373
2011.838	65.3012997243009
2011.737	65.3697723871781
2011.737	65.3697723871781
2011.806	65.2122548633536
2012.883	64.9759785776168
2013.195	64.5821847680554
2011.005	65.4485311490903
2010.932	65.6848074348271
2010.91	65.5272899110026
2010.89	65.5272899110026
2010.91	65.5272899110026
2010.91	65.5272899110026
2011.485	64.9759785776168
2010.91	65.5272899110026
2014.693	65.8267716535433
2016.224	65.6692913385827
2019.66	65.9842519685039
2019.726	65.9842519685039
2018.077	66.3201008191556
2015.97	65.9262759924386
2015.57	65.9055118110236
2017.907	66.236118768213
2016.951	65.7635661967394
2017.795	65.3697723871781
2017.236	65.6951555730603
2017.219	65.6848074348271
2016.776	65.9998424824762
2016.628	65.9418577168518
2020.71	66.0786012443884
2020.667	66.3936362920375
2020.97	66.4723950539498
2021.241	66.4723950539498
2020.765	66.3148775301252
2021.241	65.1334961014413
2020.844	65.7003308649756
2009.271	65.054737339529
2015.099	63.7928312016422
2015.099	63.7158383870206
2015.099	63.8146449470188
2015.099	63.7158383870206
2014.556	64.0308734346696
2012.923	63.6370796251083
2012.923	64.040961008271
2012.923	64.0308734346696
2012.923	63.7158383870206
2012.923	63.8733559108451
2012.923	63.8733559108451
2012.923	63.7945971489328
2012.923	63.8733559108451
2012.923	63.8733559108451
2013.926	63.3220445774592
2019.463	63.6370796251083
2019.718	63.8733559108451
2020.175	63.4795621012838
2021.055	64.0308734346696
2020.631	63.7158383870206
2020.169	63.9521146727573
2017.603	64.1197321780228
2016.511	63.7158383870206
2021.23	64.5034260061432
2019.975	64.3459084823187
2020.276	64.8184610537922
2020.484	64.9759785776168
2018.005	63.5683339897598
2017.775	64.4246672442309
2020.445	65.1334961014413
2020.522	65.5272899110026
2017.625	64.73970229188
2020.951	64.0157480314961
2020.402	64.2671497204064
2021.167	64.4246672442309
2019.852	63.9521146727573
2020.268	64.3560456872785
2020.402	64.6711303662859
2020.284	64.5821847680554
2021.03	65.2122548633536
2020.402	64.9759785776168
2020.167	64.4246672442309
2019.899	64.6711303662859
2020.689	64.1096321965819
2018.496	64.4246672442309
2018.496	64.5034260061432
2018.581	64.5821847680554
2018.496	64.5821847680554
2018.496	64.5821847680554
2018.581	64.5821847680554
2018.496	64.5034260061432
2018.496	64.5821847680554
2018.496	64.5821847680554
2018.496	64.5821847680554
2018.496	64.5821847680554
2018.496	64.73970229188
2018.496	64.73970229188
2018.496	64.5821847680554
2018.496	64.5821847680554
2018.496	64.5821847680554
2018.581	64.5821847680554
2018.581	64.6609435299677
2018.581	64.5034260061432
2018.496	64.6609435299677
2018.414	64.5034260061432
2018.496	64.5821847680554
2018.496	64.5821847680554
2018.496	64.5034260061432
2018.496	64.5034260061432
2018.496	64.5821847680554
2019.249	64.3459084823187
2018.414	64.2671497204064
2018.581	64.3459084823187
2018.581	64.3459084823187
2018.496	64.4246672442309
2018.496	64.6609435299677
2018.581	64.5821847680554
2018.581	64.4246672442309
2020.454	64.8286727057897
2020.713	64.488188976378
2019.825	64.0308734346696
2018.496	64.5821847680554
2018.496	64.5821847680554
2018.496	64.5034260061432
2018.496	64.4246672442309
2018.496	64.4246672442309
2018.882	64.5034260061432
2018.414	64.5821847680554
2020.361	64.9862150452934
2021.241	65.4485311490903
2021.047	65.1540219018356
2020.842	65.1334961014413
2019.545	65.1334961014413
2017.178	65.1694247438928
2017.586	65.6060486729149
2019.31	65.054737339529
2015.8	65.4485311490903
2017.414	65.6060486729149
2017.414	65.6060486729149
2017.414	65.6060486729149
2017.414	65.5737704918033
2017.414	65.6060486729149
2017.414	65.6060486729149
2017.414	65.5272899110026
2017.414	65.6060486729149
2017.414	65.6060486729149
2017.414	65.6848074348271
2017.414	65.6060486729149
2017.414	65.6060486729149
2017.414	65.6060486729149
2017.414	65.6060486729149
2017.414	65.6060486729149
2017.414	65.6060486729149
2017.414	65.6060486729149
2017.414	65.6060486729149
2017.414	65.6060486729149
2017.414	65.6060486729149
2017.414	65.6060486729149
2017.414	65.6060486729149
2017.414	65.6060486729149
2017.414	65.6060486729149
2016.497	65.4485311490903
2016.582	65.4485311490903
2016.582	65.4485311490903
2016.497	65.4485311490903
2016.811	65.9210837205639
2016.391	65.3903726463405
2016.683	64.9176711573308
2016.161	65.3697723871781
2017.216	65.705506972347
2017.945	65.3012997243009
2017.778	65.3800708940528
2017.849	65.3903726463405
2017.877	65.3115890648389
