2009.967	1.1142995697132
2010.337	1.11415643031572
2010.359	1.11199126853353
2013.83	1.10765444898971
2013.822	1.10045134269587
2013.773	1.10522567216605
2014.247	1.09951420798706
2016.59	1.12425320131649
2015.841	1.12968923543812
2014.773	1.11084220147138
2017.011	1.10675701649969
2017.214	1.10972727344189
2015.318	1.10930030170653
2016.516	1.11736067653801
2017.743	1.10522591887455
2012.915	1.11340907384955
2016.833	1.11194779646
2015.611	1.10778283727094
2015.611	1.10778272051472
2015.611	1.10900958403564
2015.019	1.11534583802845
2015.036	1.11474294767642
2014.4	1.11557803834682
2014.419	1.1159477197867
2016.295	1.09332742489933
2015.844	1.09076772346929
2015.915	1.09130131758168
2016.678	1.08717451905008
2015.885	1.08954965196521
2015.951	1.08585673175426
2016.669	1.09473908056241
2016.085	1.08977945690111
2016.415	1.09550520512574
2016.423	1.09464934994436
2016.423	1.09606271241817
2016.423	1.09578672275054
2016.423	1.09535568923874
2016.423	1.09464934994436
2016.423	1.09253442656137
2016.423	1.09446808650174
2016.404	1.09587939272074
2016.404	1.09587939272074
2016.415	1.09562227846375
2016.331	1.09609367842436
2016.415	1.09630388747333
2016.443	1.094559056103
2016.423	1.094559056103
2016.423	1.094559056103
2016.423	1.09464934994436
2017.118	1.08936118883352
2017.833	1.09138739498548
2016.489	1.09112812449914
2015.808	1.08407326970949
2016.262	1.08717451905008
2016.052	1.08910868732447
2016.246	1.08566109150315
2021.132	1.10155200384856
2020.598	1.10103121386418
2017.696	1.10145590387398
2017.945	1.09766148664001
2017.233	1.10501717649212
2017.011	1.09209158580893
2016.227	1.09818789410529
2016.227	1.09747881396616
2016.227	1.09811982814251
2016.383	1.09667858258323
2016.227	1.09747881396616
2016.199	1.09482789895658
2016.306	1.09412121645186
2016.227	1.09482789895658
2016.227	1.09633259864166
2016.536	1.09358897731471
2016.536	1.09358897731471
2016.536	1.09358897731471
2016.536	1.09491614840369
2016.536	1.09358897731471
2016.536	1.09358897731471
2016.306	1.09491614840369
2016.227	1.09695205929603
2016.227	1.09624331949266
2016.227	1.09624331949266
2016.227	1.09624331949266
2016.227	1.09493216148405
2016.15	1.09871020689261
2016.15	1.10074422623667
2016.15	1.10125955133291
2016.15	1.10064726261671
2016.153	1.10064726261671
2016.15	1.10125955133291
2016.15	1.10064726261671
2016.15	1.10003395412983
2016.15	1.09977448547918
2016.15	1.09932436927222
2016.15	1.09932436927222
2016.15	1.10003395412983
2016.15	1.09861547077749
2016.15	1.09932436927222
2016.15	1.09932436927222
2016.15	1.09932436927222
2016.15	1.09932436927222
2016.15	1.09861547077749
2016.15	1.09932436927222
2016.15	1.09738645965539
2016.15	1.10003395412983
2016.15	1.09932436927222
2016.15	1.0999375110552
2016.15	1.0999375110552
2016.074	1.10430575389572
2017.414	1.09775179926806
2017.414	1.09970135011687
2017.414	1.10031926263672
2016.76	1.10420117648087
2016.112	1.10501717649212
2016.052	1.10369854024332
2016.795	1.09880427147095
2016.303	1.10451331435144
2016.257	1.10381790213243
2016.913	1.10096113978629
2017.06	1.10227807894871
2016.574	1.08954992446371
2017.638	1.09376399822519
2016.399	1.09262250561749
2016.219	1.09385391258379
2017.104	1.0956241456433
2016.552	1.09350244145179
2016.391	1.09606295708132
2019.312	1.09138725282471
2020.322	1.09023001081467
2019.962	1.08828040765956
2019.888	1.09267556658797
2016.497	1.08874122251629
2017.137	1.09979401873293
2016.582	1.08601656543842
2016.582	1.08601656543842
2016.497	1.08795737301432
2016.497	1.08795737301432
2016.497	1.08795737301432
2016.497	1.08795737301432
2015.951	1.0953558046852
2016.205	1.0951733986062
2015.649	1.09174256564932
2015.748	1.0918309290791
2015.877	1.08469537740261
2015.762	1.09093487865523
2016.077	1.08787190942296
2015.852	1.08663703639659
2015.852	1.08663703639659
2016.016	1.09790725776074
2015.953	1.09781237065104
2021.258	1.11134104189238
2020.675	1.10900958403564
2015.953	1.09852006595621
2015.455	1.09244566823335
2015.896	1.09104025661817
2015.805	1.09544581840882
2015.46	1.09165388432128
2016.967	1.10115718523382
2015.652	1.08585684619957
2015.337	1.09112788093754
2015.403	1.09244566823335
2015.381	1.0904256264869
2015.816	1.093394923936
2015.332	1.09104014162655
2020.156	1.10420117648087
2020.732	1.10369865656909
2018.118	1.10471814854078
2017.858	1.10481957995805
2017.159	1.10145518648053
2017.871	1.10369070954984
2017.701	1.10635008863028
2015.838	1.09323871948527
2013.159	1.11568444198678
2012.844	1.1129485499775
2012.844	1.1135507540485
2012.844	1.1129485499775
2012.844	1.1170225536241
2011.09	1.11939828806022
2012.377	1.11721742391883
2011.178	1.11158572441997
2011.51	1.12182339846999
2011.51	1.11493703061861
2012.751	1.11145103292298
2013.016	1.1122792546219
2012.852	1.10808247400448
2012.749	1.10829259062684
2012.415	1.10675701649969
2013.038	1.11012471904121
2011.351	1.09871020689261
2011.356	1.10064737862088
2011.356	1.10064726261671
2012.691	1.10747209127768
2011.6	1.10329304930569
2011.663	1.1095150303824
2011.663	1.11087241641433
2011.778	1.09832726146144
2011.526	1.10818785929343
2011.526	1.10818785929343
2011.836	1.09394393784345
2011.838	1.10307434849418
2011.737	1.10155200384856
2011.737	1.10155200384856
2011.806	1.10174362399267
2012.883	1.10417242973505
2013.195	1.10248282194565
2011.005	1.10287917493753
2010.932	1.10471803210756
2010.91	1.10206882819364
2010.89	1.10206882819364
2010.91	1.10349314963237
2010.91	1.10278064398532
2011.485	1.09775179926806
2010.91	1.10206882819364
2014.693	1.10548648191873
2016.224	1.10426571758772
2019.66	1.11387093045769
2019.726	1.11243182087865
2018.077	1.11413929573466
2015.97	1.10538278090092
2015.57	1.10395898962535
2017.907	1.1241272513916
2016.951	1.11393906784958
2017.795	1.11230753327558
2017.236	1.11044577678361
2017.219	1.11260500908569
2016.776	1.11504970640804
2016.628	1.11156062782082
2020.71	1.12000080948335
2020.667	1.12461153796071
2020.97	1.12960185538955
2021.241	1.13180416555162
2020.765	1.12182339846999
2021.241	1.11551901543186
2020.844	1.11830630906185
2009.271	1.10336176390736
2015.099	1.10188598541071
2015.099	1.10126044612838
2015.099	1.09916064121344
2015.099	1.10198152022668
2014.556	1.10381403498397
2012.923	1.09559289518609
2012.923	1.09806512905624
2012.923	1.09878118158389
2012.923	1.09551724628867
2012.923	1.09750906412129
2012.923	1.09750906412129
2012.923	1.09615578537391
2012.923	1.09750906412129
2012.923	1.09607815284691
2013.926	1.10092912089881
2019.463	1.09060077782769
2019.718	1.09536374637878
2020.175	1.09359521619608
2021.055	1.10021562161604
2020.631	1.09623268610391
2020.169	1.09172689197545
2017.603	1.10444987568982
2016.511	1.09551724628867
2021.23	1.09259412762731
2019.975	1.09063249266734
2020.276	1.09935439672609
2020.484	1.10131188060043
2018.005	1.09138378897938
2017.775	1.10050950160397
2020.445	1.09970135011687
2020.522	1.10921813691166
2017.625	1.10445334399598
2020.951	1.10119369220424
2020.402	1.10571801218887
2021.167	1.11060255918436
2019.852	1.10029782585461
2020.268	1.10562885313474
2020.402	1.11394760189354
2020.284	1.1089648235939
2021.03	1.11179204803757
2020.402	1.104889308424
2020.167	1.10050950160397
2019.899	1.10167676773412
2020.689	1.09869929845512
2018.496	1.09551449004949
2018.496	1.09614208479152
2018.581	1.09748047561544
2018.496	1.09748047561544
2018.496	1.09748047561544
2018.581	1.09748047561544
2018.496	1.09756610813578
2018.496	1.09819300958507
2018.496	1.09819300958507
2018.496	1.09748047561544
2018.496	1.09819300958507
2018.496	1.10087152912064
2018.496	1.10158649681027
2018.496	1.09819300958507
2018.496	1.09819300958507
2018.496	1.09819300958507
2018.581	1.09819300958507
2018.581	1.09881886643936
2018.581	1.09685374981728
2018.496	1.09953226935285
2018.414	1.09756610813578
2018.496	1.09605748649359
2018.496	1.09605748649359
2018.496	1.09614208479152
2018.496	1.09614208479152
2018.496	1.09890623769394
2019.249	1.09844934820682
2018.414	1.09425616005939
2018.581	1.09488584901945
2018.581	1.09417523028171
2018.496	1.09693816045169
2018.496	1.09597218663388
2018.581	1.09748047561544
2018.581	1.0948036939676
2020.454	1.09014752547849
2020.713	1.09996685940971
2019.825	1.10093389521964
2018.496	1.09534702954483
2018.496	1.09676863488462
2018.496	1.09827916064784
2018.496	1.09551449004949
2018.496	1.09551449004949
2018.882	1.09614208479152
2018.414	1.09819300958507
2020.361	1.10345636481219
2021.241	1.11582028009568
2021.047	1.10828739199298
2020.842	1.10541407479293
2019.545	1.11117143003002
2017.178	1.10103914763151
2017.586	1.10839666520036
2019.31	1.09695205929603
2015.8	1.09932436927222
2017.414	1.10839666520036
2017.414	1.10839666520036
2017.414	1.10839666520036
2017.414	1.10915112705741
2017.414	1.10911419013072
2017.414	1.10839666520036
2017.414	1.10778272051472
2017.414	1.10983241202554
2017.414	1.10983241202554
2017.414	1.11044565974672
2017.414	1.10911419013072
2017.414	1.10983241202554
2017.414	1.10983241202554
2017.414	1.10983241202554
2017.414	1.11127095032179
2017.414	1.10983241202554
2017.414	1.10911419013072
2017.414	1.10983241202554
2017.414	1.10983241202554
2017.414	1.11055133178776
2017.414	1.11055133178776
2017.414	1.10983241202554
2017.414	1.10983241202554
2017.414	1.11127095032179
2016.497	1.10430592663178
2016.582	1.10359220493342
2016.582	1.10359220493342
2016.497	1.10359220493342
2016.811	1.10369854024332
2016.391	1.10084076759848
2016.683	1.09784167064128
2016.161	1.10155200384856
2017.216	1.1061460243098
2017.945	1.10022494871924
2017.778	1.10012984492536
2017.849	1.09729367543766
2017.877	1.09951445342065
