1959.09	42.7484508588909
1960	42.6700133343792
1957	43.0622009569378
1957	43.0622009569378
1957	43.1609511104136
1957	42.9053259079143
1957	43.1406384814495
1960	42.5131382853557
1964	42.9053259079143
1962	42.9837634324261
1957	43.1406384814495
1964	43.2190760059613
1968	43.0622009569378
1968	43.0622009569378
1968	42.8268883834026
1963	42.9053259079143
1963	42.8268883834026
1963	43.0622009569378
1963	42.9837634324261
1963	43.0622009569378
1967	43.3759510549847
1961	43.5328261040082
1963	43.7681386775433
1966	43.297513530473
1967	43.2190760059613
1964	43.3759510549847
1964	43.297513530473
1965	43.286982480949
1963	43.4543885794964
1967	43.7829750374045
1967	43.7829750374045
1967	43.7829750374045
1967	43.7829750374045
1957	42.9837634324261
1957	42.9053259079143
1957	42.8268883834026
1957	42.9053259079143
1957	42.8268883834026
1957.414	42.8268883834026
1957.863	43.1406384814495
1957	43.0622009569378
1958	42.8268883834026
1957	43.0622009569378
1959	42.9053259079143
1957	43.3759510549847
1958	43.297513530473
1958	43.2190760059613
1958.077	43.297513530473
1958	43.0622009569378
1957	43.2190760059613
1957	42.8268883834026
1960	43.4988179669031
1965	43.4543885794964
1957.668	43.3759510549847
1957	42.9837634324261
1958	43.297513530473
1957.693	43.0622009569378
1957	43.2190760059613
1957	43.0622009569378
1957	43.297513530473
1957	43.0622009569378
1957	43.0622009569378
1957.414	43.0622009569378
1957	43.0622009569378
1957.564	43.297513530473
1957.564	43.0622009569378
1957.564	43.2190760059613
