1918	0.916216668991179
1933.025	0.892929425101215
1933.414	0.891209476793804
1932	0.892007260940032
1932	0.889021608448416
1933	0.890237480480245
1933	0.889231875337017
1935	0.894041274670313
1945	0.901551764397869
1948	0.899411933746921
1943	0.894915678222259
1943	0.893147316655976
1947	0.905141712861779
1947	0.906446898056169
1954	0.914372883370449
1954	0.91466793754385
1954	0.914963182197673
1951	0.909944076202442
1951	0.908265534939085
1951	0.909282249366309
1951	0.910076647296698
1951	0.914144795201979
1957	0.881712590408418
1957	0.880266567299917
1957	0.890510845582855
1953	0.938382077362211
1954	0.903362322868591
1950	0.898508597626498
1950	0.898508597626498
1946	0.907236762428066
1939	0.907316488834233
1940	0.907316488834233
1946	0.914546861761982
1948	0.895324531279995
1942	0.912670836198528
1942	0.910689396376112
1934	0.892073034987626
1935	0.892073034987626
1946	0.892390251115876
1946	0.892313163825628
1935	0.890443509497785
1936	0.884454603174603
1934	0.891808323890977
1934	0.896625705504947
1934	0.896089500235049
1934	0.896089500235049
1993	0.915590596605932
1995.578	0.91525669457078
1996	0.915783471803692
1991	0.918082139574238
1986	0.922278629069864
1987	0.922179793938851
1986	0.922330847140151
1987	0.915030734526906
1987	0.916096141788634
1986	0.921225468418586
1986	0.924164248880334
1989.003	0.909629484409787
1987	0.920547044490602
1986	0.92576493380782
1986	0.93073136754613
1980	0.909642943232683
1980	0.910385205936259
1981	0.904591431428574
1983	0.894100563329645
1983	0.895214895248404
1983	0.887430939706394
1982	0.889570503657962
1982	0.890154660533413
1983	0.890149274317466
1980	0.900121075063388
1978	0.904083239646008
1978	0.901287038279981
1978	0.89901753471799
1978	0.90304738210801
1977	0.90246401816608
1978	0.910791712148824
1977	0.906189202787566
1978	0.901071360360697
1978	0.905538934482994
1978	0.903855776612208
1978	0.905246636569991
1978	0.901362592216017
1977	0.905461694108237
1977	0.90377867980692
1977	0.905461694108237
1977	0.906481805048718
1978	0.902909989087757
1977	0.911317470206124
1951	0.89867287312031
1949	0.907815129754965
1949	0.907736260733532
1948	0.904089597855811
1950	0.901989630979336
1983	0.908772360398326
1983	0.899652181834677
1983	0.901037786333644
1983	0.904280076384631
1983	0.90560657338812
1983	0.905019773788627
1983	0.905760682322224
1983	0.905019773788627
1983	0.903246233368106
1983	0.903540163154429
1983	0.903985387405232
1983	0.903834284301289
1983	0.901917133555179
1983	0.902504319189004
1983	0.902068599917039
1983	0.901406459732307
1983	0.901118899483189
1983	0.90376741083967
1983	0.901548402102377
1983	0.903615659230424
1983	0.903615659230424
1983	0.903615659230424
1983	0.900886905366303
1983	0.901841779389101
1983	0.900880010513809
1983	0.902210630832613
1983	0.903246233368106
1983	0.903909709233428
1983	0.903540163154429
1983	0.902210630832613
1983	0.903615659230424
1983	0.902504319189004
1983	0.902877109447645
1983	0.902210630832613
1983	0.903615659230424
1983	0.904279557723295
1983	0.904793008623559
1983	0.903170919115542
1983	0.904279557723295
1983	0.906721329142393
1983	0.905122123177558
1983	0.902877109447645
1983	0.904793008623559
1983	0.905163162396726
1983	0.900236830639358
1982	0.899939832961144
1984	0.897083700867206
1984	0.902736682380886
1989.005	0.92634960585044
1991.551	0.919653454450869
1996	0.914424998447129
1995	0.916463356168032
1995.964	0.919540967099008
1995.942	0.920804329360479
1996	0.922461005992347
1996.019	0.915941347984289
1996	0.915480568173625
1996.003	0.916488346121978
1995.953	0.914135223068252
1995.929	0.91775081596254
1995.874	0.914510529525407
1995.907	0.914841364662153
1996	0.911190347559878
1996	0.914055160293931
1996	0.918048690294238
1996	0.91581458377664
1995.948	0.91461168888602
1995.871	0.917262182405887
1995.332	0.913008253501546
1996.003	0.914014855920692
1995.934	0.915937481464224
1995.945	0.915560397280829
1995.962	0.914966428416721
1995.918	0.917723514902243
1995.986	0.918672588740837
1995.989	0.919941205186705
1996.104	0.915561335067187
1995.953	0.919055694649471
1995	0.918707196924186
1996	0.911745865951857
1996	0.911745865951857
1996	0.921053838711088
1995.923	0.914766201804758
1996	0.917058848927076
1996	0.915955754732983
1995.975	0.916488346121978
1995	0.929060281344689
1995.986	0.919590282719329
1995.942	0.922409786834439
1995.912	0.924389450385344
1995.951	0.924570214642163
1998	0.928284692903081
2000	0.924208411908947
2000	0.924951584734548
2000	0.92619440066654
2000	0.92619440066654
2000	0.92438955062989
2000	0.924351745833942
2000	0.923926004485015
2000	0.924870091682976
2000	0.92525179621937
2000	0.924570004047777
2000	0.923626223172723
2000.279	0.925812622265605
2001.022	0.920779756105395
2000	0.927178362526087
2000	0.926535993162096
2000	0.926733283142838
2000	0.925189517002383
2000	0.926193723873409
2000	0.924607751889006
1992	0.916120692776763
2001.022	0.921276846394144
2001.584	0.914737080803245
2001.518	0.916101133773952
2001.353	0.916480628858365
2001.058	0.920895523196133
2002.926	0.913274809152015
2003.937	0.914535644344767
2003.937	0.914535644344767
2003.811	0.914535644344767
2003.723	0.914834609903558
2003.696	0.914834609903558
2003.515	0.914535644344767
2003.068	0.914535644344767
2003.973	0.914535644344767
2003.964	0.914834609903558
2003.923	0.914834609903558
2003.819	0.914535644344767
2003.789	0.914834609903558
2003.773	0.914535644344767
2003.715	0.914535644344767
2003	0.914535644344767
2003	0.914834609903558
2003	0.914535644344767
2003	0.914535644344767
2001	0.913467762396076
2002.97	0.91439916774891
2003.153	0.9193009352857
2001	0.920213595455423
2000	0.917912432899745
2000.112	0.918190188777207
2000	0.912942892347927
2000.68	0.915115540497413
2000.587	0.916842173592691
2000.828	0.914894971873273
2000.623	0.917508818123711
2000.68	0.91578417748814
2000.669	0.916241949583792
2000.639	0.915563330648409
2000.642	0.91578417748814
2000.68	0.915115540497413
2000.653	0.917011141581936
2000.626	0.916162913707118
2000.62	0.91586302404633
2000.56	0.915942132191913
2000.678	0.915794278857421
2000.549	0.91586302404633
2000.631	0.915947193689763
2000.713	0.916162913707118
2000.806	0.912413445801335
2000.56	0.918568806687969
2000.467	0.91728755537656
2000.648	0.918568806687969
2000.699	0.91586302404633
2000.705	0.91654196331974
2000.735	0.913846009916737
2000.464	0.917226484796817
2000.563	0.915484411799928
2000.721	0.914437559820664
2000.779	0.915273810370943
2000.76	0.914608264807409
2000.839	0.916252800903996
2000.855	0.915652962736465
2000.68	0.916241949583792
2000.735	0.913011161782862
2000.658	0.918188918844012
2000.639	0.914744822215191
2000.658	0.918188918844012
2000.658	0.913839105920258
2000.568	0.916162913707118
2000.464	0.9175263300027
2000	0.914217194089856
2000.743	0.915942132191913
2000.508	0.918286815978666
2000.719	0.9135401726177
2000.661	0.914138234923832
2000.664	0.916480628858365
2000.544	0.918126608923213
2000.675	0.91774658963144
2000.675	0.919852410819685
2000.541	0.918126608923213
2000.716	0.914516446853879
2000.623	0.919312602291326
2000.751	0.913760335694844
2000.642	0.914169687048111
2000.683	0.915499804929765
2001	0.924385412553403
2001.463	0.924486969658819
1999.997	0.91754060902553
2000	0.917006171306397
2000	0.91882638302611
2001	0.918190188777207
2000	0.921498203512361
2001.019	0.921015776658199
2001.019	0.921618732976797
2001.019	0.920392075672354
1999	0.916802540037022
1999	0.919492592556486
1999	0.919792982165292
1999	0.917007095015631
1999	0.917382193019915
1998.071	0.916750859579206
1998	0.922984884106094
1997.997	0.927010916148863
1997.041	0.920612962257729
1997.041	0.92519265348234
1997	0.913241434824169
1995	0.911235402850164
1996	0.914989282180607
1996	0.915019424928341
1996	0.914720789345793
1996	0.914720789345793
1996	0.914720789345793
1996	0.914720789345793
1996	0.914422348631488
1996	0.913302690547613
1996	0.914720789345793
1996	0.914720789345793
1996	0.915019424928341
1996	0.915019424928341
1996	0.915239551560514
1997	0.909795240730493
1997.86	0.917387122821274
1997.822	0.921796333334686
1997.923	0.921194638600133
2000.68	0.912197668537459
2000.617	0.912650658693824
2000	0.913851450480233
2001.019	0.921561610600223
2000.962	0.918942184317947
2001.038	0.916246130756965
2001.077	0.917454838032109
2001.101	0.916159443894896
2001.063	0.91507694130364
2001.09	0.923680143038384
2001.06	0.921569433701095
2001	0.916704602068628
2001.156	0.91883799256946
2001.592	0.917372754474718
2001.425	0.919117776407735
2001.077	0.922338771242664
2001.074	0.924718671299691
2001.066	0.923952858735468
2001.058	0.924467199088677
2001.06	0.919016822338501
2000	0.915031452560497
2000	0.918864432358552
2000.964	0.91322600677809
2001.06	0.912247642712607
2001.066	0.912586857110735
2001.466	0.919695134262064
2001.54	0.920679765862892
2001.479	0.919552942174273
2001.54	0.920601237842617
2001.622	0.919918558946098
2001.523	0.920903669261094
2001.499	0.920601237842617
2001.479	0.920903669261094
2001.537	0.919642362660811
2001.419	0.920601237842617
2001.556	0.91894916479924
2001.542	0.914880097547758
2001.43	0.922115384615385
2001.542	0.918581304429445
2001.545	0.918122821274598
2001.523	0.921284680295128
2001.622	0.91872665081835
2001.537	0.922107639533395
2001.605	0.925184923379869
2001.427	0.919780347752864
2001.523	0.919393495975982
2001.537	0.920679765862892
2001.592	0.920601237842617
2001.529	0.916761190656074
2001.512	0.920299005000253
2001.521	0.921569433701095
2001.499	0.920299005000253
2001.499	0.919616649343555
2001.504	0.918214963231535
2001.521	0.919996970538487
2001.293	0.919695134262064
2001.405	0.920679765862892
2001.389	0.919996970538487
2001.375	0.920982123749875
2001.499	0.919773882196907
2001.488	0.920758557434628
2001.679	0.916985205917633
2001.54	0.919393495975982
2001.46	0.919918558946098
2001.471	0.921726288152281
2001.425	0.916985205917633
2001.488	0.920299005000253
2001.43	0.920601237842617
2001.616	0.918870784388026
2001.521	0.920522973242383
2001.575	0.921266883000602
2001.414	0.920384472776019
2001.523	0.916917540248967
2001.49	0.917598207180843
2001.504	0.915031452560497
2001.433	0.921647729169681
2001.638	0.9198810816105
2001.501	0.917062360561021
2001.468	0.918569119652508
2002.074	0.919789223186374
2002.005	0.919408358083605
2002.011	0.916828879196792
2002	0.921092255518476
2001.556	0.923455605766075
2001.501	0.920075645281617
2001.616	0.918870784388026
2001.507	0.919329524552882
2001.54	0.921442233577893
2001	0.917084662019734
2001.405	0.920377606438585
2001.54	0.919616649343555
2001.504	0.922028890347997
2001.479	0.922047648974461
2001	0.915937129449757
2001.567	0.918490928751652
2001.548	0.915636822194199
2001.542	0.91728595541121
2001.57	0.91795315578849
2001.518	0.918569119652508
2001.507	0.91728595541121
2001.507	0.916985205917633
2001.545	0.915427569796851
2001.488	0.922410366926544
2001.115	0.916984652487894
2001.049	0.912365892808909
2001.063	0.912558991297978
2001.058	0.914353060238872
2001.068	0.914731048275349
2001.159	0.91480919489517
2001.14	0.915024646895852
2001.14	0.923882171879098
2002	0.926470954012542
2000	0.918790812596122
2001	0.918490928751652
2001.03	0.918807501615792
2001.025	0.918890301755759
2001.025	0.919852893279774
2000	0.911503298592469
2001	0.9073851847107
2000.68	0.917259413590148
2000	0.922780918498302
2000	0.922040440962229
2002	0.919185884896321
2003.06	0.919086299486721
2003.159	0.914304066285796
2003.173	0.914304066285796
2003.052	0.917693478938004
2002.984	0.916853425486693
2003.036	0.918145773609457
2003.038	0.918005494966489
2003.055	0.914395286358154
2003.058	0.917012546178378
2003.074	0.913925315636962
2003	0.916792306945594
2003.227	0.915657748309879
2003	0.913552121475818
2003.071	0.910609336041795
2003.115	0.914071728954502
2003.216	0.911155345320641
2003.036	0.917698393279504
2003.151	0.9209780200585
2003	0.916173489738935
2005	0.921076361881187
2005.603	0.920112364766853
2005.715	0.921339808073447
2005.718	0.919097766766651
2005.699	0.91779625494798
2005.679	0.920193557706197
2005.685	0.919862089233817
2005	0.919569365215806
2005.682	0.921015912097229
2005.759	0.915683980367921
2005	0.919792982165292
2005.496	0.919666441920277
2006.271	0.91583571157006
2005	0.922203183232218
2007.142	0.925517682460418
2007.118	0.922504098360656
2007.137	0.921654589683525
2007.06	0.92256232565498
2007.06	0.922724947282464
2007.077	0.924851131889764
2007.123	0.924607933755509
2007.134	0.922578432982917
2007.082	0.921131964079737
2007.123	0.923027777918264
2007.099	0.921517003029538
2007.099	0.921899574049803
2007.153	0.917544597641062
2007.115	0.922748064168327
2007.121	0.916196458951112
2007.178	0.922304093389009
2007.173	0.916270134862582
2007.096	0.919962513400478
2007.047	0.921859047004453
2007.184	0.920042607319434
2007.099	0.919821286275685
2007.145	0.920188301079341
2007.079	0.920489903275696
2006.989	0.923432614924711
2007.077	0.918085774414788
2007.178	0.918676280525134
2007.181	0.917994263427987
2007.096	0.918676280525134
2007.099	0.918676280525134
2007.156	0.918375173910737
2007.153	0.917994263427987
2007.178	0.916942929052445
2007.079	0.917403721452908
2007.137	0.916391432271852
2007.107	0.914534774758676
2007.153	0.917784861345494
2007.142	0.914694989827954
2007.118	0.916252800903996
2007.118	0.918266879572525
2007.079	0.916722431772074
2007.077	0.914234927291542
2007.077	0.914755178418966
2007.066	0.913178641665428
2007.077	0.912500136158161
2007.104	0.91415514222453
2007.082	0.911821381279501
2007.085	0.914455061890614
2007.079	0.914234927291542
2007.085	0.913098889528344
2007.153	0.914534774758676
2007.145	0.918596424309213
2007.175	0.920329625109796
2007.03	0.918849255308272
2007.153	0.918839935979965
2007.134	0.917925479582798
2007.162	0.920170403966808
2007.079	0.91763371355006
2007.121	0.919405976004794
2007.178	0.918244652285202
2007.118	0.915589490231305
2007.077	0.919673485360794
2006.962	0.918849255308272
2007.134	0.92096294074605
2007.115	0.923249508824748
2007.104	0.919673485360794
2007.14	0.917473773791794
2007.068	0.919604361883442
2007.077	0.920726919311073
2007.115	0.920740883420899
2007.079	0.92256232565498
2007.181	0.924647917008556
2007.041	0.917473379106703
2007.099	0.919667094698705
2007.088	0.919070798422504
2007.079	0.920511866187932
2007.082	0.919070798422504
2007.145	0.919676047548894
2007.118	0.920511866187932
2007.066	0.918680376894176
2007.118	0.916106513932601
2007.077	0.918991047562476
2007.041	0.918991047562476
2007.041	0.918991047562476
2007.153	0.918615400051648
2007.115	0.918104406595741
2007.159	0.918466345414663
2007.085	0.918316649899053
2007.173	0.92088278645923
2007.107	0.917641535929021
2007.077	0.917722181613812
2007.14	0.917049614680197
2007.115	0.920600533020383
2007.011	0.91848695009849
2007.008	0.921521002904458
2007.058	0.918306816046426
2007.134	0.917227936685585
2007.195	0.917235844588045
2007.134	0.917227936685585
2007.175	0.920723274392376
2007.101	0.915197801510303
2007.14	0.920997876648715
2007.088	0.917242279026053
2006.989	0.917163221007762
2007.159	0.926248084571359
2007.137	0.923596640390022
2007.153	0.917276895989855
2007.068	0.919433737025425
2007.085	0.920723274392376
2007.082	0.919433737025425
2007.079	0.917918188628167
2007.115	0.920552326215456
2007.088	0.918141309390204
2007.126	0.917537467687218
2007.118	0.920552326215456
2007.068	0.918903568675709
2007.175	0.920104367854504
2007.137	0.917544102744061
2007.14	0.921777631809029
2007.145	0.918074786665505
2007.14	0.920105288343886
2007.14	0.922001531951846
2007.137	0.922001531951846
2007.153	0.92169824197423
2007.137	0.922001531951846
2007.118	0.922080848135282
2007.137	0.9199470978616
2007.126	0.918815435033917
2007.058	0.92947626209667
2007.162	0.922687879635042
2007.115	0.921871785753365
2007.126	0.917020049182652
2007.118	0.92244741188684
2007.107	0.923054285184134
2007.077	0.919959188687486
2007.137	0.923279013097776
2007.118	0.921791749400147
2007.137	0.922226044688439
2007.121	0.918745946406596
2007.195	0.921396166274822
2007.115	0.920643916343655
2007.173	0.925921790086037
2007.06	0.92257842236514
2007.101	0.922767313955128
2007.123	0.922847014191066
2007.099	0.922160429828883
2007.118	0.922463772075538
2007.14	0.921408888438665
2007.101	0.922080848135282
2007.156	0.922991695202917
2007.099	0.923454550079276
2007.085	0.922767313955128
2007.096	0.927347885186266
2007.068	0.924812699166045
2007.164	0.923516834887914
2007.041	0.926915401834462
2007.153	0.921474614836048
2007.079	0.924892475918584
2007.192	0.924424332684156
2007.03	0.924892475918584
2007.041	0.923983481749468
2007.047	0.923983481749468
2007.058	0.923454550079276
2007.178	0.923150682178624
2007.088	0.927964029820028
2007.066	0.927085209705778
2007.134	0.926169720690269
2007.115	0.927831024556063
2007.079	0.930184363613992
2007.077	0.925416216067142
2007.079	0.923980353161268
2007.126	0.926939284230518
2007.079	0.925640280507483
2007.159	0.925480783015815
2007.134	0.924508384358817
2007.195	0.926364575563395
2007.096	0.925640280507483
2007.173	0.926024842319077
2007.063	0.925256037966799
2007.038	0.926329455754051
2007.096	0.925256037966799
2007.06	0.924647917008556
2006.962	0.926249454762506
2007.077	0.923820623320443
2007.173	0.923599926962523
2007.063	0.925256037966799
2007.06	0.925256037966799
2007.03	0.927324545778411
2006.929	0.92609025340305
2007.107	0.926024842319077
2007.104	0.925560398505604
2007.099	0.926544694941785
2007.063	0.925560398505604
2007.142	0.922160429828883
2007.079	0.923470352442898
2007.142	0.919656670046024
2007.162	0.922687879635042
2007.082	0.919667094698705
2007.115	0.919127168790997
2007.192	0.925480783015815
2007.162	0.920104367854504
2007.058	0.919969815928033
2007.077	0.923454550079276
2007.159	0.924204269758699
2007.096	0.922384264011602
2007.118	0.925726846809372
2007.066	0.921092260224083
2007.115	0.923374997401921
2007.175	0.92262326588636
2007.121	0.921061103053334
2007.178	0.91860129776496
2007.121	0.926169720690269
2007.06	0.920072892988285
2007.134	0.921648911905535
2007.115	0.924364384895749
2007.115	0.924364384895749
2007.115	0.925581454526948
2007.027	0.923694806584006
2007.137	0.924892475918584
2007.156	0.92148863039769
2007.115	0.927075347133487
2007.173	0.921554343447136
2007.181	0.926024842319077
2007.082	0.920740883420899
2007.118	0.921043360715059
2007.063	0.918104406595741
2007.079	0.918707628939103
2007.126	0.921043360715059
2007.126	0.921426649670829
2007.014	0.916121012027823
2007.156	0.920529240279487
2007.173	0.91900035245035
2007.096	0.921043360715059
2007.068	0.919604361883442
2007.162	0.918707628939103
2007.099	0.921043360715059
2007.14	0.919524166861445
2007.066	0.916958685622452
2007.079	0.919684822355761
2007.115	0.920660390502703
2007.063	0.919302257953783
2007.099	0.919371656189359
2007.099	0.918316649899053
2007.123	0.917794710794134
2007.104	0.917934972155953
2007.096	0.919371656189359
2007.096	0.920660390502703
2007.2	0.92088278645923
2007.068	0.923373270143422
2007.058	0.92276698434556
2007.181	0.923373270143422
2007.058	0.923757049557447
2007.195	0.92527359421647
2007.156	0.923837653492826
2007.126	0.92276698434556
2007.192	0.918015266029707
2007.164	0.918316649899053
2007.192	0.919291402483619
2007.173	0.919291402483619
2007.192	0.919593304422037
2007.164	0.920055885978407
2007.189	0.919895404719153
2007.156	0.92474873599134
2007.079	0.925496705018007
2006.274	0.920552326215456
2007.085	0.925593316491239
2007.058	0.918832341769969
2007.153	0.918991047562476
2007.107	0.920968515789014
2007.101	0.918918073989062
2007.096	0.919524020625389
2007.096	0.919090997776024
2007.096	0.921272165151292
2007.104	0.921272165151292
2007.101	0.922039572202647
2006.967	0.920585417404743
2007.173	0.920879176536858
2007.156	0.919444237154565
2007.077	0.917242279026053
2007.077	0.918458199404983
2007.077	0.918680579150284
2007.099	0.920209165804444
2007.142	0.920209165804444
2007.153	0.920209165804444
2007.049	0.920209165804444
2007.077	0.920209165804444
2007.137	0.922255259873894
2007.173	0.922862406193759
2007.134	0.918443528386054
2007.173	0.921026243551439
2007.123	0.921261919336749
2007.068	0.920802897719534
2007.068	0.920655227259477
2007.123	0.91915081477101
2007.121	0.920660390502703
2007.068	0.917782643818147
2007.101	0.919604361883442
2007.099	0.920770289009044
2007.058	0.920129116971222
2007.123	0.917702865493287
2007.096	0.919062249519686
2007.068	0.922623585677489
2007.121	0.923310733899356
2007.115	0.922412953503998
2007.162	0.918964018645317
2007.027	0.91844192593027
2007.162	0.919265318323562
2007.153	0.919424976068076
2007.173	0.918583337610253
2007.178	0.918964018645317
2003.729	0.917845728129294
2005.266	0.92599391625666
2005.449	0.926512888390866
2006.2	0.923960190917899
2006.321	0.919884265675173
2006.271	0.918168521052601
2006	0.916985205917633
2005	0.924385048321636
2005.033	0.921823941214006
2005.055	0.920758557434628
2003.688	0.922265929772311
2003.589	0.922265929772311
2005	0.922606667179418
2004	0.923115767284166
2005.6	0.927566290246366
2005.69	0.928650088060257
2005.663	0.928115346697338
2005.611	0.925437626973788
2003.03	0.913617423221928
2003.17	0.917370226292189
2008.027	0.932330175958037
2008.008	0.934971160184575
2008.481	0.945469317249263
2008.44	0.943889620377322
2008.437	0.942148126612789
2008.437	0.940797167164222
2007	0.946439237222438
2008.469	0.943863330940656
2008.478	0.945053865271133
2007.995	0.94731598508896
2008.122	0.941218375172052
2008.434	0.943647779559683
2007.981	0.943094039441522
2008.036	0.939807385925552
2007.962	0.94279619769932
2007.945	0.943051433273002
2007.849	0.940666565133516
2008.016	0.942427855754608
2008.123	0.943889620377322
2008.484	0.943660158799395
2008.497	0.940437605055775
2008.12	0.938665139083721
2008.077	0.937982434646214
2008.074	0.936673812051286
2008.94	0.938254439376294
2008.123	0.938893955033598
2008.108	0.93934476371731
2008.623	0.932960346377748
2008.88	0.933833091791586
2008.847	0.937921238030842
2008.861	0.932985525187843
2008.842	0.935303002806731
2008.833	0.934527461345034
2008.776	0.932985525187843
2008.776	0.932483784234645
2008.814	0.933993670054737
2008.828	0.934995539623692
2008.839	0.933871614981437
2008.6	0.940636505588429
2008.063	0.943294355594993
2008.016	0.945675876902714
2007.868	0.939298473574789
2008.055	0.942082068751174
2008.333	0.933267039456768
2008.041	0.939722661797691
2008.896	0.937874312603681
2008.915	0.945902410225128
2008.825	0.941286649330557
2009.033	0.936895493995049
2007.948	0.942542904211514
2008.038	0.94182807192766
2008.117	0.938929850431852
2007.997	0.943951390370284
2008.041	0.943654243927566
2008.137	0.935383665626026
2009.023	0.934706377101865
2009.088	0.933446251239891
2008.112	0.934220253106591
2008.921	0.937577768560763
2008.858	0.935370518679619
2008.801	0.936960941081447
2008.148	0.938633704559048
2008.533	0.941811799446813
2008.16	0.93881242604324
2008.342	0.937628018371684
2008.036	0.94369677841958
2007.863	0.942786215314576
2008.71	0.933727170085919
2008.022	0.939768509798841
2007	0.935383665626026
2008.437	0.944076822369762
2008.444	0.944076822369762
2008.984	0.939679322341552
2008.137	0.943456535364263
2007	0.945697866448696
2008.085	0.946375535210208
2008.538	0.939930191458989
2008.828	0.941528088359012
2008.839	0.942028516952326
2008.885	0.940128352308305
2008.866	0.9405184470603
2008.899	0.938436947588328
2008.885	0.938860928323521
2008.883	0.938942161248025
2008.861	0.939900294942614
2008.85	0.938552396963572
2008	0.939591523492238
2008.844	0.938860928323521
2008.56	0.936669311793328
2008.563	0.938277098578784
2008.555	0.938860928323521
2008.022	0.942613910953048
2008.71	0.93668875282975
2007.992	0.940814643799472
2008	0.937756188118812
2009.016	0.93680066307501
2008.989	0.934577928637815
2008.984	0.935579335962229
2009.14	0.929084479692578
2009	0.931227156538632
2009.233	0.930141241282307
2007	0.9326183216198
2009.118	0.934970819087327
2009.134	0.935847338112587
2009.323	0.935656964561296
2009.162	0.933011724275359
2009.121	0.932237440686749
2009.323	0.934034650530975
2009.323	0.934011614479088
2009.023	0.935396420550024
2007	0.933006427454848
2007	0.935464597687847
2007	0.935279436233728
2009.052	0.935599115649902
2009.036	0.930148424028736
2008.489	0.938193797540979
2009.085	0.935521352912657
2008.634	0.929273427976901
2009.414	0.93776751221307
2008.959	0.942755350244261
2008.191	0.942054950049742
2009.129	0.940844522519645
2009.014	0.940990174107348
2009.321	0.934135884338109
2009.326	0.933748115187284
2009	0.941071753557
2009.325	0.938096720446932
2009.707	0.943567928490657
2009.321	0.939813139414331
2009.323	0.939505306745017
2009.323	0.939505306745017
2009.319	0.938390591952837
2009.319	0.93723896110265
2009.315	0.935503333396904
2009.318	0.938633704559048
2009.326	0.936542760134092
2009.323	0.936300729319878
2009.323	0.935913027154529
2009.323	0.935993241395635
2009.318	0.936608419339372
2009	0.936965581926433
2009.323	0.938342879375186
2008.934	0.936323799792919
2008.934	0.938436947588328
2009.325	0.93812825122399
2009.348	0.936425617327299
2009.348	0.936425617327299
2009.353	0.936814336969195
2009.332	0.936425617327299
2009.323	0.936733449548643
2009.318	0.936425617327299
2009.322	0.93564914500779
2009.329	0.937077098083825
2009.326	0.934300601921334
2009.323	0.935956721978536
2009.373	0.932870546484432
2009.205	0.938826825838261
2009	0.938015375851502
2009.162	0.930580656552157
2009.312	0.93667441142208
2009.162	0.93709154963395
2009.625	0.937167998232355
2009.575	0.939056074999356
2008	0.940220674169107
2009.315	0.935766512508618
2009.322	0.937854755426633
2009.323	0.938471359473594
2009.323	0.937854755426633
2009.162	0.938692332244838
2009	0.935999049616569
2007	0.939591523492238
2008.937	0.928793375868991
2007	0.931294112256437
2008.672	0.928961757551674
2009.112	0.935796532289713
2009.086	0.934220253106591
2009.462	0.941046828571019
2009.473	0.937179846195165
2009.323	0.935445893374119
2009.186	0.933053338015103
2008.842	0.938865031240209
2009.537	0.930276385813861
2009.43	0.934074361752141
2009.163	0.935833081243893
2009.041	0.936396776893954
2009.808	0.929323268897002
2009.67	0.935813136010504
2009.538	0.936448048607198
2008.975	0.936935804103243
2009.153	0.937245945051307
2009.323	0.944013150947885
2009.007	0.933394623625402
2009.527	0.935171542228934
2009.077	0.938082113783227
2008.844	0.94496931273674
2009.5	0.931906402928532
2009.499	0.93590754656287
2009.522	0.935102012366129
2009.456	0.937511467363882
2009.573	0.932500051791043
2008.877	0.932472600618857
2008.861	0.936024844720497
2008.992	0.937452864316678
2009.041	0.936836321821238
2009.329	0.932287650183325
2009.323	0.935673993878532
2009.323	0.933051145351221
2009.318	0.936369030768896
2009.318	0.93698546857717
2009.337	0.938332404922267
2009.326	0.938332404922267
2009.323	0.938720626852313
2009.321	0.938720626852313
2009.323	0.93397932255297
2009	0.938342879375186
2008.943	0.934873959303559
2009.318	0.934915071241901
2009.34	0.937041484224588
2009.326	0.935610668268181
2009.323	0.935610668268181
2009.326	0.934178910675738
2009.049	0.933668200181834
2008.997	0.935758317402123
2009.033	0.938608125144471
2009.085	0.935442816913707
2008.713	0.935409038901602
2009.162	0.92683582936549
2009.126	0.926915401834462
2008.79	0.930667532668941
2009.068	0.931359649122807
2009.326	0.9323241889417
2009.036	0.935370518679619
2009.118	0.931405039231931
2009.326	0.930860776395196
2009.132	0.934367718417818
2009.352	0.928437768674455
2009.319	0.926128064431024
2009.345	0.932870546484432
2009.332	0.931053381563082
2009.323	0.931439550530964
2009.321	0.928269281145626
2009.318	0.930667532668941
2009.314	0.931552397394563
2009	0.93315763379409
2008.117	0.936079832543282
2009.086	0.937497645129637
2009.025	0.940209269398545
2009.011	0.9405184470603
2009.323	0.93325762969874
2009.323	0.942256928478157
2009.121	0.937122296974773
2009.318	0.937157894951914
2009.315	0.937157894951914
2009.321	0.938277098578784
2009.326	0.939672860598699
2009.326	0.941409779010157
2009.319	0.939446048452429
2009.319	0.93733826964069
2009.326	0.93733826964069
2009.329	0.93912094146422
2009.323	0.942364327701647
2009.323	0.93733826964069
2009.323	0.93733826964069
2009.321	0.93912094146422
2009.318	0.93912094146422
2009.118	0.934647098332309
2009.167	0.936652831597369
2009.099	0.937612812763485
2009.052	0.938651341860188
2009.318	0.936814336969195
2009.323	0.93423655095639
2009.326	0.933686939785425
2009.323	0.935605666554478
2009	0.934640875047147
2009	0.930932656442569
2009.162	0.934538043567155
2009.247	0.938222403274649
2009.163	0.938152806389822
2009.163	0.932753106100346
2009.086	0.937612812763485
2009.163	0.933366557666345
2009.137	0.936850226568804
2009.137	0.93723896110265
2009.163	0.936425617327299
2009.137	0.935891670189514
2009.438	0.93389636438004
2009.085	0.93301005658979
2009.148	0.937109125591663
2009.319	0.936880667409907
2009.548	0.938847732503707
2009.326	0.928002510375012
2009.326	0.928308680784242
2009.321	0.928308680784242
2009.323	0.927696541858568
2009.318	0.928002510375012
2009.321	0.929000690766751
2009.318	0.931926281897913
2008.653	0.941299608561181
2008.657	0.942082068751174
2008.802	0.941299608561181
2008.762	0.941071753557
2008.6	0.939981557333456
2009.153	0.941772377078343
2009.11	0.9379009611185
2009.167	0.948029770219159
2009.145	0.937658161739707
2009.399	0.937605647135188
2009.137	0.93773882480173
2009.112	0.939349132787122
2009.156	0.937854755426633
2009.156	0.939349132787122
2009.151	0.937966804979253
2009.137	0.938162956134956
2009.112	0.940097084911175
2009.107	0.938860928323521
2009.104	0.937819757882581
2009.036	0.939088774841669
2009.142	0.939868748907152
2009.137	0.941218375172052
2009.074	0.938552396963572
2009.115	0.940599559672268
2009.363	0.942264898272367
2009.118	0.938471359473594
2009.216	0.936814336969195
2009.195	0.939445085190147
2009.186	0.93669587718464
2009.184	0.93669587718464
2009.162	0.936037220140519
2009.159	0.939559683221881
2009.323	0.939626536097655
2009.323	0.939626536097655
2009.082	0.938244068318052
2009.077	0.938471359473594
2009.077	0.938860928323521
2009.326	0.936923645319187
2009.167	0.939900294942614
2009.132	0.938860928323521
2009.14	0.941137412803677
2009.118	0.941528088359012
2009.159	0.938436947588328
2009.159	0.938356164383562
2009.167	0.940097084911175
2009.225	0.940599559672268
2009.162	0.940178017992017
2009.134	0.93812825122399
2009.184	0.941218375172052
2009.137	0.939950027917861
2009.145	0.941447201287154
2009.107	0.941218375172052
2009.195	0.941757193780169
2009.148	0.939478599986891
2009.142	0.943497964933182
2009.11	0.942338191021015
2009.162	0.945066540103479
2009.112	0.942566881415156
2009.115	0.945957978315755
2009.145	0.945319846494015
2009.134	0.946187098886545
2009.112	0.942983693017257
2009.093	0.945332359200391
2009.079	0.945875853130332
2009.077	0.945875853130332
2009.058	0.944133908649429
2009.118	0.942930966767847
2009.137	0.94262058791111
2009.222	0.943970777679843
2009.093	0.943889620377322
2009.137	0.945090241956636
2009.156	0.938651341860188
2008.146	0.936541356831156
2007	0.937058617409202
2008.486	0.933926249762559
2008.59	0.933926249762559
2008.574	0.940113398871204
2007	0.942175937042939
2006	0.938383173626251
2004	0.937407709969237
2007.395	0.946582988464681
2007.364	0.947693350303311
2007.351	0.949385306132118
2007.351	0.947884172687593
2007.395	0.946049074197064
2007.375	0.947801016927059
2008.82	0.944539628671686
2008.762	0.948447487258758
2008	0.951934809744877
2008	0.951934809744877
2008.781	0.94870318012689
2007.971	0.948136328213172
2008	0.948850213948746
2008	0.94723441562401
2007.499	0.952345515826616
2007.364	0.946922495695582
2007.556	0.948006223644448
2007.354	0.946839094300778
2007.351	0.948676055872796
2007.107	0.950575882847842
2007.088	0.950659241041653
2007.088	0.950659241041653
2007.386	0.947801016927059
2007.444	0.947068222763533
2008.016	0.942671521560216
2008.139	0.946008554554121
2008.011	0.946458232248961
2008.183	0.946429769209576
2008.954	0.948249068298833
2008.861	0.948280392810722
2008.5	0.946944578849525
2008.858	0.946167267699944
2008.536	0.946405703401541
2008.746	0.943152411079905
2008.746	0.943548860180822
2008.678	0.947911479898685
2008.648	0.949277654370911
2008.522	0.946912035678071
2008.055	0.945181181123548
2007.211	0.946616715585693
2007.058	0.943118402984978
2006.504	0.951452608167733
2006.392	0.943589796241045
2006	0.940280471393798
2004	0.939107907446707
2006	0.937423869923095
2006	0.9370340886882
2005.573	0.931633578431372
2005.605	0.938986243039633
2006.334	0.939638522995081
2005.989	0.937292766743468
2006.816	0.930916814055235
2006	0.929516670486565
2007.011	0.937590196930817
2006.759	0.932301367676015
2006.545	0.928515768131519
2006.57	0.923293255249185
2006.564	0.928572341521982
2006.584	0.926922357256811
2006.447	0.926757770278262
2006.384	0.930257799681658
2006.463	0.926594249392369
2006.033	0.931277501739531
2007.101	0.932342049908291
2007.126	0.933201240082795
2008.716	0.934769358007161
2006.008	0.936372950485624
2006	0.930630681390056
2006	0.931264344292251
2006.121	0.928036675998041
2006.493	0.935501985861698
2004.809	0.941980237508038
2001	0.931750494238665
2004.697	0.939805855368128
2005.929	0.929766899871628
2005.912	0.930071941505444
2006.921	0.931231632205575
2006.225	0.942539384140452
2006.244	0.942930966767847
2007.789	0.942648068755649
2007.767	0.942256928478157
2007.104	0.939088774841669
2007.047	0.941731289891825
2007.137	0.942226644861604
2007.14	0.939282954847413
2007.162	0.938666425175705
2007.162	0.940856839692435
2008.096	0.941153604163048
2007.863	0.936733449548643
2007	0.939768509798841
2007	0.939379371699545
2007	0.939379371699545
2007	0.939996978124068
2007	0.939688073431947
2007	0.939688073431947
2007	0.939688073431947
2007	0.939996978124068
2007	0.940615397188624
2007	0.939688073431947
2007	0.939688073431947
2007	0.939688073431947
2007	0.939688073431947
2007	0.939688073431947
2007	0.939688073431947
2007	0.939688073431947
2007	0.939688073431947
2007	0.939996978124068
2007	0.939688073431947
2007	0.939688073431947
2007	0.938990555734438
2007	0.939996978124068
2007	0.939299129692944
2007	0.939688073431947
2007	0.939688073431947
2007	0.939688073431947
2007	0.939688073431947
2007	0.939688073431947
2007	0.939299129692944
2007	0.939688073431947
2007	0.940306085976132
2008.79	0.937094456109459
2007.658	0.941785316836868
2008.138	0.942741218985741
2007.959	0.939397956083709
2007	0.939379371699545
2007	0.939379371699545
2007	0.939379371699545
2008.005	0.938084872018644
2008.116	0.948749639590068
2008.092	0.948749639590068
2008.169	0.945920375333954
2008.094	0.946853542425701
2008.137	0.948817154085646
2008.085	0.943007603539484
2008.074	0.945668728933059
2007.925	0.947652830233833
2007	0.944889298930648
2007.718	0.939247785898582
2008.022	0.944753632291443
2008.003	0.946335178038061
2008.074	0.940937860910163
2007.51	0.940367892304024
2008.066	0.943311232417302
2008.131	0.943741663568977
2007.748	0.939056074999356
2007.929	0.937094456109459
2007.923	0.937094456109459
2007.795	0.942136541350107
2007.997	0.938162956134956
2008.026	0.93884680426673
2008.027	0.940623554674595
2008.563	0.940675300900366
2008.486	0.939250582269308
2008.437	0.939784624303731
2008.434	0.94120984967009
2008.443	0.938613854102253
2008.499	0.941075163750036
2008.434	0.94120984967009
2007	0.938927330672715
2007	0.940063090191971
2007	0.943685089248447
2007.806	0.94369677841958
2007.638	0.941107047654065
2007.827	0.940259222005991
2009.023	0.934727625823607
2009.163	0.933177310886432
