2012.199	44.2241107963488
2013.044	44.2241107963488
2012.199	44.3028013849544
2013.044	44.3028013849544
2013.003	44.3028013849544
2012.219	44.3028013849544
2012.219	44.3028013849544
2013.025	44.3028013849544
2013.118	44.2241107963488
2013.044	44.3028013849544
2013.044	44.3028013849544
2013.044	44.2241107963488
2012.199	44.3450278628051
2011.937	44.38149197356
2011.89	44.3028013849544
2011.89	44.3028013849544
2013.025	44.3028013849544
2013.044	44.3028013849544
2013.044	44.3028013849544
2013.044	44.3028013849544
2013.003	44.3028013849544
2012.219	44.2241107963488
2013.044	44.2241107963488
2012.519	44.3028013849544
2012.24	44.3028013849544
2013.044	44.3028013849544
2013.044	44.3028013849544
2013.044	44.2241107963488
2013.003	44.3028013849544
2013.025	44.3028013849544
2013.044	44.3028013849544
2012.219	44.3028013849544
2013.044	44.3028013849544
2013.063	44.2241107963488
2013.044	44.2241107963488
2012.519	44.2241107963488
2012.24	44.2241107963488
2011.89	44.2241107963488
2012.577	44.3028013849544
2012.519	44.3028013849544
2012.577	44.3028013849544
2012.664	44.3028013849544
2013.118	44.3028013849544
2013.104	44.3028013849544
2013.118	44.3028013849544
2012.664	44.3028013849544
2012.24	44.2241107963488
2012.219	44.1454202077432
2013.044	44.2241107963488
2013.025	44.2241107963488
2013.025	44.2241107963488
2013.044	44.2241107963488
2013.044	44.1454202077432
2013.044	44.2241107963488
2013.082	44.2241107963488
2012.519	44.0667296191376
2013.044	44.1454202077432
2013.063	44.0667296191376
2012.219	44.3028013849544
2012.664	44.38149197356
2013.118	44.38149197356
2012.664	44.4601825621656
2012.664	44.38149197356
2012.156	44.1454202077432
2016.642	43.8306578533207
2016.011	43.9093484419263
2016.046	44.1454202077432
2017.414	42.8076802014479
2017.545	43.0437519672647
2017.545	43.0437519672647
2017.414	42.8863707900535
2017.792	42.9650613786591
2017.581	42.8076802014479
2017.581	42.8863707900535
2017.529	42.9650613786591
2017.529	42.9650613786591
2017.414	42.9650613786591
2017.414	43.0437519672647
2017.414	43.0437519672647
2017.414	42.9650613786591
2017.414	42.9650613786591
2017.414	43.0437519672647
2017.414	43.0437519672647
2017.414	43.0437519672647
2017.414	42.9650613786591
2017.414	42.9650613786591
2017.414	42.9650613786591
2017.414	42.9650613786591
2017.414	42.9650613786591
2017.414	42.9650613786591
2017.414	42.9650613786591
2017.414	42.9650613786591
2017.414	42.9650613786591
2017.414	42.9650613786591
2017.414	42.9650613786591
2017.414	42.9650613786591
2017.414	42.9650613786591
2017.414	42.9650613786591
2017.414	42.9650613786591
2017.414	42.9650613786591
2017.414	42.9650613786591
2017.414	42.9650613786591
2017.414	42.9650613786591
2017.414	42.8863707900535
2017.496	42.8863707900535
2017.496	42.8863707900535
2017.496	42.9650613786591
2017.833	42.8863707900535
2017.581	42.8863707900535
2017.414	42.9650613786591
2017.414	42.9650613786591
2017.496	42.9650613786591
2017.496	42.9650613786591
2018.082	42.8076802014479
2017.926	42.9650613786591
2017.868	43.2011331444759
2016.148	44.2241107963488
2017.197	44.0667296191376
2017.773	43.8306578533207
2019.334	43.4372049102927
2020.32	43.4372049102927
2018.581	43.9093484419263
2018.581	43.8306578533207
2020.686	43.9093484419263
2020.344	44.1454202077432
2020.328	43.988039030532
2019.726	43.8989851309889
2019.792	44.3028013849544
2020.32	44.3028013849544
2019.786	43.5158954988983
2017.77	44.1454202077432
2017.175	43.988039030532
2017.986	44.38149197356
2018.595	44.38149197356
2017.688	44.1454202077432
2017.66	44.1454202077432
2016.314	44.1454202077432
2016.59	44.38149197356
2016.607	44.2241107963488
2016.803	44.4601825621656
2016.915	44.4601825621656
2017.775	44.0667296191376
2016.262	44.1454202077432
2016.331	44.1454202077432
2016.331	44.1454202077432
2018.26	44.0667296191376
2019.463	43.5945860875039
2019.718	43.5945860875039
2021.189	43.7519672647151
2020.921	43.5945860875039
2020.251	43.4372049102927
2020.836	43.4679896054807
2020.59	43.5945860875039
2020.459	43.4372049102927
2020.631	43.9093484419263
2021.123	43.1224425558703
2020.806	43.6732766761095
2019.43	43.5158954988983
2019.43	43.5945860875039
2019.43	43.5945860875039
2019.43	43.5945860875039
2019.43	43.5945860875039
2019.43	43.5945860875039
2019.43	43.5945860875039
2019.43	43.5945860875039
2019.43	43.5945860875039
2019.518	43.6732766761095
2019.43	43.5945860875039
2020.29	43.6732766761095
2019.655	43.4372049102927
2017.216	44.1454202077432
2017.2	44.1454202077432
2016.549	44.1454202077432
2017.838	43.7519672647151
2016.117	43.988039030532
2017.156	43.6732766761095
2016.631	43.9093484419263
2016.639	43.7519672647151
2016.432	43.9093484419263
2016.76	43.9093484419263
2016.721	43.8306578533207
2015.932	43.988039030532
