1979	0.915146467959948
1980	0.919462155969401
1980	0.912343228453738
1981.145	0.912915315586773
1981	0.910414133307983
1981	0.91122222746356
1981	0.909838832117899
1981	0.911587739789056
1981	0.920203567426176
1980	0.921893437587436
1998	0.938618294387224
1989	0.935813394138387
1987	0.917573066535959
1987	0.922844009670122
2005.074	0.929616182545241
1992	0.924539230769231
1992.101	0.919810207615501
1992.016	0.917419253254846
1992	0.916114008097166
1994.005	0.917970771523928
1992	0.914218748221052
1999.455	0.916828791932241
1993	0.917166251790903
1995.803	0.9186830475896
2000.208	0.925813330990057
2000.208	0.916168171557562
2012.538	0.943823557014496
2013.636	0.915720572390883
2004.686	0.918976180573974
2011.896	0.910091167524449
2003.112	0.923388965170473
2001.038	0.935171781496757
1999.863	0.930845780654636
2001.868	0.932760811689618
2005.753	0.9082598165099
2006.34	0.925917073884848
2006	0.927503556343651
1997.31	0.922915894746881
1995.923	0.924633040243279
1998.882	0.908967327742414
1998.17	0.916231523136247
1994.101	0.923446415765021
1992.792	0.916487781586086
2005.266	0.903524788810279
2002.175	0.907067037972409
1999	0.923900259118272
2006.195	0.905730116421224
2007.847	0.896815734956527
2007.142	0.905801581895222
1993.173	0.914541077110488
1994	0.915563835370258
1994.011	0.916437670957821
1998	0.938851658077663
1998.458	0.922997156092048
1997.962	0.922831645544034
1997	0.923846170760131
1996.814	0.924063688319653
1985	0.915044967188768
1991	0.918391707703369
1994	0.898503199873063
1998	0.89568228676507
1995	0.948146249229765
1995	0.937051093227943
1995	0.937247161201316
1993	0.910928588899201
1998	0.922856139752077
2005.975	0.915717485117279
2005.868	0.927205478730354
2013.058	0.927842557342993
2012.385	0.9321393361814
2012.033	0.937038671373556
2009.233	0.925861292743059
2006.677	0.927483648925058
2011.619	0.914168151062058
2011.836	0.932199874343525
2011.833	0.9280023082142
2012.26	0.92668208232002
2011.855	0.918056890223445
2012.049	0.918594404053756
2011.948	0.91837664154098
2011.641	0.930324804790423
2011.562	0.931341627806479
2011.392	0.927353344993253
2012.481	0.940496681099496
2019	0.931384009319413
2019.729	0.922582674732664
2013.655	0.934462526082756
2012.046	0.938480846018281
2012.085	0.929806660720749
2011.816	0.932281357938448
2011.855	0.933741719984186
2013.468	0.935197493584191
2011.644	0.92926351229969
2011.63	0.928885147677418
2012.085	0.931002639484648
2013.751	0.920499371450865
2012.219	0.927588089743043
2012.079	0.930872277494385
2012.066	0.928572498644622
2012.003	0.925603802632249
2011.951	0.924189473837772
2012.128	0.93174035828759
2012.29	0.929441961125382
2012.295	0.93209912404707
2011.397	0.929120980030071
2011.244	0.929428229031404
2012.098	0.931082398279666
2012.227	0.932273219330021
2011.836	0.935898382839463
2014.148	0.93317329055361
2014.94	0.935342471146823
2014.175	0.929383289124668
2011.934	0.935445479492063
2012.107	0.927088277651869
2013.496	0.93396179716745
2012.025	0.93578398579131
2013.016	0.922519552541578
2014.093	0.924730326662827
2014	0.925639675260488
2014.808	0.931814668056593
2014.225	0.928020828797797
2013.036	0.928866156322769
2013.496	0.924307723723595
2010.89	0.931953134239187
2012.063	0.932757218564632
2011.951	0.949521542146657
2015.107	0.93964722356185
2013.058	0.933921393210113
2013.268	0.934949211544956
2007.277	0.929387978402036
2009	0.93911344464537
2006.03	0.929639732546461
2009.03	0.929335593196748
2006.789	0.925437763300517
2009	0.927959304322817
2005.888	0.925618348466515
2016.15	0.940996819727556
2004.24	0.924263004286384
2003	0.915703348413551
2018.315	0.935519055790637
2003	0.924698001948786
2004.153	0.936956550337831
2000	0.928326047201576
2000	0.932332477648933
1999	0.935533476160972
1999	0.929454938362556
2003.099	0.922702829338715
2003.482	0.923189236743513
2004.287	0.928943599799968
2004.721	0.93537222086663
2006.236	0.921716689195087
2006.236	0.919239334475041
2008.369	0.93265574269561
2005.929	0.916619915015398
2007.31	0.907498095549026
2006.312	0.917663421748274
2012.366	0.902463861023865
2012.366	0.902463861023865
2012.366	0.903125240592022
2012.366	0.903125240592022
2011.981	0.928798451207869
2011.932	0.928031707302431
2011.882	0.924703501626579
2012.153	0.924597916092997
2011.014	0.91239085525794
2013.666	0.930463216284499
2013.329	0.928014166831781
2015.956	0.929271135711738
2015.956	0.925445991169248
2015.94	0.928895064835286
2015.882	0.927983191407765
2016.896	0.929199421016425
2015.934	0.928662774902761
2014.937	0.923313167319409
2010.915	0.91905455446433
2010.915	0.913736992975252
2012.085	0.912248616719883
2011.748	0.922152204711847
2013	0.924304977373031
2013.044	0.923569585685203
2013	0.921166710711909
2013	0.920638469749863
2011.748	0.921569426358005
2010.915	0.911412434667538
2011.096	0.916655206743214
2011.096	0.909396598555834
2011.096	0.909396598555834
2011.047	0.908899470997508
2011.096	0.908602445026594
2011.096	0.908602445026594
2011.871	0.91450607063139
2011.871	0.91450607063139
2011	0.922312772646792
2011	0.910709933690991
2011	0.920933449686553
2012.852	0.928163776280423
2012.852	0.928163776280423
2011.871	0.917590775269872
2011.871	0.917590775269872
2013.038	0.919518667877754
2013.038	0.919518667877754
2013.038	0.914510003345601
2013.038	0.914510003345601
2013.036	0.91858352331598
2013.036	0.91858352331598
2013.038	0.915110075526273
2013.038	0.915110075526273
2013.036	0.915548369711668
2013.038	0.916191056487923
2013.038	0.915548369711668
2013.038	0.916191056487923
2012.866	0.915821177175655
2012.866	0.915821177175655
2015.438	0.920170841317063
2014.008	0.933171723197648
2011.014	0.915736486819414
2011.014	0.915736486819414
2011.666	0.922941950635031
2011.871	0.922701018154549
2011.871	0.922701018154549
2011.871	0.92247216167966
2011.871	0.92247216167966
2011	0.918107501951387
2010.915	0.922850389602727
2011	0.914765424670653
2013.833	0.921543897472909
2013.038	0.925563316560735
2013.038	0.925563316560735
2012.79	0.920744785590423
2012.863	0.92390984463857
2012.863	0.92390984463857
2012.863	0.922562470625306
2012.863	0.922562470625306
2012.186	0.922415140058015
2012.011	0.922114483232703
2011	0.921598793363499
2010.915	0.914318632391281
2011	0.917840714104254
2011	0.920224306688418
2011	0.916304191053615
2011.022	0.91966061666187
2012.79	0.91966061666187
2011.175	0.918548123980424
2011.175	0.918548123980424
2010.915	0.916133124236756
2011.833	0.918161985810028
2012.085	0.922072475570032
2011.773	0.926320636401641
2011.858	0.926320636401641
2011.277	0.92283245238474
2011.277	0.92283245238474
2012	0.920170841317063
2012.904	0.91324388778076
2012.904	0.91324388778076
2012.904	0.914322586840827
2012.904	0.914322586840827
2012.904	0.914249901613538
2012.904	0.914249901613538
2012.995	0.917030139094453
2011	0.914939076502332
2010.833	0.915181310614472
2010.833	0.915777908600531
2013.885	0.909468003768928
2010	0.905048101496753
2011	0.914897260273973
2011	0.916210663288018
2008.962	0.910378480718832
2009.096	0.91393799718863
2010.915	0.911764705882353
2011.852	0.915281455329999
2011.852	0.915281455329999
2009.019	0.910880221190876
2009.019	0.910880221190876
2009.134	0.903487122587897
2009.134	0.902587563400884
2009.134	0.903383845399392
2009.134	0.903383845399392
2009.134	0.904185817543478
2009.134	0.903160190665245
2009.96	0.904120325312835
2009.96	0.904639739579064
2007	0.909358243809835
2008	0.929245381664264
2009	0.930356371027338
2012.085	0.911467724627864
2009.845	0.919264069264069
2009.03	0.904608771205105
2009.019	0.907302681953
2009.211	0.918390660276374
2013.038	0.927633078403566
2013.038	0.927633078403566
2013.036	0.917676437362507
2013.036	0.917676437362507
2013.038	0.928295995447847
2013.038	0.928295995447847
2013.038	0.938763934014253
2013.036	0.938763934014253
2013.036	0.934252092294069
2013.036	0.934252092294069
2013.036	0.932865564495811
2013.036	0.932865564495811
2009.481	0.913426477055995
2006.915	0.917815814110786
2007.962	0.91164626505566
2009.959	0.911611038325044
2009.079	0.910378480718832
2009.079	0.914853923625555
2009.627	0.913448886639676
2009.627	0.910378480718832
2008.025	0.914685374929263
2007.233	0.915607148999849
2008.809	0.930370655273037
2006.734	0.917775992337559
2007.099	0.918520034487812
2006.951	0.920164467527452
2004.954	0.908663371059502
2005.181	0.91164626505566
2005.074	0.917918571739604
2005.036	0.921175575836593
2005.216	0.915416899709948
2004.24	0.915706635152502
2003.351	0.919876781803552
2002.907	0.915219623634203
2001	0.920468813259458
2004	0.925045816444854
2008.306	0.91891435636502
2017	0.920492301096781
2016	0.893629640967751
2020.609	0.910141347372219
2001	0.915742885187951
2013.153	0.93449026917266
2012	0.9122661678893
2005.507	0.934352107575405
2005.507	0.935666408837397
2007.23	0.935579991572133
2008.73	0.921693677470988
2010.855	0.932734204793028
2008.306	0.938788574320088
2009.742	0.942820963883424
2008.254	0.942441944151233
2008.407	0.940184712770399
2009.145	0.937056277056277
2009.074	0.936124912331321
2008.287	0.941211602187589
2016.353	0.920983503345546
2011.817	0.93658555753274
2009	0.936535561678078
2010.414	0.940549253361005
2010.299	0.936486512067547
2009.668	0.938054458172221
2011.277	0.94092016837752
2010.863	0.942745463904259
2009.608	0.941658714566377
2010.767	0.941740525151537
2010.014	0.940905923063404
2010.592	0.948178606754274
2010.592	0.946628333306414
2017.967	0.916014778892559
2009.592	0.930914235612944
2005.679	0.935075209224179
2003	0.936457407955779
2013.162	0.911062654575433
2012.579	0.908441823321813
2006.255	0.931465094229778
2006.219	0.930705024793442
2007.907	0.9234156439332
2007.904	0.93954260586425
2014	0.922034830497129
2015	0.92370315837033
2011.773	0.937786647779034
2011.044	0.926173717672135
2015.011	0.927325949712153
2009.249	0.924408145267968
2014	0.946028325371186
2012.415	0.924093942982952
2014	0.944952434245819
2011.893	0.923288273436642
2012.923	0.925708194941237
2012.424	0.926069399951544
2011.236	0.927646376086709
2013.23	0.93388788238103
2011.973	0.942376382028887
2011.879	0.939881277137845
2011.833	0.939632148980919
2011.814	0.939500912395985
2012.369	0.925979341025108
2009.09	0.926877259283602
2011.088	0.924451541316903
2012.082	0.943689728184343
2010.86	0.947893902625282
2012.087	0.951985078167822
2015	0.954219023078275
2008.074	0.931011076793816
2009.203	0.925240334739609
2005.471	0.935511228650219
2006.137	0.944627496560508
2004	0.955990105941102
2004	0.930894302407465
2005	0.941064663028519
2006	0.940133393855507
2014.816	0.939098356870997
2010.803	0.925663099115868
2010.781	0.919658527624965
2008.415	0.923245683423802
2010.085	0.944419891922732
2012	0.925244230095627
2011.466	0.936181926660835
2017.378	0.931112254184307
2019.748	0.902558850004092
2016.298	0.905842806443338
2017.337	0.942596259063521
2018.964	0.948849764792283
2007	0.92307973376877
2007.252	0.931053381563082
2015.058	0.944329210893628
2014.521	0.938637290100143
2013.942	0.927597818314848
2005.912	0.943303961824083
2005.6	0.932523162093435
2004.26	0.933205318909411
2005.792	0.932606806950422
2006.693	0.930265166958454
2009.153	0.927679771768959
2006.805	0.913120047671198
2006.808	0.913120047671198
2006.792	0.928575014133249
2007.211	0.937896561312948
2006.838	0.918484592543928
2006.847	0.917807970802814
2005.855	0.923386815542711
2012.06	0.900665302565885
2007.285	0.923393792323633
2007.2	0.926606417670628
2011.619	0.917327858121222
2008.115	0.929338349257181
2008.074	0.926692993372488
2008.082	0.924825538678016
2009.942	0.924937470392016
2009.707	0.923205377750832
2012.008	0.923104692889971
2012.046	0.923415084515018
2010.603	0.921744128463901
2011.162	0.931009042839949
2011.688	0.925134069036484
2011.008	0.930955347208313
2011.008	0.937363582519175
2010.858	0.918329244279887
2009.058	0.921190476190476
2010.288	0.931149598827742
2010.285	0.932031716319652
2012.117	0.916336008507386
2010.729	0.921831267493003
2013.123	0.937020893575029
2009.468	0.915723451805926
2010	0.918920219730343
2010.666	0.921450918960432
2012.385	0.923495053629925
2013.389	0.921765662143727
2010.364	0.900229674429076
2010.364	0.901170258313116
2005.926	0.920630480400278
2008.519	0.923632921189482
2007.625	0.921878990158738
2005.471	0.918515268579316
2009.071	0.93880266075388
2008.705	0.939773051299997
2009.605	0.943716281458515
2008.667	0.933415453272834
2008.669	0.93300899862132
2007.37	0.930336711950968
2007.844	0.935826967683956
2008.672	0.9254164637594
2008.314	0.923076299642017
2007.6	0.930813207546663
2007.775	0.932212646293089
2007.77	0.930197590345904
2007.559	0.931808270069456
2007.89	0.93761153376538
2005.784	0.927338117867649
2006.901	0.922971352864807
2006.271	0.923944634399396
2016.779	0.909141586967572
2017.142	0.946626556720196
2005.74	0.925158097732752
2006.718	0.932202070332932
2006.704	0.932272884066606
2006.699	0.932272884066606
2006.693	0.933299728595822
2007.54	0.945814046489575
2009.211	0.911047877021733
2010.493	0.935159492482968
2011.91	0.935897435897436
2011.132	0.939072575676675
2010.841	0.94123620852303
2010.841	0.941161706160826
2010.614	0.934202960196158
2011.8	0.946230447670379
2011.545	0.944258958595268
2011.255	0.94471931622088
2011.247	0.945740743826567
2016.779	0.92877602863773
2017.219	0.935817615933986
2016.377	0.929705592378683
2016.377	0.929705592378683
2016.071	0.927703007303099
2013.811	0.938076637451069
2018.063	0.941817096276981
2017.414	0.934599472505404
2017.603	0.939512761605936
2018.027	0.933222910581757
2017.888	0.946791153804812
2017.252	0.953769051426386
2016.475	0.925086446064971
2016.227	0.934834871694161
2017.386	0.923673391942319
2017.197	0.920373570833494
2018.874	0.949879621683475
2018.671	0.916861883137442
2018.077	0.922356942802513
2018.786	0.926290472778597
2018.948	0.933511069727604
2018.863	0.930338656095067
2018.784	0.917383770448471
2017.953	0.923825003055114
2018.819	0.916407758297586
2018.91	0.916407758297586
2018.825	0.923068807415767
2017.693	0.932353303241691
2010.027	0.930769575874741
2012.12	0.929992907778239
2009.132	0.936047635111899
2011.658	0.94292258243499
2011.455	0.925262237762238
2012.12	0.926096616614926
2012.194	0.930680697193345
2012.063	0.925854277943645
2011.504	0.923097276273144
2011.392	0.926551339033214
2012.033	0.928033519860345
2011.238	0.925065897373219
2011.912	0.924342025469982
2012.178	0.923251024492939
2010.89	0.921215473688092
2012.093	0.940609482603811
2012.798	0.945888558438645
2013.595	0.947775667867692
2014.904	0.944879309805478
2014.956	0.935112440762762
2012.312	0.943644853912503
2011.951	0.924663979731429
2012.216	0.924217182887626
2010	0.924772743012229
2010.699	0.919763141383561
2011.879	0.915741776315789
2010.641	0.91548000057115
2012.24	0.917785242017206
2012	0.919215361968057
2012	0.930544617476428
2007.356	0.918963284107845
2006.186	0.915594273913128
2006.178	0.928273971625687
2006.082	0.924010798635622
2006.929	0.924344937411693
2006.923	0.923242038281099
2010.148	0.926811870925507
2009.838	0.923486908350252
2006.953	0.924344937411693
2006.66	0.927608847660521
2006.03	0.938166792404131
2012.754	0.914921990564504
2009.233	0.93828637072825
2006.693	0.938123952484813
2008.246	0.940714180140737
2009.268	0.941550552782754
2009.266	0.941863256387132
2009.263	0.942247376801646
2009.26	0.941550552782754
2009.189	0.943500782025193
2009.759	0.93841836621959
2008.746	0.949703574417994
2011.945	0.936540388733625
2011.797	0.930537762067646
2010.685	0.940860501378076
2011.973	0.934468225903178
2011.238	0.934568336827859
2011.066	0.934592612667449
2009.397	0.932469586627182
2010.479	0.941883267573119
2011.663	0.936311399275888
2011.005	0.941004903353769
2011.184	0.930969459713186
2014.942	0.924383654404245
2010.556	0.93831334210335
2010.556	0.942376255512848
2011.247	0.933722996776287
2011.682	0.927531463184647
2009	0.935412791098484
2010.71	0.919269231526943
2010.71	0.918521196782066
2008.328	0.940257514983658
2011.616	0.92470864572772
2008.194	0.936349417118339
2010.685	0.935682625391967
2009.214	0.933468338945532
2011.392	0.941491057156073
2011.085	0.938193481276006
2012.771	0.936767846984447
2011.449	0.94385381682547
2012.292	0.938239542110784
2013.233	0.925721851949049
2012.025	0.925493702278327
2010.893	0.984689247800754
2011.263	0.938662044074878
2017.66	0.930328112172722
2016.74	0.933378937170543
2011.493	0.954038026441833
2014.512	0.93652602638114
2013.964	0.935951613032952
2011.496	0.942090470568393
2013.71	0.926381557050712
2011.027	0.93288890079889
2013.06	0.925011344076344
2012.601	0.928193798604392
2015.762	0.947760320540314
2016.432	0.9444510244692
2017.866	0.916607209231782
2017.584	0.935552094557269
2016.667	0.931825086260624
2018.005	0.933662160099562
2018.488	0.946519451725971
2018.003	0.94413122577487
2018.614	0.950843200475648
2017.885	0.940668138462674
2018.266	0.934253058294074
2016.91	0.940736871874597
2011.677	0.938612633597135
2014.189	0.947448352034541
2018.46	0.941565335556662
2017.063	0.935168183565586
2016.15	0.942775399429477
2017.392	0.946573692079684
2012.773	0.94512966967634
2017.367	0.927831654095526
2010.953	0.938721305791796
2012.702	0.937628912834584
2018.521	0.936721950101687
2019	0.934639210772509
2017.312	0.941609845455999
2017.052	0.938955150524869
2017.964	0.940898359171177
2017.704	0.938591293312972
2018.118	0.934036603470548
2018	0.947002167829882
2015.652	0.937968282687077
2015.041	0.932202784519178
2015.825	0.932678261149366
2016.915	0.943676723829091
2015.397	0.941920761915437
2015.186	0.932632246730431
2016	0.946360565414867
2011.647	0.925849362537486
2012.052	0.937975226484006
2007	0.93142050280688
2011.096	0.930467357247181
2013.285	0.949046789937553
2010.874	0.943182258820709
2011.34	0.91615770514428
2014.896	0.925285720717244
2015.323	0.916075635399616
2018.044	0.918153421648338
2017.156	0.918068086294188
2018.37	0.911727562908547
2018.332	0.912768344027719
2016.09	0.921749683072035
2016.74	0.915443785557167
2012.279	0.928087312838638
2011.912	0.939590220841047
2011.162	0.927667678148362
2010.756	0.935287986890938
2012.795	0.905137098847179
2010.033	0.934566361266729
2014	0.935965906488987
2012.314	0.91473783551203
2006	0.938109862799934
2005.66	0.942570316798473
2005	0.936251646399607
2008.672	0.932234207337138
2008.653	0.932729260535383
2011.696	0.938843896023645
2008.038	0.94810564129867
2017.543	0.922605710856089
2017.858	0.932182496853002
2010.978	0.913095208434508
2012	0.919103181895038
2013	0.939235907652643
2014	0.936755833135024
2015	0.926045540904333
2014	0.923584368031387
2011.918	1.02600762527233
2013.082	0.92456549130436
2014	0.923233552718092
2014	0.9343580131209
2016	0.94401599961516
2017.351	0.939747162411175
2014	0.938902892561984
2013	0.937773115961605
2013	0.938942147860397
2013	0.938704802198731
2015	0.943434757136193
2012.582	0.938216446393461
2010.923	0.943943793852429
2013	0.928721676107964
2013	0.946190150377952
2013	0.933229595038141
2014	0.954103945189962
2013	0.94452690531717
2014	0.926723251028807
2011.085	0.938743966210918
2015.805	0.917399391550029
2007.636	0.925011119123339
2005.951	0.916522531917633
2005.529	0.919521043849182
2005.526	0.91959569200061
2003	0.925286420600496
2003	0.928283472192879
2016	0.888510309773217
2015	0.893654494061253
1992	0.917876523229246
1995	0.905964720096657
1983	0.912042300920627
1985	0.919626275803852
1981.129	0.909529657226506
1992	0.914407735281218
1984	0.91403343239795
1981.112	0.915824805504545
1979.932	0.923010552821475
1979.932	0.924794656377832
