2006.414	0.91401387354948
2006.581	0.90850605055499
2007.293	0.914668118968604
2007.329	0.918172105556062
2010.745	0.910940998253984
2010.414	0.913784925335105
2012.038	0.925229558599999
2012.713	0.924778131626857
2012.705	0.930780745130021
2017.225	0.924751345595921
2014.005	0.927962874303621
2014.025	0.925196222755696
2013.932	0.930894801610979
2013.863	0.929311543527189
2013.923	0.931156644315297
2013.921	0.928701992483074
2013.921	0.929071993276892
2015.956	0.934779403332296
2015.956	0.933767015364639
2015.899	0.939174668999194
2015.899	0.937572495334142
2012.954	0.928774780921538
2012.995	0.924739146087502
2013.186	0.919096515372097
2012.38	0.923519092865379
2012.276	0.92485183579534
2011.085	0.91102822963696
2011.085	0.915009937325448
2014.085	0.912227354879267
2013.833	0.910393134856034
2014.085	0.913648272911988
2013.833	0.916880541029444
2011.085	0.911780516090958
2011.162	0.914685472518056
2010.247	0.912036694044779
2010.329	0.91384056408838
2010.329	0.912356196900977
2009.915	0.917149332661798
2010.162	0.915166772050243
2009.712	0.912219812516915
2012.645	0.892779719642528
2012.443	0.898092967818832
2012.355	0.895271902532997
2013.693	0.896616005731321
2013.603	0.900306707160835
2013.433	0.893840729505274
2012.844	0.916035403753312
2012.533	0.907554201540178
2012.787	0.908829244970195
2012.71	0.909944961629263
2016	0.903099238291166
2015	0.903983762520638
2016	0.903983762520638
2015.973	0.900622929092114
2016	0.90098117210289
2015	0.901993282847107
2016.104	0.903110505137528
2016	0.904538451037116
2016	0.903459478729716
2016	0.903459478729716
2015.573	0.905534549399139
2015.499	0.902471272076208
2015	0.903393887308553
2015.173	0.902523948082519
2015.54	0.902459435880638
2015.345	0.903329837182728
2015.241	0.903393887308553
2015	0.907861406930588
2015	0.903048700938347
2015	0.902510516493062
2015	0.903752946882205
2015	0.900163016543738
2015.444	0.90133076462177
2015	0.903113062931137
2016	0.903702320671695
2016	0.903406315981006
2016	0.905312002720989
2016	0.904591499734343
2016	0.899849577705504
2016	0.900151459986512
2016	0.899853795073337
2016	0.900510372051898
2016	0.901577952297847
2016	0.902751272637474
2016	0.901634351974505
2016	0.901801754915533
2016	0.899849577705504
2016	0.900271238350635
2015	0.904407367803622
2015.529	0.902753972250051
2015.282	0.904112291990309
2015.285	0.903329837182728
2015	0.904343056543898
2018.641	0.894072376128603
2018.636	0.896575360316923
2018.345	0.89508463252309
2018.362	0.894790969585911
2018.162	0.892262479612786
2018.101	0.893325540549576
2018	0.891616641920452
2018.014	0.892678511680579
2017.995	0.892970905559282
2018.044	0.89160623039474
2018.044	0.892678511680579
2018.085	0.893263491046032
2018.068	0.893556268329233
2018.033	0.893263491046032
2018.022	0.892970905559282
2018.022	0.892678511680579
2018.011	0.892970905559282
2018.044	0.895902786174494
2018.005	0.895904527132111
2019.181	0.894610476300602
2019.474	0.891226736605376
2021.595	0.899379358631029
2021.595	0.89707001400917
2018.373	0.889866657780509
2018.329	0.900311796293088
2018.37	0.896465054355219
2018.364	0.892927920634106
2018.164	0.89428416186133
2018.164	0.89428416186133
2018.164	0.89428416186133
2018.184	0.892915452719416
2018.184	0.893503090398073
2018.23	0.891607607225347
2018.197	0.891607607225347
2018.197	0.891252667891261
2018.195	0.891607607225347
2018.195	0.891607607225347
2017.605	0.894769845385616
2017.581	0.895188919412602
2017.395	0.893889455245847
2017.397	0.893889455245847
2017.395	0.893889455245847
2017.397	0.893889455245847
2017.397	0.893889455245847
2017.77	0.895904527132111
2017.564	0.894245444674459
2017.573	0.894245444674459
2017.83	0.894476189381223
2017.822	0.893528086537996
2017.822	0.893528086537996
2017.83	0.893528086537996
2018.786	0.898368346908094
2018.811	0.898006315690248
2018.805	0.897118372728129
2018.795	0.897710139464757
2018.805	0.897710139464757
2017.833	0.894765179126498
2017.822	0.894471331777031
2017.83	0.894765179126498
2017.83	0.894471331777031
2017.83	0.894471331777031
2017.767	0.896198459063585
2017.375	0.893458148117876
2018.162	0.891146159539942
2018.329	0.890768839375732
2018.329	0.887611298831595
2013.408	0.906140683452201
2014.118	0.907517810559521
2011.833	0.914235919593062
2014.164	0.914304677822623
2010.748	0.913699195567128
