1979	44.5020014127619
1980	44.7374617376972
1980	44.4496892455354
1981.145	44.3450278628051
1981	44.1880543128483
1981	44.2665410878267
1981	44.1880543128483
1981	44.2665410878267
1981	44.8159485126756
1980	44.8159485126756
1998	44.894435287654
1989	45.1617970468112
1987	44.1095675378699
1987	44.3450278628051
2005.074	43.4031865630641
1992	44.4235146377835
1992.101	43.7956204379562
1992.016	43.7171336629778
1992	43.560160113021
1994.005	43.7956204379562
1992	43.5909519321395
1999.455	43.2462130131073
1993	43.8265786993402
1995.803	43.560160113021
2000.208	43.8741072129346
2000.208	43.4031865630641
2012.538	44.1095675378699
2013.636	42.7752923632368
2004.686	43.8637790332706
2011.896	43.157564344005
2003.112	44.0991839296924
2001.038	44.1095675378699
1999.863	43.7956204379562
2001.868	44.2665410878267
2005.753	42.5398320383015
2006.34	43.4816733380425
2006	43.7956204379562
1997.31	43.6386468879994
1995.923	43.8741072129346
1998.882	43.0892394631505
1998.17	43.560160113021
1994.101	43.8059349976448
1992.792	43.7956204379562
2005.266	42.6968055882584
2002.175	42.5398320383015
1999	43.3553251649387
2006.195	42.1473981634095
2007.847	41.4410171886037
2007.142	42.2258849383879
1993.173	43.4816733380425
1994	43.7480364436067
1994.011	43.8784416408792
1998	45.004712535344
1998.458	43.952593987913
1997.962	43.8741072129346
1997	44.062205466541
1996.814	44.1095675378699
1985	44.6905435124097
1991	43.8265786993402
1994	42.6968055882584
1998	42.7752923632368
1995	44.8159485126756
1995	45.0938801162699
1995	44.9050086355786
1993	43.9051209550738
1998	43.6386468879994
2005.975	42.9120577390759
2005.868	42.9322659131936
2013.058	42.3728813559322
2012.385	43.0892394631505
2012.033	43.1677262381289
2009.233	42.8279011179342
2006.677	43.0892394631505
2011.619	41.5195039635821
2011.836	42.7752923632368
2011.833	42.61831881328
2012.26	42.3828584883447
2011.855	42.2258849383879
2012.049	42.2258849383879
2011.948	42.1473981634095
2011.641	42.6968055882584
2011.562	42.6968055882584
2011.392	42.5398320383015
2012.481	42.7752923632368
2019	42.7752923632368
2019.729	42.3828584883447
2013.655	42.5398320383015
2012.046	42.7636827828307
2012.085	42.5398320383015
2011.816	42.61831881328
2011.855	42.7752923632368
2013.468	42.6968055882584
2011.644	42.5398320383015
2011.63	42.5398320383015
2012.085	42.4613452633231
2013.751	41.5979907385606
2012.219	42.2258849383879
2012.079	42.5398320383015
2012.066	42.3828584883447
2012.003	42.2258849383879
2011.951	42.1473981634095
2012.128	42.4613452633231
2012.29	42.4613452633231
2012.295	42.6968055882584
2011.397	42.5398320383015
2011.244	42.5398320383015
2012.098	42.6968055882584
2012.227	42.3828584883447
2011.836	42.61831881328
2014.148	42.2258849383879
2014.94	42.1473981634095
2014.175	42.3043717133663
2011.934	42.61831881328
2012.107	42.3043717133663
2013.496	42.5398320383015
2012.025	42.6968055882584
2013.016	42.1473981634095
2014.093	42.0689113884311
2014	42.2258849383879
2014.808	42.6968055882584
2014.225	42.5398320383015
2013.036	42.5398320383015
2013.496	42.3828584883447
2010.89	43.010752688172
2012.063	42.3555345614864
2011.951	43.3246997880857
2015.107	43.0640843961581
2013.058	42.7491733585262
2013.268	42.8279011179342
2007.277	43.3246997880857
2009	43.0892394631505
2006.03	43.4031865630641
2009.03	42.7752923632368
2006.789	42.8537791382152
2009	42.9322659131936
2005.888	43.0892394631505
2016.15	42.6219175923737
2004.24	43.221539914974
2003	43.2462130131073
2018.315	43.7956204379562
2003	43.3246997880857
2004.153	43.8741072129346
2000	43.7171336629778
2000	43.7956204379562
1999	44.2063492063492
1999	43.7171336629778
2003.099	43.0892394631505
2003.482	43.2462130131073
2004.287	43.7789829442741
2004.721	43.8575807592549
2006.236	43.3246997880857
2006.236	42.9322659131936
2008.369	43.4816733380425
2005.929	42.7752923632368
2007.31	42.2258849383879
2006.312	42.9322659131936
2012.366	41.9119378384742
2012.366	41.9119378384742
2012.366	41.9119378384742
2012.366	41.9119378384742
2011.981	43.0892394631505
2011.932	42.8537791382152
2011.882	42.6968055882584
2012.153	42.7752923632368
2011.014	42.3043717133663
2013.666	43.2462130131073
2013.329	42.9322659131936
2015.956	43.1677262381289
2015.956	43.010752688172
2015.94	43.1677262381289
2015.882	43.1677262381289
2016.896	43.1677262381289
2015.934	43.1677262381289
2014.937	42.7752923632368
2010.915	42.7752923632368
2010.915	42.4613452633231
2012.085	42.2258849383879
2011.748	42.61831881328
2013	42.8560195014547
2013.044	42.7752923632368
2013	42.9346543996226
2013	42.6201148069513
2011.748	42.7752923632368
2010.915	42.4613452633231
2011.096	42.5398320383015
2011.096	42.3828584883447
2011.096	42.3828584883447
2011.047	42.3043717133663
2011.096	42.3043717133663
2011.096	42.3043717133663
2011.871	42.4613452633231
2011.871	42.4613452633231
2011	43.0892394631505
2011	42.5398320383015
2011	43.010752688172
2012.852	43.3246997880857
2012.852	43.3246997880857
2011.871	42.8537791382152
2011.871	42.8537791382152
2013.038	43.010752688172
2013.038	43.010752688172
2013.038	42.3555345614864
2013.038	42.3555345614864
2013.036	42.6968055882584
2013.036	42.6968055882584
2013.038	42.3555345614864
2013.038	42.3555345614864
2013.036	42.6968055882584
2013.038	42.7752923632368
2013.038	42.6968055882584
2013.038	42.7752923632368
2012.866	42.7752923632368
2012.866	42.7752923632368
2015.438	43.1677262381289
2014.008	43.2462130131073
2011.014	42.9322659131936
2011.014	42.9322659131936
2011.666	43.4031865630641
2011.871	43.3246997880857
2011.871	43.3246997880857
2011.871	43.3246997880857
2011.871	43.3246997880857
2011	43.010752688172
2010.915	43.1677262381289
2011	42.9322659131936
2013.833	43.2462130131073
2013.038	43.4031865630641
2013.038	43.4031865630641
2012.79	43.003144654088
2012.863	43.010752688172
2012.863	43.010752688172
2012.863	42.8537791382152
2012.863	42.8537791382152
2012.186	43.1677262381289
2012.011	43.1677262381289
2011	43.1122649673511
2010.915	42.8537791382152
2011	42.9322659131936
2011	43.0892394631505
2011	42.8537791382152
2011.022	43.010752688172
2012.79	43.010752688172
2011.175	43.010752688172
2011.175	43.010752688172
2010.915	42.9322659131936
2011.833	43.1677262381289
2012.085	43.2462130131073
2011.773	43.3246997880857
2011.858	43.3246997880857
2011.277	43.2462130131073
2011.277	43.2462130131073
2012	43.1677262381289
2012.904	42.8537791382152
2012.904	42.8537791382152
2012.904	42.9322659131936
2012.904	42.9322659131936
2012.904	42.9322659131936
2012.904	42.9322659131936
2012.995	43.1677262381289
2011	42.9322659131936
2010.833	42.8537791382152
2010.833	42.8537791382152
2013.885	42.3828584883447
2010	42.5398320383015
2011	42.8537791382152
2011	42.8537791382152
2008.962	42.61831881328
2009.096	42.7752923632368
2010.915	42.61831881328
2011.852	42.7752923632368
2011.852	42.7752923632368
2009.019	42.61831881328
2009.019	42.61831881328
2009.134	42.2656925131589
2009.134	42.1473981634095
2009.134	42.2258849383879
2009.134	42.2258849383879
2009.134	42.2258849383879
2009.134	42.2258849383879
2009.96	42.1473981634095
2009.96	42.1473981634095
2007	42.7752923632368
2008	43.7956204379562
2009	43.7171336629778
2012.085	42.8537791382152
2009.845	42.7752923632368
2009.03	42.3043717133663
2009.019	42.4613452633231
2009.211	42.8358091645052
2013.038	43.3246997880857
2013.038	43.3246997880857
2013.036	42.7652228499686
2013.036	42.7652228499686
2013.038	42.9322659131936
2013.038	42.9322659131936
2013.038	43.4714375392342
2013.036	43.4714375392342
2013.036	43.3246997880857
2013.036	43.3246997880857
2013.036	43.2462130131073
2013.036	43.2462130131073
2009.481	42.6584963469243
2006.915	42.9322659131936
2007.962	42.5398320383015
2009.959	42.3828584883447
2009.079	42.61831881328
2009.079	42.9322659131936
2009.627	42.6968055882584
2009.627	42.61831881328
2008.025	42.7752923632368
2007.233	42.6968055882584
2008.809	41.1270700886901
2006.734	42.8537791382152
2007.099	42.8537791382152
2006.951	42.8537791382152
2004.954	42.3642222746208
2005.181	42.5398320383015
2005.074	42.6968055882584
2005.036	42.9322659131936
2005.216	42.61831881328
2004.24	42.6786135345437
2003.351	43.3246997880857
2002.907	43.0208823991207
2001	43.3278288904616
2004	43.4816733380425
2008.306	42.8537791382152
2017	41.921808761187
2016	41.4507772020725
2020.609	41.6077877217774
2001	43.2462130131073
2013.153	43.6386468879994
2012	42.2979797979798
2005.507	43.2462130131073
2005.507	43.3246997880857
2007.23	43.2462130131073
2008.73	42.2258849383879
2010.855	43.1677262381289
2008.306	43.2462130131073
2009.742	43.4816733380425
2008.254	43.560160113021
2008.407	43.3246997880857
2009.145	43.4031865630641
2009.074	43.010752688172
2008.287	43.560160113021
2016.353	42.4128180961357
2011.817	43.1677262381289
2009	43.4816733380425
2010.414	43.6486168795549
2010.299	43.4918893503644
2009.668	43.4031865630641
2011.277	43.3246997880857
2010.863	43.3246997880857
2009.608	43.4031865630641
2010.767	43.4031865630641
2010.014	43.6122303863475
2010.592	43.4031865630641
2010.592	43.3246997880857
2017.967	43.010752688172
2009.592	43.1677262381289
2005.679	43.4031865630641
2003	43.4816733380425
2013.162	41.8852328723573
2012.579	41.3625304136253
2006.255	42.7752923632368
2006.219	42.7752923632368
2007.907	42.7652228499686
2007.904	43.4714375392342
2014	42.3828584883447
2015	42.61831881328
2011.773	43.0892394631505
2011.044	42.61831881328
2015.011	42.6968055882584
2009.249	42.61831881328
2014	43.4031865630641
2012.415	42.3828584883447
2014	42.7752923632368
2011.893	42.5398320383015
2012.923	42.8537791382152
2012.424	42.3828584883447
2011.236	42.7752923632368
2013.23	43.010752688172
2011.973	43.560160113021
2011.879	43.4031865630641
2011.833	43.3246997880857
2011.814	43.4031865630641
2012.369	42.7752923632368
2009.09	43.0892394631505
2011.088	42.3828584883447
2012.082	42.9322659131936
2010.86	43.010752688172
2012.087	43.010752688172
2015	42.5398320383015
2008.074	43.1677262381289
2009.203	42.8537791382152
2005.471	43.6386468879994
2006.137	43.7171336629778
2004	44.6484620213434
2004	43.0640843961581
2005	43.6386468879994
2006	43.4816733380425
2014.816	42.3555345614864
2010.803	42.9066288773422
2010.781	42.5129900803023
2008.415	42.5987624940505
2010.085	43.0262316058861
2012	42.2258849383879
2011.466	43.0640843961581
2017.378	41.8839892524103
2019.748	41.0171626515509
2016.298	41.9536135518088
2017.337	42.8323059902007
2018.964	42.9903587798325
2007	42.2768068020784
2007.252	42.6968055882584
2015.058	43.010752688172
2014.521	42.3828584883447
2013.942	41.4895292079987
2005.912	43.7171336629778
2005.6	43.4816733380425
2004.26	43.4816733380425
2005.792	43.2462130131073
2006.693	43.010752688172
2009.153	42.61831881328
2006.805	41.9119378384742
2006.808	41.9119378384742
2006.792	42.61831881328
2007.211	43.0640843961581
2006.838	42.3555345614864
2006.847	42.3555345614864
2005.855	42.6704455991183
2012.06	41.5979907385606
2007.285	42.1980790426704
2007.2	42.3555345614864
2011.619	41.7257124862226
2008.115	42.4342623208943
2008.074	42.3555345614864
2008.082	42.2768068020784
2009.942	42.0406235238545
2009.707	41.9618957644465
2012.008	41.1746181703669
2012.046	41.1746181703669
2010.603	41.6469847268147
2011.162	42.1193512832625
2011.688	41.7257124862226
2011.008	42.1193512832625
2011.008	42.4342623208943
2010.858	41.1746181703669
2009.058	41.7257124862226
2010.288	42.0406235238545
2010.285	42.1193512832625
2012.117	41.0171626515509
2010.729	41.7257124862226
2013.123	42.1980790426704
2009.468	41.4895292079987
2010	41.4878397711016
2010.666	41.8831680050386
2012.385	42.0406235238545
2013.389	41.9618957644465
2010.364	40.770823379519
2010.364	40.859707132735
2005.926	42.5917178397103
2008.519	42.6968055882584
2007.625	42.3555345614864
2005.471	42.1193512832625
2009.071	43.1428121555661
2008.705	43.1428121555661
2009.605	43.221539914974
2008.667	42.7491733585262
2008.669	42.6704455991183
2007.37	42.8279011179342
2007.844	42.9853566367501
2008.672	42.1193512832625
2008.314	42.3555345614864
2007.6	42.9066288773422
2007.775	42.9853566367501
2007.77	42.9066288773422
2007.559	42.9066288773422
2007.89	43.0640843961581
2005.784	42.6704455991183
2006.901	42.5917178397103
2006.271	42.4342623208943
2016.779	40.938434892143
2017.142	42.0406235238545
2005.74	42.5917178397103
2006.718	42.7491733585262
2006.704	42.7491733585262
2006.699	42.7491733585262
2006.693	42.8279011179342
2007.54	43.7956204379562
2009.211	41.6469847268147
2010.493	42.5917178397103
2011.91	42.3555345614864
2011.132	42.5129900803023
2010.841	42.6704455991183
2010.841	42.6704455991183
2010.614	41.8334510634958
2011.8	42.3043717133663
2011.545	42.3043717133663
2011.255	42.3043717133663
2011.247	42.3043717133663
2016.779	41.9119378384742
2017.219	42.1473981634095
2016.377	41.7549642885174
2016.377	41.7549642885174
2016.071	41.8334510634958
2013.811	42.6968055882584
2018.063	42.8537791382152
2017.414	42.3828584883447
2017.603	42.4613452633231
2018.027	41.8334510634958
2017.888	42.5398320383015
2017.252	42.7752923632368
2016.475	41.7549642885174
2016.227	42.2258849383879
2017.386	41.8334510634958
2017.197	41.676477513539
2018.874	42.5398320383015
2018.671	41.8334510634958
2018.077	42.0689113884311
2018.786	42.3043717133663
2018.948	42.5398320383015
2018.863	42.2258849383879
2018.784	41.7549642885174
2017.953	41.9119378384742
2018.819	41.676477513539
2018.91	41.676477513539
2018.825	42.0986490732014
2017.693	41.9904246134526
2010.027	42.4342623208943
2012.12	42.0689113884311
2009.132	42.5129900803023
2011.658	42.4613452633231
2011.455	41.8831680050386
2012.12	41.8831680050386
2012.194	41.9618957644465
2012.063	41.5682569674067
2011.504	41.6469847268147
2011.392	41.8831680050386
2012.033	42.0406235238545
2011.238	41.9618957644465
2011.912	41.8044402456306
2012.178	41.4895292079987
2010.89	41.8044402456306
2012.093	43.010752688172
2012.798	43.0892394631505
2013.595	43.1677262381289
2014.904	43.1677262381289
2014.956	42.61831881328
2012.312	43.0892394631505
2011.951	42.0406235238545
2012.216	41.5979907385606
2010	41.9618957644465
2010.699	41.8044402456306
2011.879	41.4108014485908
2010.641	41.7257124862226
2012.24	41.5682569674067
2012	41.696224481753
2012	42.1980790426704
2007.356	42.0406235238545
2006.186	42.1193512832625
2006.178	42.5917178397103
2006.082	42.5129900803023
2006.929	42.4342623208943
2006.923	42.3555345614864
2010.148	42.1193512832625
2009.838	41.8831680050386
2006.953	42.4342623208943
2006.66	42.5917178397103
2006.03	42.9853566367501
2012.754	42.2768068020784
2009.233	42.8279011179342
2006.693	42.8279011179342
2008.246	42.6968055882584
2009.268	42.8537791382152
2009.266	42.8537791382152
2009.263	42.8537791382152
2009.26	42.8537791382152
2009.189	42.8537791382152
2009.759	42.3828584883447
2008.746	43.0892394631505
2011.945	41.7549642885174
2011.797	41.7549642885174
2010.685	42.2258849383879
2011.973	41.7549642885174
2011.238	41.7549642885174
2011.066	42.1473981634095
2009.397	42.0689113884311
2010.479	42.3043717133663
2011.663	41.9904246134526
2011.005	42.2258849383879
2011.184	41.8334510634958
2014.942	41.2055568636685
2010.556	42.3043717133663
2010.556	42.5398320383015
2011.247	41.9119378384742
2011.682	41.5195039635821
2009	42.4613452633231
2010.71	41.6469847268147
2010.71	41.5682569674067
2008.328	42.7752923632368
2011.616	41.4410171886037
2008.194	42.9853566367501
2010.685	42.8279011179342
2009.214	42.9066288773422
2011.392	43.560160113021
2011.085	43.4031865630641
2012.771	43.010752688172
2011.449	43.010752688172
2012.292	42.2258849383879
2013.233	42.0689113884311
2012.025	42.2258849383879
2010.893	43.0892394631505
2011.263	42.6968055882584
2017.66	41.9904246134526
2016.74	42.3043717133663
2011.493	43.6129647283127
2014.512	42.9322659131936
2013.964	43.010752688172
2011.496	43.010752688172
2013.71	41.9904246134526
2011.027	42.4613452633231
2013.06	42.3143350604491
2012.601	42.3828584883447
2015.762	43.2462130131073
2016.432	42.9322659131936
2017.866	40.9700965387332
2017.584	42.1473981634095
2016.667	41.8334510634958
2018.005	41.676477513539
2018.488	42.3043717133663
2018.003	42.2258849383879
2018.614	42.6968055882584
2017.885	42.61831881328
2018.266	42.1980790426704
2016.91	42.5398320383015
2011.677	42.7752923632368
2014.189	43.2462130131073
2018.46	42.8537791382152
2017.063	42.61831881328
2016.15	42.8537791382152
2017.392	42.7752923632368
2012.773	42.7752923632368
2017.367	41.676477513539
2010.953	42.9322659131936
2012.702	42.3828584883447
2018.521	42.3043717133663
2019	42.61831881328
2017.312	43.0892394631505
2017.052	42.9322659131936
2017.964	43.010752688172
2017.704	43.010752688172
2018.118	42.8537791382152
2018	43.010752688172
2015.652	43.010752688172
2015.041	42.9322659131936
2015.825	42.8537791382152
2016.915	43.3246997880857
2015.397	43.4816733380425
2015.186	42.8537791382152
2016	43.2462130131073
2011.647	42.0689113884311
2012.052	42.7169218688653
2007	42.8537791382152
2011.096	42.3468180742844
2013.285	42.9322659131936
2010.874	42.8537791382152
2011.34	41.4410171886037
2014.896	42.5398320383015
2015.323	42.1473981634095
2018.044	42.2258849383879
2017.156	42.3043717133663
2018.37	41.9119378384742
2018.332	41.9119378384742
2016.09	42.4613452633231
2016.74	42.1473981634095
2012.279	42.3728813559322
2011.912	42.2768068020784
2011.162	42.9322659131936
2010.756	42.8537791382152
2012.795	41.1270700886901
2010.033	42.61831881328
2014	42.3043717133663
2012.314	42.1193512832625
2006	43.2971868615433
2005.66	43.7956204379562
2005	43.4031865630641
2008.672	42.9322659131936
2008.653	43.010752688172
2011.696	42.3043717133663
2008.038	43.6386468879994
2017.543	40.7022516139191
2017.858	42.3581476213055
2010.978	41.5682569674067
2012	41.9904246134526
2013	42.8537791382152
2014	42.7752923632368
2015	42.1980790426704
2014	41.9904246134526
2011.918	38.850953614316
2013.082	41.676477513539
2014	41.5195039635821
2014	42.0689113884311
2016	42.0689113884311
2017.351	41.676477513539
2014	41.9904246134526
2013	41.9119378384742
2013	42.0689113884311
2013	42.0689113884311
2015	42.8537791382152
2012.582	42.7752923632368
2010.923	42.7752923632368
2013	42.3043717133663
2013	42.6968055882584
2013	42.3828584883447
2014	43.1677262381289
2013	42.61831881328
2014	41.2840436386469
2011.085	43.233380929716
2015.805	42.1401515151515
2007.636	42.9322659131936
2005.951	42.61831881328
2005.529	42.7752923632368
2005.526	42.7752923632368
2003	43.7956204379562
2003	44.0088175090537
2016	41.0485833137116
2015	41.3625304136253
1992	44.1880543128483
1995	43.3451118963486
1983	44.365920691009
1985	44.3972968725444
1981.129	44.1880543128483
1992	44.6225155157514
1984	44.4706808343172
1981.112	44.4235146377835
1979.932	44.5020014127619
1979.932	44.6589749627188
