1976	42.6502990242367
1977	42.2568460812087
1979	42.4242424242424
2005	42.3003802281369
2005	42.3355366698143
1975	42.4142272584199
1975	42.5716084356311
1971	42.6502990242367
1970	42.0994649039975
1967	41.4699401951527
1966	42.2568460812087
1961	42.6968055882584
1957	42.3828584883447
1977.312	42.5716084356311
1977.293	42.0994649039975
1977.293	42.0994649039975
1977.312	42.4142272584199
1977.312	42.5716084356311
1977.312	42.4142272584199
1977.277	42.0994649039975
1977.277	42.1781554926031
1977.277	42.0994649039975
1977.277	42.0994649039975
1977.277	42.0994649039975
1977.277	42.0994649039975
1977.277	42.0994649039975
1977.277	42.0994649039975
1977.293	42.0313855374182
1977.293	41.9420837267863
1977.293	41.9133317546768
1977.293	42.0313855374182
1977.293	42.0207743153919
1977.312	42.3355366698143
1977.312	42.0994649039975
1977.312	42.4929178470255
1977.312	42.2000948316738
1977.293	42.1891018058513
1977.293	42.3468180742844
1977.293	42.2779618236315
1977.293	42.2679599400678
1977.293	42.3355366698143
1977.293	42.3355366698143
1977.293	42.2568460812087
1977.293	42.2568460812087
1978.052	42.8345209817894
1978.052	42.8243489274123
1978.014	42.8076802014479
1978.014	42.4142272584199
1978	42.5716084356311
1977.323	42.8076802014479
1977.323	42.8863707900535
1977.323	42.9650613786591
1977.323	42.8076802014479
1977.323	42.8076802014479
1977.293	42.5029515938607
1977.312	42.4929178470255
1977	42.583392476934
1976	42.6502990242367
1976	42.7289896128423
1978	42.7289896128423
1977	42.4613452633231
1976	42.8863707900535
1977	42.2768068020784
1977	42.3555345614864
1977	42.0207743153919
1977	42.0207743153919
1977	42.0994649039975
1977	42.0207743153919
1978	41.3912496065471
1978	41.3912496065471
1978	41.3912496065471
1976	42.6502990242367
1976	42.6502990242367
1976	42.7289896128423
1976	42.8076802014479
1977	42.2568460812087
1977	42.4142272584199
1977	42.4142272584199
1978	42.2568460812087
1977	42.5716084356311
1977	42.5716084356311
1977	42.6502990242367
1977	42.7289896128423
1977	42.7289896128423
1977	42.7289896128423
1977	42.8076802014479
1977	42.7289896128423
1977	42.7289896128423
1977	42.7289896128423
1976	42.8863707900535
1975	42.8863707900535
1977	42.1781554926031
1976	42.3355366698143
1981	41.9420837267863
1980	41.9420837267863
1978	42.4142272584199
1976	42.8863707900535
1976	42.5716084356311
1977	41.9420837267863
1976	42.1781554926031
1977	42.4613452633231
1977.277	42.4929178470255
1979.989	42.5498508400063
1979.989	42.8537791382152
1979.989	42.61831881328
1979.989	42.6968055882584
1979.989	42.6968055882584
1979.907	42.9752066115703
1979.989	42.7752923632368
1979.989	42.9292929292929
1979.989	42.7752923632368
1979.989	42.8537791382152
1979.989	42.7752923632368
1979.989	42.8537791382152
1978	42.5716084356311
1978	42.3355366698143
1978	41.9420837267863
1978	42.2568460812087
1980	42.2568460812087
1980	41.9519874065329
1980	42.0207743153919
1980	42.0207743153919
1980	42.0207743153919
1979	41.7847025495751
1987	41.7060119609695
2003	41.0764872521247
1985	41.9420837267863
1985	41.9420837267863
1985	41.9420837267863
1987	41.7060119609695
1988	42.0994649039975
1988	41.9420837267863
1988	41.9420837267863
1987	42.2568460812087
1987	42.4929178470255
1986	41.8633931381807
1980	42.0207743153919
1981	41.8633931381807
1981	41.8633931381807
1981	41.7847025495751
1981	41.7847025495751
1981	41.7158598976781
1981	41.8633931381807
1977	42.3355366698143
1977	42.3355366698143
1977	42.3355366698143
1977	42.2568460812087
1934	43.8741072129346
1931	44.7374617376972
1931	44.7374617376972
1942	44.894435287654
1931	45.0514088376109
1931	44.9729220626324
