2012.199	0.935156395465617
2013.044	0.935156395465617
2012.199	0.936589204946879
2013.044	0.938637644562134
2013.003	0.938259008965296
2012.219	0.93802774355852
2012.219	0.937954082410546
2013.025	0.937954082410546
2013.118	0.936665929598733
2013.044	0.93802774355852
2013.044	0.93802774355852
2013.044	0.936665929598733
2012.199	0.939610600146606
2011.937	0.938484354168342
2011.89	0.937271269571779
2011.89	0.937954082410546
2013.025	0.93764935398871
2013.044	0.937880678719745
2013.044	0.937124932806192
2013.044	0.937575875119251
2013.003	0.937954082410546
2012.219	0.938106159120463
2013.044	0.93772727941161
2012.519	0.936516014721197
2012.24	0.936820374816979
2013.044	0.9371979727109
2013.044	0.9371979727109
2013.044	0.935983902205426
2013.003	0.93621185232603
2013.025	0.93621185232603
2013.044	0.937502653456255
2012.219	0.93621185232603
2013.044	0.935530961185411
2013.063	0.934548953831667
2013.044	0.934172574873217
2012.519	0.93477977186696
2012.24	0.934548953831667
2011.89	0.934172574873217
2012.577	0.936893489938739
2012.519	0.936589204946879
2012.577	0.936285117542675
2012.664	0.936285117542675
2013.118	0.936662651864265
2013.104	0.936589204946879
2013.118	0.935981227533736
2012.664	0.937271269571779
2012.24	0.933117667041208
2012.219	0.933189137226628
2013.044	0.93342072571839
2013.025	0.933493318275927
2013.025	0.934172574873217
2013.044	0.934172574873217
2013.044	0.932886055337305
2013.044	0.933869272089167
2013.082	0.934172574873217
2012.519	0.931598498703822
2013.044	0.932886055337305
2013.063	0.931598498703822
2012.219	0.938185680566483
2012.664	0.937948146170637
2013.118	0.937192650281655
2012.664	0.937953380972872
2012.664	0.937874750820392
2012.156	0.932886055337305
2016.642	0.931866207172744
2016.011	0.929690054543247
2016.046	0.935146683904358
2017.414	0.913004340274109
2017.545	0.91707000445258
2017.545	0.91707000445258
2017.414	0.91460921653144
2017.792	0.915617777629982
2017.581	0.912857981541474
2017.581	0.914238328771289
2017.529	0.915989225004274
2017.529	0.916062873366061
2017.414	0.915691245425548
2017.414	0.917666860947505
2017.414	0.917666860947505
2017.414	0.916733024618569
2017.414	0.916733024618569
2017.414	0.917368335618635
2017.414	0.917221384779084
2017.414	0.916922907270207
2017.414	0.916136775496866
2017.414	0.916136775496866
2017.414	0.915989225004274
2017.414	0.915691245425548
2017.414	0.915393459654678
2017.414	0.916287398580122
2017.414	0.915989225004274
2017.414	0.915617777629982
2017.414	0.916287398580122
2017.414	0.915393459654678
2017.414	0.915393459654678
2017.414	0.915393459654678
2017.414	0.915393459654678
2017.414	0.915393459654678
2017.414	0.915393459654678
2017.414	0.915691245425548
2017.414	0.915989225004274
2017.414	0.915393459654678
2017.414	0.915393459654678
2017.414	0.914756351054817
2017.496	0.914756351054817
2017.496	0.914458869314637
2017.496	0.915022253872174
2017.833	0.913127468104496
2017.581	0.91379057386047
2017.414	0.914501263300238
2017.414	0.915095867502644
2017.496	0.914724782398223
2017.496	0.914724782398223
2018.082	0.91694951808485
2017.926	0.919725949935639
2017.868	0.921629378461217
2016.148	0.936131369639646
2017.197	0.939781947261663
2017.773	0.934745302639275
2019.334	0.931722042823945
2020.32	0.933092270414706
2018.581	0.939326369584699
2018.581	0.937949008246328
2020.686	0.943079024813753
2020.344	0.944993146362442
2020.328	0.943383988730024
2019.726	0.94391779347439
2019.792	0.948757119055917
2020.32	0.948981747902276
2019.786	0.930223729459698
2017.77	0.940311760063141
2017.175	0.935895675901995
2017.986	0.940522512506948
2018.595	0.944578694331984
2017.688	0.939017870373114
2017.66	0.939703942408173
2016.314	0.937644657697046
2016.59	0.942200915500206
2016.607	0.938329491670792
2016.803	0.942344801952617
2016.915	0.94387148449932
2017.775	0.936430451043228
2016.262	0.935898486113518
2016.331	0.937720629493976
2016.331	0.937340523847647
2018.26	0.938027901679795
2019.463	0.927825464912221
2019.718	0.933426602205784
2021.189	0.931855742177779
2020.921	0.930618097757681
2020.251	0.926580412514117
2020.836	0.927430986921749
2020.59	0.930845483948337
2020.459	0.926430874689905
2020.631	0.935891669306303
2021.123	0.922566255617678
2020.806	0.932983859360978
2019.43	0.929165257443015
2019.43	0.93016464164342
2019.43	0.932209422419957
2019.43	0.932209422419957
2019.43	0.931906363439976
2019.43	0.932816132099371
2019.43	0.932816132099371
2019.43	0.932209422419957
2019.43	0.931906363439976
2019.518	0.932299269421712
2019.43	0.930998367632793
2020.29	0.9335126342275
2019.655	0.932329819759903
2017.216	0.93954889136418
2017.2	0.939167426122051
2016.549	0.934695495801651
2017.838	0.928613334847367
2016.117	0.930758466714883
2017.156	0.931465825095828
2016.631	0.933847798800614
2016.639	0.928841369758279
2016.432	0.93248015653848
2016.76	0.934296651991143
2016.721	0.933758705562616
2015.932	0.932035089938238
