2006.622	0.897215313865111
2006.214	0.899326839489111
2006.041	0.896176196638614
2006.041	0.898119473138576
2008.88	0.898849726124283
2006.622	0.895636581238909
2006.622	0.898738082558025
2006.622	0.898738082558025
2006.962	0.899275852799471
2006.962	0.899275852799471
2008.822	0.904474567152134
2009	0.899302968266815
2009	0.897965559914982
2010	0.89680881636325
2008	0.901589681587792
2008.997	0.896446050083605
2006.041	0.899233705383912
2011	0.896093884918137
2016.142	0.908170308265583
2012	0.904767252771292
2011	0.89931922546018
2010	0.900529848168953
2007.682	0.902569370490007
2008.311	0.899356589207253
2007.551	0.898328074791899
2006.066	0.89844449975112
2006.427	0.894374318376272
2008.044	0.896867600500173
2008.044	0.897171932906179
2006.129	0.898130337547364
2006.129	0.898496473029447
2005.745	0.899676884906734
2007.079	0.901365577673953
2007.079	0.899968837212523
2007.123	0.9033898290974
2006.466	0.899012370596334
2006.548	0.895581447562484
2006.367	0.900936381985399
2006.367	0.900936381985399
2006.466	0.899074553706037
2006.466	0.899838874459736
2006.8	0.908980903631565
