2018.542	0.906105493862047
2018.542	0.904856733072752
2017.507	0.917459921035237
2017.507	0.917575364540345
2017.507	0.917204776751759
2017.507	0.917131872061762
2017.507	0.917131872061762
2017.507	0.916761762347451
2017.507	0.916761762347451
2017.507	0.916761762347451
2017.507	0.916761762347451
2017.507	0.917131872061762
2017.507	0.916761762347451
2017.507	0.916761762347451
2017.507	0.916577491870694
2017.507	0.916577491870694
2017.507	0.916280287755301
2017.507	0.916280287755301
2017.507	0.916577491870694
2017.507	0.916577491870694
2017.507	0.916577491870694
2017.507	0.916577491870694
2017.507	0.9149841635972
2017.507	0.916280287755301
2017.507	0.916280287755301
2017.507	0.916577491870694
2017.507	0.916280287755301
2017.507	0.916280287755301
2018.096	0.914027079978593
2018.096	0.913658371999577
2018.096	0.908594208211144
2018.096	0.912066156217544
2018.096	0.910921241514136
2018.096	0.910625487864294
2018.096	0.910921241514136
2018.096	0.910625487864294
2018.096	0.909962857681314
2018.096	0.910849761051374
2018.096	0.911698239252551
2018.096	0.91199414909976
2018.096	0.910625487864294
2018.096	0.910625487864294
2018.096	0.911850885174877
2018.096	0.910258300167574
2018.096	0.91199414909976
2018.096	0.91199414909976
2018.096	0.910258300167574
2018.096	0.910625487864294
2018.096	0.912362185479542
2018.096	0.910625487864294
2018.096	0.91199414909976
2018.096	0.910258300167574
2018.096	0.912362185479542
2018.096	0.909551342387163
2018.096	0.911698239252551
2018.096	0.912730519022328
2018.096	0.91199414909976
2018.096	0.910992971919122
2018.096	0.910625487864294
2018.096	0.912290251096221
2018.096	0.912362185479542
2018.096	0.91199414909976
2018.096	0.909551342387163
2018.096	0.91018692370558
2018.096	0.91162640952351
2018.096	0.911698239252551
2018.096	0.912434370249121
2018.096	0.912066156217544
2018.096	0.910329926199943
2018.096	0.910992971919122
2018.096	0.909694645282049
2018.096	0.910992971919122
2018.096	0.910992971919122
2018.096	0.910697290980492
2018.096	0.911064952381776
2018.096	0.910992971919122
2018.096	0.912362185479542
2007	0.946182085282168
2015.03	0.935265236835071
2006.329	0.931119475999224
2007.754	0.937481782163253
2010.915	0.955275471356348
2012.735	0.954675790159661
2012.814	0.952583428788035
2012.776	0.956079122833778
2012.749	0.952740254165687
2012.831	0.95627009296481
2012.831	0.951879765895259
2012.008	0.950471624741011
2012.008	0.952005472744293
2012.008	0.952428521414401
2012.831	0.950850751835044
2011.937	0.950401773128931
2012.831	0.953456187518757
2012.008	0.952107073103514
2012.008	0.949343418426305
2012.008	0.951879765895259
2012.831	0.951809458352058
2014.866	0.953168447354883
2016.915	0.948030842748149
2017.126	0.951543936064207
2010.973	0.935304958663015
2013.079	0.924158757706197
2013.156	0.923858998135096
2013.274	0.924228246335789
2016.071	0.912267567161187
2014.46	0.924412188324199
2018.329	0.924179084834537
2017.479	0.917607538837466
2017.329	0.918590785907859
2016.956	0.928135153238916
2017.052	0.934564984022271
2016.071	0.920999916948684
2015.959	0.923083250885069
2016.109	0.925483863307132
2016.339	0.928620802704913
2016.915	0.923834112901521
2017.321	0.918015240233882
2012.814	0.927245737219954
2012.929	0.925729591765184
2015.345	0.927606568827074
2013.074	0.926694140070607
2012.964	0.923641445705071
2013.079	0.928353756026848
2012.929	0.925059204693244
2012.85	0.92603730135679
2013.079	0.926137033668077
2013.693	0.924098117824614
2013.195	0.925229558599999
2015.348	0.923081393096502
2015.34	0.92467416894924
2013.885	0.928934923272006
2013.655	0.928728144473703
2013.351	0.929427040892475
2013.619	0.92596826483441
2013.463	0.925461791684873
2013.23	0.931213596199414
2013.236	0.928522190481138
2013.351	0.930838648360301
2013.23	0.928289728798887
2013.23	0.928660303540922
2013.463	0.930215704088254
2013.962	0.930446228068323
2016.221	0.940397559164332
2015.282	0.92932888697146
2014.94	0.928957600959885
2015.345	0.927530832476876
2015.033	0.928210223008185
2017.299	0.926138107617139
2016.399	0.927832076657609
2016.609	0.926780187809453
2016.383	0.927500873558628
2016.552	0.925000272251081
2016.609	0.92027074256157
2016.762	0.920441563737331
2018.022	0.929362577439717
2017.167	0.929902239092186
2014.633	0.925751520819967
2014.595	0.937890000093553
2013.351	0.925598764329688
2013.236	0.926782344486253
2012.964	0.928127447445954
2013.079	0.926639015002896
2012.964	0.928055683828756
2013.195	0.930144526956757
2013.543	0.930145565921635
2013.543	0.926716312639035
2013.501	0.925073198609534
2013.463	0.926947747099001
2013.195	0.928151966322254
2013.351	0.923078954898638
2013.463	0.928150073114512
2013.389	0.924680281782376
2013.619	0.92693418459767
2011.334	0.92422117185756
2015.227	0.922376980671714
2015.227	0.918856694396321
2012.792	0.923768534484773
2012.792	0.923400792233784
2016.803	0.913354730705386
2017.318	0.913686472749805
2016.664	0.911724928151474
2016.342	0.913584605671418
2012.317	0.942025061881188
2010.932	0.942532003341318
2011.937	0.940066422021902
2012.831	0.941707026597856
2011.937	0.941333333333333
2016.033	0.962325493733256
2013.773	0.941279587430965
2014.052	0.941212292657837
2012.511	0.945603880655427
2012.317	0.941727457668913
2012.451	0.943905939718055
2012.085	0.94012198388627
2012.929	0.939469306930693
2012.776	0.938596802212217
2012.107	0.94584327114523
2012.087	0.942473085109665
2012.415	0.947961117517087
2012.926	0.943904307256648
2016.798	0.919000220783044
2017.564	0.933490058264375
2012.309	0.953586740266303
2013.151	0.951101540858726
2012.664	0.950482736993496
2012.664	0.952051761565616
2012.664	0.949797777091695
2012.664	0.952051761565616
2012.664	0.950859016778529
2012.664	0.950792038242111
2012.664	0.950482736993496
2012.664	0.950415933796603
2012.664	0.950106754898166
2012.907	0.951168440474194
2012.664	0.950859016778529
2012.664	0.951101540858726
2012.664	0.952118679742194
2012.664	0.950859016778529
2012.664	0.950415933796603
2012.664	0.950482736993496
2012.568	0.951101540858726
2012.664	0.950549794334048
2012.664	0.950792038242111
2012.664	0.95178789240547
2013.151	0.950792038242111
2013.137	0.950792038242111
2013.151	0.951101540858726
2013.137	0.951964851550509
2013.137	0.950792038242111
2013.151	0.952118679742194
2013.151	0.949464533043134
2013.137	0.951654664241435
2013.137	0.950792038242111
2013.137	0.952275241133669
2013.151	0.94847145927872
2013.137	0.952428513350961
2013.137	0.950859016778529
2013.137	0.950792038242111
2013.137	0.952652081355724
2013.137	0.950792038242111
2013.137	0.950792038242111
2013.137	0.952118679742194
2013.137	0.950792038242111
2012.664	0.950482736993496
2013.137	0.951168440474194
2012.664	0.950240772944472
2012.664	0.950926249698141
2013.151	0.951168440474194
2013.137	0.951478065617577
2012.369	0.936320674373736
2013.121	0.932527043966758
2013.729	0.941502283143141
2012.292	0.934101905003182
2012.183	0.940191901001605
2012.183	0.942021661431709
2010.992	0.926310160923661
2008.41	0.943528248721105
2009.137	0.941425705139965
2012.221	0.925612815402944
2009.386	0.955312706376048
2015.156	0.945171793244776
2010.159	0.958668154761905
2012.801	0.914643652202799
2012.907	0.914345333986164
2012.929	0.914879831236344
2011.8	0.924140303327973
2012.249	0.923774391611098
2017.299	0.932465574734504
2016.893	0.919887652043738
2017.041	0.9194522922424
2013.545	0.92109936497491
2017.301	0.920110018133094
2017.375	0.94722521301337
2014.167	0.929038077079233
2011.915	0.92819800812882
2014.693	0.912352633225538
2016.798	0.920284266457221
2017.932	0.909400789143694
2017.326	0.922256654916953
2016.686	0.927293852112134
2005	0.934922504979702
2005.417	0.932173594448929
2005	0.935313442526342
2005.526	0.937356319484
2009.252	0.933967895458579
2006.145	0.935199017754398
2009.405	0.934895480260806
2006.984	0.930236858803582
2007.789	0.933033419881058
2007	0.932187466096041
2005.773	0.93355907690012
2005.764	0.93325734481321
2012.806	0.928646485776173
2005.052	0.938067348594586
2006.491	0.942481268996609
2009.496	0.944045842201754
2005.381	0.933145097798832
2005.304	0.936719004441214
2005.066	0.935439678404783
2005.066	0.935742703891795
2008.459	0.933294372150574
2008.459	0.933227166565616
2013.926	0.950807112097435
2015.082	0.948099287734177
2015.082	0.948099287734177
2015.082	0.948099287734177
2015.082	0.948099287734177
2015.082	0.948099287734177
2015.082	0.947722908501254
2015.082	0.94871734463622
2015.082	0.948099287734177
2015.082	0.948099287734177
2015.082	0.948099287734177
2015.082	0.948099287734177
2015.082	0.948099287734177
2015.082	0.948099287734177
2015.082	0.948099287734177
2015.082	0.948099287734177
2015.082	0.948475966036813
2015.082	0.948099287734177
2015.082	0.948099287734177
2015.082	0.948099287734177
2015.082	0.948099287734177
2015.082	0.947790561167022
2015.082	0.948099287734177
2015.082	0.948099287734177
2015.082	0.948099287734177
2015.082	0.948099287734177
2015.082	0.947722908501254
2015.082	0.948408215491666
2015.082	0.948099287734177
2015.082	0.948099287734177
2015.082	0.949742440745848
2015.082	0.949713377603723
2015.082	0.951117023150922
2015.082	0.95073914590692
2015.082	0.951117023150922
2015.082	0.95042935798059
2015.082	0.951049135846897
2015.082	0.951117023150922
2015.082	0.951117023150922
2015.082	0.949403722117058
2015.515	0.943399987815801
2015.932	0.945006824385805
2015.932	0.945006824385805
2015.932	0.944698703477952
2015.932	0.943665381698029
2015.932	0.945315146351347
2015.932	0.945006824385805
2015.932	0.945383171189623
2015.932	0.945691615943681
2015.932	0.945691615943681
2015.932	0.945383171189623
2015.932	0.944630777101927
2015.932	0.946000262032436
2015.934	0.945691615943681
2015.932	0.947309972497641
2015.934	0.947618844350428
2015.934	0.948442215492658
2015.934	0.948064500552199
2015.934	0.948579998942039
2015.934	0.948957468101984
2015.934	0.948133175995919
2015.932	0.946792750770062
2015.932	0.946792750770062
2015.932	0.95067352173886
2015.932	0.946724272996663
2015.932	0.947170109379376
2015.932	0.948373618420002
2015.932	0.948442215492658
2015.932	0.948373618420002
2015.932	0.948579998942039
2015.932	0.950332821300563
2015.934	0.9493352377947
2014.534	0.948376747740163
2014.534	0.94800010884114
2014.534	0.947758308387219
2014.534	0.947758308387219
2014.534	0.947758308387219
2014.534	0.947758308387219
2014.534	0.947758308387219
2014.534	0.947758308387219
2014.534	0.94707312046874
2014.534	0.948067427209263
2014.534	0.947449391076793
2014.534	0.948135000878629
2014.534	0.946730260330892
2014.534	0.947825960787077
2014.534	0.947106544218146
2014.534	0.947690911153977
2014.534	0.947449391076793
2014.534	0.94648893316877
2014.534	0.947449391076793
2014.534	0.947381915095564
2014.534	0.949508462236273
2014.534	0.949130924080314
2014.534	0.948753686034177
2013.926	0.950914909895994
2013.926	0.947105901399365
2013.926	0.946287324749628
2013.926	0.944303832164447
2012	0.934647181157958
2012	0.934272422865593
2017.986	0.918749687364525
2017.052	0.920920963116746
2012.309	0.914697459870285
2013.121	0.922168333351475
2013.195	0.920266533420647
2013.389	0.920632735781737
2013.619	0.920767337166759
2013.926	0.922304818549155
2013.811	0.920087141680353
2013.773	0.920386357010981
2013.693	0.918228150567881
2013.885	0.91900539397254
2013.849	0.919752989713947
2014.422	0.912874316600398
2014.173	0.915203982734313
2013.619	0.932334930444356
2015.055	0.924360451249156
