2009.967	43.2900432900433
2010.337	43.8410074773711
2010.359	43.6048799685163
2013.83	42.9752066115703
2013.822	42.9752066115703
2013.773	42.7390791027155
2014.247	42.581660763479
2016.59	43.2011331444759
2015.841	43.2011331444759
2014.773	43.0539157811885
2017.011	42.8177882723337
2017.214	43.211334120425
2015.318	43.1326249508068
2016.516	43.9984258166076
2017.743	43.6048799685163
2012.915	43.211334120425
2016.833	43.2900432900433
2015.611	43.2900432900433
2015.611	43.2900432900433
2015.611	43.2900432900433
2015.019	43.3585143216871
2015.036	43.3585143216871
2014.4	43.2798237330815
2014.419	43.2798237330815
2016.295	42.8177882723337
2015.844	42.7390791027155
2015.915	42.6603699330972
2016.678	42.9752066115703
2015.885	42.7592723836523
2015.951	42.6603699330972
2016.669	42.4242424242424
2016.085	42.7679000480538
2016.415	42.6402328691684
2016.423	42.8177882723337
2016.423	42.7390791027155
2016.423	42.6603699330972
2016.423	42.6603699330972
2016.423	42.6603699330972
2016.423	42.7390791027155
2016.423	42.6603699330972
2016.404	42.581660763479
2016.404	42.581660763479
2016.415	42.7330173775671
2016.331	42.6521602018291
2016.415	42.6402328691684
2016.443	42.6603699330972
2016.423	42.6603699330972
2016.423	42.6603699330972
2016.423	42.6603699330972
2017.118	42.896497441952
2017.833	42.7390791027155
2016.489	42.5029515938607
2015.808	42.896497441952
2016.262	42.581660763479
2016.052	42.7390791027155
2016.246	42.4442869517285
2021.132	42.0306965761511
2020.598	42.4242424242424
2017.696	42.5029515938607
2017.945	42.2668240850059
2017.233	42.6603699330972
2017.011	42.9752066115703
2016.227	42.4242424242424
2016.227	42.4242424242424
2016.227	42.3455332546242
2016.383	42.581660763479
2016.227	42.5029515938607
2016.199	42.4242424242424
2016.306	42.4242424242424
2016.227	42.5029515938607
2016.227	42.4242424242424
2016.536	42.5029515938607
2016.536	42.5029515938607
2016.536	42.5029515938607
2016.536	42.5029515938607
2016.536	42.5029515938607
2016.536	42.5029515938607
2016.306	42.4242424242424
2016.227	42.4242424242424
2016.227	42.4242424242424
2016.227	42.4242424242424
2016.227	42.4242424242424
2016.227	42.3455332546242
2016.15	42.581660763479
2016.15	42.581660763479
2016.15	42.581660763479
2016.15	42.581660763479
2016.153	42.581660763479
2016.15	42.581660763479
2016.15	42.581660763479
2016.15	42.5029515938607
2016.15	42.5029515938607
2016.15	42.581660763479
2016.15	42.581660763479
2016.15	42.581660763479
2016.15	42.581660763479
2016.15	42.581660763479
2016.15	42.581660763479
2016.15	42.581660763479
2016.15	42.581660763479
2016.15	42.581660763479
2016.15	42.581660763479
2016.15	42.581660763479
2016.15	42.581660763479
2016.15	42.581660763479
2016.15	42.581660763479
2016.15	42.581660763479
2016.074	42.5029515938607
2017.414	42.4242424242424
2017.414	42.4242424242424
2017.414	42.4242424242424
2016.76	42.1881149153876
2016.112	42.5029515938607
2016.052	42.581660763479
2016.795	42.1881149153876
2016.303	42.3455332546242
2016.257	42.3455332546242
2016.913	42.9752066115703
2017.06	42.896497441952
2016.574	42.581660763479
2017.638	42.7390791027155
2016.399	42.3455332546242
2016.219	42.7390791027155
2017.104	42.581660763479
2016.552	42.7390791027155
2016.391	42.8177882723337
2019.312	42.5029515938607
2020.322	42.581660763479
2019.962	42.3455332546242
2019.888	42.3455332546242
2016.497	42.7390791027155
2017.137	42.581660763479
2016.582	42.8177882723337
2016.582	42.8177882723337
2016.497	42.8177882723337
2016.497	42.8177882723337
2016.497	42.8177882723337
2016.497	42.8177882723337
2015.951	42.581660763479
2016.205	42.7390791027155
2015.649	42.896497441952
2015.748	42.896497441952
2015.877	42.6603699330972
2015.762	42.7390791027155
2016.077	42.7390791027155
2015.852	42.6603699330972
2015.852	42.6603699330972
2016.016	42.7390791027155
2015.953	42.7390791027155
2021.258	42.0306965761511
2020.675	41.8732782369146
2015.953	42.7390791027155
2015.455	42.896497441952
2015.896	42.8177882723337
2015.805	42.7390791027155
2015.46	42.896497441952
2016.967	43.211334120425
2015.652	42.6603699330972
2015.337	42.6603699330972
2015.403	42.5029515938607
2015.381	42.581660763479
2015.816	42.581660763479
2015.332	42.6603699330972
2020.156	42.8177882723337
2020.732	42.8177882723337
2018.118	42.6603699330972
2017.858	42.7390791027155
2017.159	42.6603699330972
2017.871	42.4242424242424
2017.701	42.5029515938607
2015.838	42.9752066115703
2013.159	43.0539157811885
2012.844	43.256398178678
2012.844	43.3349034385304
2012.844	43.3349034385304
2012.844	43.3349034385304
2011.09	43.211334120425
2012.377	42.581660763479
2011.178	43.0539157811885
2011.51	43.1326249508068
2011.51	43.1326249508068
2012.751	43.1326249508068
2013.016	43.2900432900433
2012.852	43.2900432900433
2012.749	43.1326249508068
2012.415	43.211334120425
2013.038	43.211334120425
2011.351	43.211334120425
2011.356	43.211334120425
2011.356	43.211334120425
2012.691	42.896497441952
2011.6	43.211334120425
2011.663	43.1326249508068
2011.663	42.896497441952
2011.778	43.6048799685163
2011.526	43.1326249508068
2011.526	43.1326249508068
2011.836	43.6048799685163
2011.838	43.6835891381346
2011.737	43.6835891381346
2011.737	43.6835891381346
2011.806	43.6048799685163
2012.883	43.3687524596616
2013.195	43.3687524596616
2011.005	43.211334120425
2010.932	43.2900432900433
2010.91	43.2900432900433
2010.89	43.2900432900433
2010.91	43.2900432900433
2010.91	43.2900432900433
2011.485	43.0539157811885
2010.91	43.2900432900433
2014.693	43.7519672647151
2016.224	43.7519672647151
2019.66	43.2011331444759
2019.726	43.4372049102927
2018.077	43.8306578533207
2015.97	43.9093484419263
2015.57	44.0667296191376
2017.907	43.1326249508068
2016.951	42.7390791027155
2017.795	42.581660763479
2017.236	43.0539157811885
2017.219	42.7390791027155
2016.776	43.0539157811885
2016.628	42.9752066115703
2020.71	42.3455332546242
2020.667	42.5029515938607
2020.97	42.6603699330972
2021.241	42.5029515938607
2020.765	42.3455332546242
2021.241	42.3455332546242
2020.844	42.5029515938607
2009.271	43.3687524596616
2015.099	42.8199668795836
2015.099	42.8177882723337
2015.099	42.9113323850166
2015.099	42.7390791027155
2014.556	42.8177882723337
2012.923	42.9752066115703
2012.923	43.1326249508068
2012.923	43.0539157811885
2012.923	42.9752066115703
2012.923	42.9752066115703
2012.923	43.0539157811885
2012.923	43.0539157811885
2012.923	43.0539157811885
2012.923	43.0539157811885
2013.926	42.8177882723337
2019.463	42.8177882723337
2019.718	42.5029515938607
2020.175	42.581660763479
2021.055	42.3455332546242
2020.631	42.3455332546242
2020.169	42.896497441952
2017.603	42.5029515938607
2016.511	42.3455332546242
2021.23	42.4242424242424
2019.975	42.5029515938607
2020.276	42.581660763479
2020.484	42.8177882723337
2018.005	42.2668240850059
2017.775	42.5029515938607
2020.445	42.6603699330972
2020.522	42.581660763479
2017.625	42.3455332546242
2020.951	42.1781554926031
2020.402	41.7945690672963
2021.167	41.6371507280598
2019.852	41.9519874065329
2020.268	42.1094057457694
2020.402	42.1094057457694
2020.284	42.1094057457694
2021.03	42.1094057457694
2020.402	42.6603699330972
2020.167	42.3455332546242
2019.899	42.4242424242424
2020.689	42.5029515938607
2018.496	42.4242424242424
2018.496	42.2668240850059
2018.581	42.4242424242424
2018.496	42.5029515938607
2018.496	42.4242424242424
2018.581	42.5029515938607
2018.496	42.4242424242424
2018.496	42.4242424242424
2018.496	42.4242424242424
2018.496	42.5029515938607
2018.496	42.4242424242424
2018.496	42.5029515938607
2018.496	42.3455332546242
2018.496	42.581660763479
2018.496	42.581660763479
2018.496	42.581660763479
2018.581	42.581660763479
2018.581	42.581660763479
2018.581	42.581660763479
2018.496	42.581660763479
2018.414	42.4242424242424
2018.496	42.5029515938607
2018.496	42.5029515938607
2018.496	42.6603699330972
2018.496	42.6603699330972
2018.496	42.581660763479
2019.249	42.6603699330972
2018.414	42.4242424242424
2018.581	42.4242424242424
2018.581	42.4242424242424
2018.496	42.3455332546242
2018.496	42.581660763479
2018.581	42.4242424242424
2018.581	42.4242424242424
2020.454	42.5029515938607
2020.713	42.7289896128423
2019.825	42.3455332546242
2018.496	42.6603699330972
2018.496	42.581660763479
2018.496	42.5029515938607
2018.496	42.4242424242424
2018.496	42.4242424242424
2018.882	42.4242424242424
2018.414	42.581660763479
2020.361	42.4242424242424
2021.241	42.2668240850059
2021.047	42.3455332546242
2020.842	42.2668240850059
2019.545	42.4242424242424
2017.178	43.0539157811885
2017.586	42.7390791027155
2019.31	42.6603699330972
2015.8	42.8177882723337
2017.414	42.7390791027155
2017.414	42.7390791027155
2017.414	42.7390791027155
2017.414	42.7693761814745
2017.414	42.7390791027155
2017.414	42.7390791027155
2017.414	42.7390791027155
2017.414	42.8177882723337
2017.414	42.7390791027155
2017.414	42.7390791027155
2017.414	42.7390791027155
2017.414	42.7390791027155
2017.414	42.7390791027155
2017.414	42.7390791027155
2017.414	42.7390791027155
2017.414	42.7390791027155
2017.414	42.7390791027155
2017.414	42.7390791027155
2017.414	42.7390791027155
2017.414	42.7390791027155
2017.414	42.7390791027155
2017.414	42.7390791027155
2017.414	42.7390791027155
2017.414	42.6603699330972
2016.497	42.896497441952
2016.582	42.896497441952
2016.582	42.896497441952
2016.497	42.896497441952
2016.811	42.7390791027155
2016.391	42.8177882723337
2016.683	43.0539157811885
2016.161	42.7390791027155
2017.216	42.6603699330972
2017.945	42.8177882723337
2017.778	42.7390791027155
2017.849	42.8177882723337
2017.877	42.5029515938607
