2009.967	0.916132826706516
2010.337	0.915592034809831
2010.359	0.910138415696043
2013.83	0.892932031186645
2013.822	0.894291995148575
2013.773	0.888461080780908
2014.247	0.892319957501433
2016.59	0.90507266522262
2015.841	0.906021536655429
2014.773	0.902507804829904
2017.011	0.896618028592841
2017.214	0.9113755397007
2015.318	0.905173590607456
2016.516	0.915090833984231
2017.743	0.911922164068175
2012.915	0.903628482186003
2016.833	0.904831569444293
2015.611	0.909291422191512
2015.611	0.909291422191512
2015.611	0.908703264738607
2015.019	0.90363819101703
2015.036	0.905016482497404
2014.4	0.903886502458162
2014.419	0.902791725894587
2016.295	0.892592555762174
2015.844	0.890813246886363
2015.915	0.889024275939638
2016.678	0.894431979031631
2015.885	0.889038059874681
2015.951	0.885397272927386
2016.669	0.885668723701032
2016.085	0.889945117912799
2016.415	0.884186055107475
2016.423	0.889386916096628
2016.423	0.888324941727463
2016.423	0.884975575526948
2016.423	0.88675680896272
2016.423	0.886470850623809
2016.423	0.887957003142621
2016.423	0.885328859189833
2016.404	0.883912126847869
2016.404	0.883912126847869
2016.415	0.886664802473163
2016.331	0.884500358463964
2016.415	0.886100692997484
2016.443	0.885545975511174
2016.423	0.886253280603435
2016.423	0.885899486878644
2016.423	0.886117111258037
2017.118	0.890666404946511
2017.833	0.891596231389578
2016.489	0.883895090553929
2015.808	0.893517677951542
2016.262	0.883410898743402
2016.052	0.886745352913292
2016.246	0.885181429085763
2021.132	0.878234901205418
2020.598	0.890887417142726
2017.696	0.886463723364709
2017.945	0.884803346557558
2017.233	0.887454498707696
2017.011	0.893589394299494
2016.227	0.884753875968992
2016.227	0.884468195027446
2016.227	0.883397738287561
2016.383	0.8876010485808
2016.227	0.885754835940987
2016.199	0.885176336096323
2016.306	0.883829166848432
2016.227	0.886109137875363
2016.227	0.885966413723589
2016.536	0.887391658076057
2016.536	0.887391658076057
2016.536	0.887391658076057
2016.536	0.887391658076057
2016.536	0.887036559373346
2016.536	0.887747041199035
2016.306	0.885039741518578
2016.227	0.886034619550844
2016.227	0.885039741518578
2016.227	0.885039741518578
2016.227	0.88468586717171
2016.227	0.883112403100775
2016.15	0.886822424950639
2016.15	0.887108681382192
2016.15	0.886604966139955
2016.15	0.886536353200655
2016.153	0.886890967741935
2016.15	0.886250465953573
2016.15	0.886536353200655
2016.15	0.885183196808402
2016.15	0.885537270087125
2016.15	0.886536353200655
2016.15	0.886536353200655
2016.15	0.886822424950639
2016.15	0.886250465953573
2016.15	0.886536353200655
2016.15	0.886890967741935
2016.15	0.886536353200655
2016.15	0.886536353200655
2016.15	0.886250465953573
2016.15	0.886536353200655
2016.15	0.886822424950639
2016.15	0.886822424950639
2016.15	0.886536353200655
2016.15	0.886604966139955
2016.15	0.886604966139955
2016.074	0.88531215683137
2017.414	0.892252369493338
2017.414	0.891245923145601
2017.414	0.891316452453803
2016.76	0.879598988792084
2016.112	0.884179758860066
2016.052	0.884048324612986
2016.795	0.883432469348829
2016.303	0.884588774908821
2016.257	0.884518948218951
2016.913	0.894860851409933
2017.06	0.892864050778639
2016.574	0.882412185069433
2017.638	0.884558041205944
2016.399	0.879996261301067
2016.219	0.888667084712507
2017.104	0.890034915593456
2016.552	0.891745362709283
2016.391	0.892453786935878
2019.312	0.889521315216264
2020.322	0.892678751211727
2019.962	0.88908790085302
2019.888	0.892329102075638
2016.497	0.889813751918587
2017.137	0.892617541180321
2016.582	0.890521625252989
2016.582	0.890877691476601
2016.497	0.890590589416828
2016.497	0.890590589416828
2016.497	0.890590589416828
2016.497	0.890590589416828
2015.951	0.888312267369727
2016.205	0.889022551546392
2015.649	0.89107903668272
2015.748	0.89129662453612
2015.877	0.890808032512551
2015.762	0.892321611732035
2016.077	0.891806112868529
2015.852	0.890878448266159
2015.852	0.890878448266159
2016.016	0.888884636971274
2015.953	0.889378302867539
2021.258	0.875980632666236
2020.675	0.875093347640596
2015.953	0.889664921721186
2015.455	0.890653688207763
2015.896	0.890582212168115
2015.805	0.889321436895286
2015.46	0.890862013509167
2016.967	0.897178824915556
2015.652	0.886105024544434
2015.337	0.885397272927386
2015.403	0.883541532517708
2015.381	0.88418547427909
2015.816	0.880438433273155
2015.332	0.885181026012029
2020.156	0.88350567492403
2020.732	0.879120208195007
2018.118	0.884504514548878
2017.858	0.886003744972028
2017.159	0.884086504543934
2017.871	0.884130187232263
2017.701	0.882950700342694
2015.838	0.891014712487831
2013.159	0.896577397270701
2012.844	0.901926758330659
2012.844	0.904357041800643
2012.844	0.905009929349675
2012.844	0.904868306941787
2011.09	0.891558889928786
2012.377	0.881871469129517
2011.178	0.89723255707667
2011.51	0.893700986514528
2011.51	0.898602407212733
2012.751	0.894873788084904
2013.016	0.898653283609845
2012.852	0.89749260775113
2012.749	0.896455209107087
2012.415	0.896574067980314
2013.038	0.897578291485222
2011.351	0.892089005735808
2011.356	0.891447906548745
2011.356	0.891447906548745
2012.691	0.892104819683182
2011.6	0.891801235088796
2011.663	0.89409555902001
2011.663	0.893636338997751
2011.778	0.898251805099993
2011.526	0.895162923396079
2011.526	0.894806852225277
2011.836	0.900056546287778
2011.838	0.905249110320285
2011.737	0.903362205803789
2011.737	0.903362205803789
2011.806	0.903259594495208
2012.883	0.901349232100368
2013.195	0.903042733719681
2011.005	0.89537124933329
2010.932	0.896133535342499
2010.91	0.895422035909912
2010.89	0.895777644343554
2010.91	0.896000473917606
2010.91	0.895711161526932
2011.485	0.894685712586366
2010.91	0.895422035909912
2014.693	0.913961607819534
2016.224	0.913452230247971
2019.66	0.904063801706225
2019.726	0.908052690443644
2018.077	0.916636148198029
2015.97	0.913725905061759
2015.57	0.916410247495205
2017.907	0.907382674190199
2016.951	0.897868990906929
2017.795	0.89695538585209
2017.236	0.902879492386182
2017.219	0.898952501354524
2016.776	0.902225198928386
2016.628	0.900786992177345
2020.71	0.900746316057748
2020.667	0.900871090227741
2020.97	0.905674566839057
2021.241	0.904311464761286
2020.765	0.898775009145157
2021.241	0.904704927818596
2020.844	0.905413835502564
2009.271	0.908767019613163
2015.099	0.91070341689867
2015.099	0.910842946697227
2015.099	0.91016387692461
2015.099	0.909466203242606
2014.556	0.911855739469789
2012.923	0.912032961311637
2012.923	0.913951506489238
2012.923	0.912213779535621
2012.923	0.911804710674887
2012.923	0.911507221372872
2012.923	0.91280902506876
2012.923	0.91280902506876
2012.923	0.91280902506876
2012.923	0.912581163256739
2013.926	0.913165559217984
2019.463	0.907715844720954
2019.718	0.903520208604954
2020.175	0.905799503150871
2021.055	0.898513670367922
2020.631	0.898738256579609
2020.169	0.90870883285104
2017.603	0.899769716552933
2016.511	0.894123756651685
2021.23	0.893048845947397
2019.975	0.894275603783
2020.276	0.896943681049805
2020.484	0.900899867514725
2018.005	0.892953341102487
2017.775	0.89273910214704
2020.445	0.894766208055418
2020.522	0.896433180863029
2017.625	0.888143841233905
2020.951	0.892440985982959
2020.402	0.88313225001512
2021.167	0.881729126817327
2019.852	0.887169991966457
2020.268	0.889917884047877
2020.402	0.890723362232284
2020.284	0.888914216036295
2021.03	0.891455467850592
2020.402	0.896519993078966
2020.167	0.88907703021589
2019.899	0.892784786560659
2020.689	0.898145388094714
2018.496	0.889417110563797
2018.496	0.887249515253739
2018.581	0.891268426350433
2018.496	0.892563957521413
2018.496	0.891626078206914
2018.581	0.89184876204263
2018.496	0.890775240384616
2018.496	0.890129499118514
2018.496	0.89084302977913
2018.496	0.89184876204263
2018.496	0.890486121513994
2018.496	0.891423947337032
2018.496	0.889122596153846
2018.496	0.893432391508564
2018.496	0.893432391508564
2018.496	0.893432391508564
2018.581	0.893790337178239
2018.581	0.89350033382419
2018.581	0.893790337178239
2018.496	0.893790337178239
2018.414	0.890062049639712
2018.496	0.889844357976654
2018.496	0.889844357976654
2018.496	0.893719662556781
2018.496	0.893719662556781
2018.496	0.893364691753403
2019.249	0.895395987946285
2018.414	0.889994841717135
2018.581	0.889705882352941
2018.581	0.889417110563797
2018.496	0.889411366077898
2018.496	0.891627754569177
2018.581	0.889128526167118
2018.581	0.888772874756651
2020.454	0.893687562232605
2020.713	0.899193358177273
2019.825	0.898083241886454
2018.496	0.895357568452607
2018.496	0.894285380837347
2018.496	0.891646038083957
2018.496	0.890486121513994
2018.496	0.890486121513994
2018.882	0.890911061303781
2018.414	0.892360272638754
2020.361	0.889195949688716
2021.241	0.89011830304403
2021.047	0.889122596153846
2020.842	0.885963934932035
2019.545	0.8955214219133
2017.178	0.904695420568777
2017.586	0.892761565836299
2019.31	0.895627156604787
2015.8	0.891452451277553
2017.414	0.894192273473857
2017.414	0.894192273473857
2017.414	0.894192273473857
2017.414	0.894716677879943
2017.414	0.894481656086632
2017.414	0.894192273473857
2017.414	0.894481656086632
2017.414	0.895701345796612
2017.414	0.894412887566083
2017.414	0.894123433557162
2017.414	0.894123433557162
2017.414	0.894412887566083
2017.414	0.894412887566083
2017.414	0.894412887566083
2017.414	0.89570978692078
2017.414	0.894412887566083
2017.414	0.895198962947968
2017.414	0.894412887566083
2017.414	0.894412887566083
2017.414	0.895419725461285
2017.414	0.894702529045217
2017.414	0.895129851804613
2017.414	0.894771226062704
2017.414	0.892986498041971
2016.497	0.895112372121956
2016.582	0.895180995475113
2016.582	0.895180995475113
2016.497	0.894465423136604
2016.811	0.888736231884058
2016.391	0.892961240310078
2016.683	0.895264984656671
2016.161	0.890183460905201
2017.216	0.891461217007659
2017.945	0.893607200553889
2017.778	0.891031966419115
2017.849	0.892592555762174
2017.877	0.886040932464224
