2006.414	44.6589749627188
2006.581	44.2665410878267
2007.293	44.5804881877404
2007.329	44.9729220626324
2010.745	44.0888052090688
2010.414	44.0103553777359
2012.038	44.2241107963488
2012.713	44.0103553777359
2012.705	44.4130571249215
2017.225	43.6965560524045
2014.005	44.0888052090688
2014.025	43.9319055464031
2013.932	44.2457048717345
2013.863	44.1672550404017
2013.923	44.0103553777359
2013.921	44.0888052090688
2013.921	44.0888052090688
2015.956	44.2457048717345
2015.956	44.0103553777359
2015.899	44.0888052090688
2015.899	44.0103553777359
2012.954	44.1672550404017
2012.995	44.0103553777359
2013.186	44.3241547030674
2012.38	44.2457048717345
2012.276	44.2457048717345
2011.085	44.0888052090688
2011.085	44.3450278628051
2014.085	44.0103553777359
2013.833	43.7750058837374
2014.085	44.1672550404017
2013.833	44.2457048717345
2011.085	44.1776522284997
2011.162	44.1880543128483
2010.247	44.2457048717345
2010.329	44.2457048717345
2010.329	44.1672550404017
2009.915	44.4026045344003
2010.162	44.3241547030674
2009.712	44.2665410878267
2012.645	42.8537791382152
2012.443	43.1677262381289
2012.355	43.010752688172
2013.693	43.0892394631505
2013.603	43.2462130131073
2013.433	42.61831881328
2012.844	44.2665410878267
2012.533	43.6386468879994
2012.787	43.560160113021
2012.71	43.6181062210716
2016	42.9322659131936
2015	42.9322659131936
2016	42.9322659131936
2015.973	42.6968055882584
2016	42.6968055882584
2015	42.6968055882584
2016.104	42.6968055882584
2016	42.7752923632368
2016	42.7752923632368
2016	42.7752923632368
2015.573	43.010752688172
2015.499	42.7752923632368
2015	42.9322659131936
2015.173	42.8537791382152
2015.54	42.8537791382152
2015.345	42.9322659131936
2015.241	42.9322659131936
2015	43.0993876589731
2015	42.8537791382152
2015	42.9322659131936
2015	42.9322659131936
2015	42.6968055882584
2015.444	42.7752923632368
2015	42.8537791382152
2016	42.6968055882584
2016	42.6968055882584
2016	42.6968055882584
2016	42.6968055882584
2016	42.61831881328
2016	42.4613452633231
2016	42.5398320383015
2016	42.4613452633231
2016	42.61831881328
2016	42.6968055882584
2016	42.6968055882584
2016	42.6968055882584
2016	42.61831881328
2016	42.61831881328
2015	42.9322659131936
2015.529	42.8537791382152
2015.282	42.9322659131936
2015.285	42.9322659131936
2015	42.9322659131936
2018.641	42.2258849383879
2018.636	42.3828584883447
2018.345	42.3043717133663
2018.362	42.3043717133663
2018.162	42.3043717133663
2018.101	42.3043717133663
2018	42.3043717133663
2018.014	42.3043717133663
2017.995	42.3043717133663
2018.044	42.2258849383879
2018.044	42.3043717133663
2018.085	42.3043717133663
2018.068	42.3043717133663
2018.033	42.3043717133663
2018.022	42.3043717133663
2018.022	42.3043717133663
2018.011	42.3043717133663
2018.044	42.4342623208943
2018.005	42.5129900803023
2019.181	42.1980790426704
2019.474	42.1193512832625
2021.595	42.2768068020784
2021.595	42.1701018715944
2018.373	42.0406235238545
2018.329	42.5029515938607
2018.37	42.2768068020784
2018.364	42.0406235238545
2018.164	42.3555345614864
2018.164	42.3555345614864
2018.164	42.3555345614864
2018.184	42.2768068020784
2018.184	42.2768068020784
2018.23	42.1980790426704
2018.197	42.1980790426704
2018.197	42.1980790426704
2018.195	42.1980790426704
2018.195	42.1980790426704
2017.605	42.4342623208943
2017.581	42.4342623208943
2017.395	42.4342623208943
2017.397	42.4342623208943
2017.395	42.4342623208943
2017.397	42.4342623208943
2017.397	42.4342623208943
2017.77	42.5129900803023
2017.564	42.4342623208943
2017.573	42.4342623208943
2017.83	42.4342623208943
2017.822	42.3555345614864
2017.822	42.3555345614864
2017.83	42.3555345614864
2018.786	42.3555345614864
2018.811	42.2768068020784
2018.805	42.2768068020784
2018.795	42.2768068020784
2018.805	42.2768068020784
2017.833	42.3555345614864
2017.822	42.3555345614864
2017.83	42.3555345614864
2017.83	42.3555345614864
2017.83	42.3555345614864
2017.767	42.5129900803023
2017.375	42.2768068020784
2018.162	42.1980790426704
2018.329	42.2080478777857
2018.329	42.0505551618238
2013.408	43.4031865630641
2014.118	43.6386468879994
2011.833	44.1095675378699
2014.164	44.1095675378699
2010.748	44.3450278628051
