1918	45.183916483158
1933.025	42.779484755377
1933.414	42.7007011738754
1932	42.7007011738754
1932	42.4743892828999
1933	42.4743892828999
1933	42.3955870764381
1935	42.6502990242367
1945	42.3828584883447
1948	42.6420745645149
1943	42.4528301886792
1943	42.3043717133663
1947	42.3947966460309
1947	42.4631776872454
1954	42.3064869946725
1954	42.3064869946725
1954	42.3064869946725
1951	42.3947966460309
1951	42.3064869946725
1951	42.3848323409589
1951	42.3848323409589
1951	42.5415230335318
1957	41.0626126479116
1957	41.0626126479116
1957	41.4544314708879
1953	41.1671924290221
1954	41.9246140584594
1950	41.9147602632404
1950	41.9147602632404
1946	42.4731604106261
1939	42.4731604106261
1940	42.4731604106261
1946	42.6255436931594
1948	42.4070125562663
1942	42.9322659131936
1942	42.8537791382152
1934	42.779484755377
1935	42.779484755377
1946	42.7007011738754
1946	42.7007011738754
1935	42.3828584883447
1936	41.8334510634958
1934	42.1392564587272
1934	42.3755513547574
1934	42.2180214240706
1934	42.2180214240706
1993	42.2159447583176
1995.578	41.9805398618958
1996	41.9805398618958
1991	42.4513496547395
1986	42.3848323409589
1987	42.2281416483861
1986	42.2281416483861
1987	41.9931056095268
1987	41.9147602632404
1986	42.1497963020997
1986	42.3848323409589
1989.003	42.2281416483861
1987	42.3848323409589
1986	42.5415230335318
1986	42.7765590723911
1980	42.1497963020997
1980	42.1497963020997
1981	41.9147602632404
1983	41.2879974929489
1983	41.3663428392354
1983	40.8962707615168
1982	40.9746161078032
1982	40.9842488833164
1983	40.9746161078032
1980	41.7580695706675
1978	41.9147602632404
1978	41.8364149169539
1978	41.7580695706675
1978	41.9931056095268
1977	41.9931056095268
1978	42.3848323409589
1977	42.2281416483861
1978	41.9147602632404
1978	42.1497963020997
1978	42.0714509558132
1978	42.1497963020997
1978	41.9147602632404
1977	42.1497963020997
1977	42.0714509558132
1977	42.1497963020997
1977	42.2281416483861
1978	41.9931056095268
1977	42.2480012541151
1951	42.0630552716408
1949	42.3848323409589
1949	42.3848323409589
1948	42.2281416483861
1950	42.1497963020997
1983	41.9931056095268
1983	41.6013788780946
1983	41.6013788780946
1983	41.7580695706675
1983	41.8364149169539
1983	41.7580695706675
1983	41.7580695706675
1983	41.7580695706675
1983	41.6797242243811
1983	41.6797242243811
1983	41.6797242243811
1983	41.6797242243811
1983	41.6013788780946
1983	41.6013788780946
1983	41.6013788780946
1983	41.6013788780946
1983	41.6111590000784
1983	41.6797242243811
1983	41.6013788780946
1983	41.6797242243811
1983	41.6797242243811
1983	41.6797242243811
1983	41.6013788780946
1983	41.6013788780946
1983	41.5230335318082
1983	41.6013788780946
1983	41.6797242243811
1983	41.6797242243811
1983	41.6797242243811
1983	41.6013788780946
1983	41.6797242243811
1983	41.6013788780946
1983	41.6797242243811
1983	41.6013788780946
1983	41.6797242243811
1983	41.6797242243811
1983	41.6797242243811
1983	41.6797242243811
1983	41.6797242243811
1983	41.7580695706675
1983	41.7875343002744
1983	41.6797242243811
1983	41.6797242243811
1983	41.7580695706675
1983	41.7580695706675
1982	41.6797242243811
1984	41.5425615300204
1984	41.8364149169539
1989.005	42.6198683798182
1991.551	42.4513496547395
1996	42.0590081607031
1995	42.3728813559322
1995.964	42.3728813559322
1995.942	42.4513496547395
1996	42.4513496547395
1996.019	42.1473981634095
1996	42.2159447583176
1996.003	42.2944130571249
1995.953	42.1374764595104
1995.929	42.3728813559322
1995.874	42.2159447583176
1995.907	42.2668240850059
1996	42.0590081607031
1996	42.2159447583176
1996	42.3728813559322
1996	42.2944130571249
1995.948	42.1374764595104
1995.871	42.2944130571249
1995.332	42.2159447583176
1996.003	42.0590081607031
1995.934	42.2159447583176
1995.945	42.2159447583176
1995.962	42.1374764595104
1995.918	42.2159447583176
1995.986	42.2944130571249
1995.989	42.3828584883447
1996.104	42.1374764595104
1995.953	42.4513496547395
1995	42.3728813559322
1996	42.1374764595104
1996	42.1374764595104
1996	42.5298179535468
1995.923	42.2944130571249
1996	42.3728813559322
1996	42.2944130571249
1995.975	42.2944130571249
1995	42.7652228499686
1995.986	42.4513496547395
1995.942	42.5298179535468
1995.912	42.6867545511613
1995.951	42.608286252354
1998	42.608286252354
2000	42.608286252354
2000	42.5298179535468
2000	42.608286252354
2000	42.608286252354
2000	42.4513496547395
2000	42.5298179535468
2000	42.4513496547395
2000	42.5298179535468
2000	42.5298179535468
2000	42.5298179535468
2000	42.4513496547395
2000.279	42.608286252354
2001.022	42.3828584883447
2000	42.608286252354
2000	42.5298179535468
2000	42.6867545511613
2000	42.608286252354
2000	42.6867545511613
2000	42.5298179535468
1992	42.2159447583176
2001.022	41.9119378384742
2001.584	41.5979907385606
2001.518	41.676477513539
2001.353	41.676477513539
2001.058	41.9119378384742
2002.926	41.4410171886037
2003.937	41.5979907385606
2003.937	41.5979907385606
2003.811	41.5979907385606
2003.723	41.5979907385606
2003.696	41.5979907385606
2003.515	41.5979907385606
2003.068	41.5979907385606
2003.973	41.5979907385606
2003.964	41.5979907385606
2003.923	41.5979907385606
2003.819	41.5979907385606
2003.789	41.5979907385606
2003.773	41.5979907385606
2003.715	41.5979907385606
2003	41.5979907385606
2003	41.5979907385606
2003	41.5979907385606
2003	41.5979907385606
2001	41.5195039635821
2002.97	41.4605418138987
2003.153	41.784480050267
2001	41.9119378384742
2000	41.8334510634958
2000.112	41.8334510634958
2000	41.5979907385606
2000.68	41.5979907385606
2000.587	41.676477513539
2000.828	41.5979907385606
2000.623	41.7549642885174
2000.68	41.676477513539
2000.669	41.676477513539
2000.639	41.676477513539
2000.642	41.676477513539
2000.68	41.5979907385606
2000.653	41.6961130742049
2000.626	41.676477513539
2000.62	41.676477513539
2000.56	41.676477513539
2000.678	41.5979907385606
2000.549	41.676477513539
2000.631	41.6862929816298
2000.713	41.676477513539
2000.806	41.5195039635821
2000.56	41.7549642885174
2000.467	41.7549642885174
2000.648	41.7549642885174
2000.699	41.676477513539
2000.705	41.676477513539
2000.735	41.5195039635821
2000.464	41.7549642885174
2000.563	41.676477513539
2000.721	41.5979907385606
2000.779	41.5979907385606
2000.76	41.529282461925
2000.839	41.5979907385606
2000.855	41.5979907385606
2000.68	41.676477513539
2000.735	41.5195039635821
2000.658	41.7549642885174
2000.639	41.676477513539
2000.658	41.7549642885174
2000.658	41.5979907385606
2000.568	41.676477513539
2000.464	41.7549642885174
2000	41.5979907385606
2000.743	41.676477513539
2000.508	41.7549642885174
2000.719	41.5979907385606
2000.661	41.5979907385606
2000.664	41.676477513539
2000.544	41.7549642885174
2000.675	41.7549642885174
2000.675	41.8334510634958
2000.541	41.7549642885174
2000.716	41.5979907385606
2000.623	41.8334510634958
2000.751	41.5979907385606
2000.642	41.6273955387999
2000.683	41.6077877217774
2001	42.1573245407442
2001.463	42.0689113884311
1999.997	41.676477513539
2000	41.8462502938641
2000	41.8560902962847
2001	41.8334510634958
2000	41.9119378384742
2001.019	41.9904246134526
2001.019	41.9904246134526
2001.019	41.9514494461466
1999	41.676477513539
1999	41.8334510634958
1999	41.8334510634958
1999	41.7549642885174
1999	41.9904246134526
1998.071	41.7549642885174
1998	42.2258849383879
1997.997	42.2258849383879
1997.041	42.0689113884311
1997.041	42.2258849383879
1997	41.5979907385606
1995	41.5979907385606
1996	41.9904246134526
1996	41.8334510634958
1996	41.8334510634958
1996	41.8334510634958
1996	41.8334510634958
1996	41.8334510634958
1996	41.8334510634958
1996	41.7549642885174
1996	41.8334510634958
1996	41.8334510634958
1996	41.8334510634958
1996	41.8334510634958
1996	41.8334510634958
1997	41.4410171886037
1997.86	41.7549642885174
1997.822	41.9904246134526
1997.923	41.9904246134526
2000.68	41.4410171886037
2000.617	41.5195039635821
2000	41.4410171886037
2001.019	41.9119378384742
2000.962	41.7647982414822
2001.038	41.5195039635821
2001.077	41.5979907385606
2001.101	41.5979907385606
2001.063	41.5488532830663
2001.09	41.9119378384742
2001.06	41.8334510634958
2001	41.5195039635821
2001.156	41.6273955387999
2001.592	41.5195039635821
2001.425	41.5195039635821
2001.077	41.8238993710692
2001.074	41.8531605810758
2001.066	41.8531605810758
2001.058	41.8334510634958
2001.06	41.676477513539
2000	41.5195039635821
2000	41.7647982414822
2000.964	41.3625304136253
2001.06	41.4410171886037
2001.066	41.4800848456281
2001.466	41.7549642885174
2001.54	41.7549642885174
2001.479	41.676477513539
2001.54	41.7549642885174
2001.622	41.7549642885174
2001.523	41.7549642885174
2001.499	41.7549642885174
2001.479	41.7549642885174
2001.537	41.7746368276404
2001.419	41.7549642885174
2001.556	41.676477513539
2001.542	41.5979907385606
2001.43	41.7549642885174
2001.542	41.5979907385606
2001.545	41.5979907385606
2001.523	41.7549642885174
2001.622	41.5979907385606
2001.537	41.8334510634958
2001.605	41.9904246134526
2001.427	41.7647982414822
2001.523	41.7549642885174
2001.537	41.7549642885174
2001.592	41.7549642885174
2001.529	41.5979907385606
2001.512	41.7549642885174
2001.521	41.8334510634958
2001.499	41.7549642885174
2001.499	41.7549642885174
2001.504	41.6961130742049
2001.521	41.7549642885174
2001.293	41.7549642885174
2001.405	41.7549642885174
2001.389	41.7549642885174
2001.375	41.7549642885174
2001.499	41.7549642885174
2001.488	41.7549642885174
2001.679	41.676477513539
2001.54	41.7549642885174
2001.46	41.7549642885174
2001.471	41.8334510634958
2001.425	41.676477513539
2001.488	41.7549642885174
2001.43	41.7549642885174
2001.616	41.676477513539
2001.521	41.7549642885174
2001.575	41.8334510634958
2001.414	41.7647982414822
2001.523	41.5979907385606
2001.49	41.5979907385606
2001.504	41.5195039635821
2001.433	41.8334510634958
2001.638	41.6961130742049
2001.501	41.5979907385606
2001.468	41.676477513539
2002.074	41.676477513539
2002.005	41.676477513539
2002.011	41.676477513539
2002	41.9119378384742
2001.556	41.9119378384742
2001.501	41.7549642885174
2001.616	41.676477513539
2001.507	41.676477513539
2001.54	41.7549642885174
2001	41.5195039635821
2001.405	41.7549642885174
2001.54	41.7549642885174
2001.504	41.8334510634958
2001.479	41.7549642885174
2001	41.5979907385606
2001.567	41.676477513539
2001.548	41.5979907385606
2001.542	41.676477513539
2001.57	41.7549642885174
2001.518	41.676477513539
2001.507	41.676477513539
2001.507	41.676477513539
2001.545	41.6175893207695
2001.488	41.8334510634958
2001.115	41.5979907385606
2001.049	41.401524078875
2001.063	41.4410171886037
2001.058	41.5195039635821
2001.068	41.5195039635821
2001.159	41.6077877217774
2001.14	41.5979907385606
2001.14	41.9904246134526
2002	41.9904246134526
2000	41.7549642885174
2001	41.676477513539
2001.03	41.7549642885174
2001.025	41.6862929816298
2001.025	41.7549642885174
2000	41.5195039635821
2001	41.3625304136253
2000.68	41.8334510634958
2000	41.9904246134526
2000	41.9119378384742
2002	41.676477513539
2003.06	41.5488532830663
2003.159	41.5195039635821
2003.173	41.5195039635821
2003.052	41.5979907385606
2002.984	41.5979907385606
2003.036	41.6862929816298
2003.038	41.5195039635821
2003.055	41.3625304136253
2003.058	41.5979907385606
2003.074	41.5195039635821
2003	41.5979907385606
2003.227	41.6077877217774
2003	41.4410171886037
2003.071	41.2840436386469
2003.115	41.4410171886037
2003.216	41.3034943070279
2003.036	41.6077877217774
2003.151	41.8334510634958
2003	41.5979907385606
2005	41.7549642885174
2005.603	41.7549642885174
2005.715	41.6862929816298
2005.718	41.7059377945335
2005.699	41.5979907385606
2005.679	41.7549642885174
2005.685	41.7059377945335
2005	41.7549642885174
2005.682	41.7549642885174
2005.759	41.5195039635821
2005	41.8334510634958
2005.496	41.676477513539
2006.271	41.5488532830663
2005	41.8334510634958
2007.142	41.7549642885174
2007.118	41.5979907385606
2007.137	41.5979907385606
2007.06	41.5979907385606
2007.06	41.5979907385606
2007.077	41.676477513539
2007.123	41.7549642885174
2007.134	41.5195039635821
2007.082	41.5979907385606
2007.123	41.5979907385606
2007.099	41.5684425585416
2007.099	41.5979907385606
2007.153	41.5195039635821
2007.115	41.7549642885174
2007.121	41.3625304136253
2007.178	41.7549642885174
2007.173	41.4410171886037
2007.096	41.5979907385606
2007.047	41.676477513539
2007.184	41.5979907385606
2007.099	41.5979907385606
2007.145	41.676477513539
2007.079	41.676477513539
2006.989	41.8334510634958
2007.077	41.5195039635821
2007.178	41.5979907385606
2007.181	41.5979907385606
2007.096	41.5979907385606
2007.099	41.5979907385606
2007.156	41.5979907385606
2007.153	41.5979907385606
2007.178	41.5195039635821
2007.079	41.5195039635821
2007.137	41.3917687715991
2007.107	41.3625304136253
2007.153	41.5195039635821
2007.142	41.3625304136253
2007.118	41.5979907385606
2007.118	41.3625304136253
2007.079	41.5195039635821
2007.077	41.3625304136253
2007.077	41.3625304136253
2007.066	41.2840436386469
2007.077	41.2840436386469
2007.104	41.3625304136253
2007.082	41.2055568636685
2007.085	41.3625304136253
2007.079	41.3625304136253
2007.085	41.2840436386469
2007.153	41.3625304136253
2007.145	41.5979907385606
2007.175	41.676477513539
2007.03	41.5195039635821
2007.153	41.4410171886037
2007.134	41.5195039635821
2007.162	41.676477513539
2007.079	41.4410171886037
2007.121	41.5488532830663
2007.178	41.3625304136253
2007.118	41.4410171886037
2007.077	41.5195039635821
2006.962	41.5195039635821
2007.134	41.5195039635821
2007.115	41.5979907385606
2007.104	41.5195039635821
2007.14	41.4410171886037
2007.068	41.4410171886037
2007.077	41.5979907385606
2007.115	41.5195039635821
2007.079	41.5979907385606
2007.181	41.7549642885174
2007.041	41.2055568636685
2007.099	41.4410171886037
2007.088	41.3625304136253
2007.079	41.4410171886037
2007.082	41.3625304136253
2007.145	41.3625304136253
2007.118	41.4410171886037
2007.066	41.2840436386469
2007.118	41.2055568636685
2007.077	41.3625304136253
2007.041	41.3625304136253
2007.041	41.3625304136253
2007.153	41.2840436386469
2007.115	41.3625304136253
2007.159	41.3625304136253
2007.085	41.4410171886037
2007.173	41.5195039635821
2007.107	41.3625304136253
2007.077	41.3625304136253
2007.14	41.2055568636685
2007.115	41.5195039635821
2007.011	41.3625304136253
2007.008	41.4410171886037
2007.058	41.3625304136253
2007.134	41.5195039635821
2007.195	41.4410171886037
2007.134	41.5195039635821
2007.175	41.5195039635821
2007.101	41.3625304136253
2007.14	41.5488532830663
2007.088	41.3625304136253
2006.989	41.3625304136253
2007.159	41.8433035013346
2007.137	41.676477513539
2007.153	41.3917687715991
2007.068	41.5195039635821
2007.085	41.5195039635821
2007.082	41.5195039635821
2007.079	41.4410171886037
2007.115	41.5979907385606
2007.088	41.4410171886037
2007.126	41.4410171886037
2007.118	41.5979907385606
2007.068	41.4410171886037
2007.175	41.5195039635821
2007.137	41.3625304136253
2007.14	41.5979907385606
2007.145	41.2840436386469
2007.14	41.5979907385606
2007.14	41.5979907385606
2007.137	41.5979907385606
2007.153	41.5979907385606
2007.137	41.5979907385606
2007.118	41.5979907385606
2007.137	41.5979907385606
2007.126	41.5195039635821
2007.058	41.9904246134526
2007.162	41.5979907385606
2007.115	41.5195039635821
2007.126	41.3625304136253
2007.118	41.676477513539
2007.107	41.676477513539
2007.077	41.5195039635821
2007.137	41.676477513539
2007.118	41.6175893207695
2007.137	41.5979907385606
2007.121	41.4410171886037
2007.195	41.5195039635821
2007.115	41.5195039635821
2007.173	41.8334510634958
2007.06	41.6273955387999
2007.101	41.5979907385606
2007.123	41.5979907385606
2007.099	41.5979907385606
2007.118	41.5979907385606
2007.14	41.5195039635821
2007.101	41.5979907385606
2007.156	41.5979907385606
2007.099	41.5979907385606
2007.085	41.5979907385606
2007.096	41.7647982414822
2007.068	41.676477513539
2007.164	41.676477513539
2007.041	41.8334510634958
2007.153	41.5979907385606
2007.079	41.676477513539
2007.192	41.7549642885174
2007.03	41.676477513539
2007.041	41.5979907385606
2007.047	41.5979907385606
2007.058	41.5979907385606
2007.178	41.5979907385606
2007.088	41.9119378384742
2007.066	41.7549642885174
2007.134	41.7549642885174
2007.115	41.8334510634958
2007.079	41.9119378384742
2007.077	41.7549642885174
2007.079	41.676477513539
2007.126	41.7549642885174
2007.079	41.7549642885174
2007.159	41.7549642885174
2007.134	41.676477513539
2007.195	41.784480050267
2007.096	41.7549642885174
2007.173	41.7549642885174
2007.063	41.7549642885174
2007.038	41.7549642885174
2007.096	41.7549642885174
2007.06	41.7549642885174
2006.962	41.7549642885174
2007.077	41.676477513539
2007.173	41.5979907385606
2007.063	41.7549642885174
2007.06	41.7549642885174
2007.03	41.7549642885174
2006.929	41.7549642885174
2007.107	41.7549642885174
2007.104	41.7549642885174
2007.099	41.8140375697556
2007.063	41.7549642885174
2007.142	41.5979907385606
2007.079	41.5195039635821
2007.142	41.5195039635821
2007.162	41.5979907385606
2007.082	41.4410171886037
2007.115	41.4410171886037
2007.192	41.7549642885174
2007.162	41.5195039635821
2007.058	41.4410171886037
2007.077	41.5979907385606
2007.159	41.676477513539
2007.096	41.5979907385606
2007.118	41.676477513539
2007.066	41.5979907385606
2007.115	41.5979907385606
2007.175	41.5195039635821
2007.121	41.5488532830663
2007.178	41.4410171886037
2007.121	41.7549642885174
2007.06	41.5488532830663
2007.134	41.5195039635821
2007.115	41.676477513539
2007.115	41.676477513539
2007.115	41.676477513539
2007.027	41.5979907385606
2007.137	41.676477513539
2007.156	41.5195039635821
2007.115	41.8334510634958
2007.173	41.5979907385606
2007.181	41.7549642885174
2007.082	41.5195039635821
2007.118	41.5195039635821
2007.063	41.3625304136253
2007.079	41.3625304136253
2007.126	41.5195039635821
2007.126	41.5195039635821
2007.014	41.2840436386469
2007.156	41.5390655673341
2007.173	41.4410171886037
2007.096	41.5195039635821
2007.068	41.4410171886037
2007.162	41.3625304136253
2007.099	41.5195039635821
2007.14	41.4410171886037
2007.066	41.3625304136253
2007.079	41.4410171886037
2007.115	41.5195039635821
2007.063	41.4410171886037
2007.099	41.5195039635821
2007.099	41.4410171886037
2007.123	41.4410171886037
2007.104	41.4410171886037
2007.096	41.5195039635821
2007.096	41.5195039635821
2007.2	41.5195039635821
2007.068	41.676477513539
2007.058	41.676477513539
2007.181	41.676477513539
2007.058	41.676477513539
2007.195	41.7549642885174
2007.156	41.676477513539
2007.126	41.676477513539
2007.192	41.4410171886037
2007.164	41.4410171886037
2007.192	41.5195039635821
2007.173	41.5195039635821
2007.192	41.5195039635821
2007.164	41.5195039635821
2007.189	41.5195039635821
2007.156	41.676477513539
2007.079	41.7549642885174
2006.274	41.5979907385606
2007.085	41.9119378384742
2007.058	41.3625304136253
2007.153	41.3625304136253
2007.107	41.3625304136253
2007.101	41.2840436386469
2007.096	41.2840436386469
2007.096	41.3034943070279
2007.096	41.3625304136253
2007.104	41.3625304136253
2007.101	41.3625304136253
2006.967	41.3625304136253
2007.173	41.4410171886037
2007.156	41.4410171886037
2007.077	41.3625304136253
2007.077	41.4410171886037
2007.077	41.4410171886037
2007.099	41.4410171886037
2007.142	41.4410171886037
2007.153	41.4410171886037
2007.049	41.4410171886037
2007.077	41.4410171886037
2007.137	41.5195039635821
2007.173	41.5195039635821
2007.134	41.4410171886037
2007.173	41.5195039635821
2007.123	41.4410171886037
2007.068	41.5195039635821
2007.068	41.4410171886037
2007.123	41.3625304136253
2007.121	41.5195039635821
2007.068	41.3625304136253
2007.101	41.4410171886037
2007.099	41.4703110273327
2007.058	41.4410171886037
2007.123	41.3625304136253
2007.096	41.4410171886037
2007.068	41.5979907385606
2007.121	41.5979907385606
2007.115	41.6961130742049
2007.162	41.676477513539
2007.027	41.676477513539
2007.162	41.676477513539
2007.153	41.676477513539
2007.173	41.676477513539
2007.178	41.676477513539
2003.729	41.5195039635821
2005.266	41.9119378384742
2005.449	41.9904246134526
2006.2	41.9904246134526
2006.321	41.9119378384742
2006.271	41.7549642885174
2006	41.676477513539
2005	41.921808761187
2005.033	41.7549642885174
2005.055	41.7549642885174
2003.688	41.8334510634958
2003.589	41.8334510634958
2005	41.676477513539
2004	41.8433035013346
2005.6	41.7549642885174
2005.69	41.7647982414822
2005.663	41.7549642885174
2005.611	41.676477513539
2003.03	41.3625304136253
2003.17	41.6372063791343
2008.027	42.1990850291844
2008.008	42.3568386180786
2008.481	42.61831881328
2008.44	42.5398320383015
2008.437	42.4613452633231
2008.437	42.3828584883447
2007	42.4613452633231
2008.469	42.4613452633231
2008.478	42.5398320383015
2007.995	42.5934690014198
2008.122	42.4613452633231
2008.434	42.5398320383015
2007.981	42.4613452633231
2008.036	42.4613452633231
2007.962	42.5398320383015
2007.945	42.61831881328
2007.849	42.4613452633231
2008.016	42.4913603518693
2008.123	42.5398320383015
2008.484	42.5398320383015
2008.497	42.4613452633231
2008.12	42.3043717133663
2008.077	42.3043717133663
2008.074	42.1473981634095
2008.94	42.2258849383879
2008.123	42.3043717133663
2008.108	42.2258849383879
2008.623	41.9904246134526
2008.88	42.2258849383879
2008.847	42.3828584883447
2008.861	42.177191328935
2008.842	42.2258849383879
2008.833	42.2258849383879
2008.776	42.177191328935
2008.776	42.1473981634095
2008.814	42.2258849383879
2008.828	42.2258849383879
2008.839	42.1473981634095
2008.6	42.3043717133663
2008.063	42.3828584883447
2008.016	42.6723457958669
2007.868	42.3043717133663
2008.055	42.4613452633231
2008.333	41.9904246134526
2008.041	42.3828584883447
2008.896	42.4613452633231
2008.915	42.7752923632368
2008.825	42.6968055882584
2009.033	42.3043717133663
2007.948	42.6723457958669
2008.038	42.5934690014198
2008.117	42.2867942357666
2007.997	42.6723457958669
2008.041	42.6723457958669
2008.137	42.2258849383879
2009.023	42.2258849383879
2009.088	42.2258849383879
2008.112	42.2258849383879
2008.921	42.3043717133663
2008.858	42.2258849383879
2008.801	42.3043717133663
2008.148	42.3828584883447
2008.533	42.61831881328
2008.16	42.4613452633231
2008.342	42.3828584883447
2008.036	42.5934690014198
2007.863	42.6723457958669
2008.71	42.3043717133663
2008.022	42.5398320383015
2007	42.2258849383879
2008.437	42.61831881328
2008.444	42.61831881328
2008.984	42.5145922069727
2008.137	42.61831881328
2007	42.5464610517991
2008.085	42.7752923632368
2008.538	42.5398320383015
2008.828	42.4613452633231
2008.839	42.5398320383015
2008.885	42.4613452633231
2008.866	42.4613452633231
2008.899	42.3043717133663
2008.885	42.3828584883447
2008.883	42.3828584883447
2008.861	42.4613452633231
2008.85	42.3828584883447
2008	42.4613452633231
2008.844	42.3828584883447
2008.56	42.3043717133663
2008.563	42.4613452633231
2008.555	42.3828584883447
2008.022	42.5934690014198
2008.71	42.3828584883447
2007.992	42.5934690014198
2008	42.2867942357666
2009.016	42.3043717133663
2008.989	42.2944130571249
2008.984	42.2944130571249
2009.14	41.9805398618958
2009	42.0590081607031
2009.233	42.2159447583176
2007	42.0689113884311
2009.118	42.3043717133663
2009.134	42.3828584883447
2009.323	42.4613452633231
2009.162	42.2258849383879
2009.121	42.2258849383879
2009.323	42.2258849383879
2009.323	42.2258849383879
2009.023	42.3828584883447
2007	42.0689113884311
2007	42.2258849383879
2007	42.1473981634095
2009.052	42.3728813559322
2009.036	42.0590081607031
2008.489	42.1374764595104
2009.085	42.0590081607031
2008.634	41.8236032642812
2009.414	42.3728813559322
2008.959	42.61831881328
2008.191	42.61831881328
2009.129	42.4613452633231
2009.014	42.4613452633231
2009.321	42.0689113884311
2009.326	42.0689113884311
2009	42.4613452633231
2009.325	42.4028268551237
2009.707	42.2944130571249
2009.321	42.61831881328
2009.323	42.61831881328
2009.323	42.61831881328
2009.319	42.3828584883447
2009.319	42.3828584883447
2009.315	42.3043717133663
2009.318	42.3828584883447
2009.326	42.3828584883447
2009.323	42.3828584883447
2009.323	42.3828584883447
2009.323	42.3828584883447
2009.318	42.3828584883447
2009	42.4613452633231
2009.323	42.4613452633231
2008.934	42.2258849383879
2008.934	42.3043717133663
2009.325	42.3043717133663
2009.348	42.3043717133663
2009.348	42.3043717133663
2009.353	42.3043717133663
2009.332	42.3043717133663
2009.323	42.3043717133663
2009.318	42.3043717133663
2009.322	42.3043717133663
2009.329	42.3828584883447
2009.326	42.2258849383879
2009.323	42.3043717133663
2009.373	42.1473981634095
2009.205	42.3043717133663
2009	42.4513496547395
2009.162	42.0590081607031
2009.312	42.28562445964
2009.162	42.2944130571249
2009.625	42.3869287236562
2009.575	42.4613452633231
2008	42.4228140466651
2009.315	42.3828584883447
2009.322	42.3828584883447
2009.323	42.3828584883447
2009.323	42.3828584883447
2009.162	42.3728813559322
2009	42.2258849383879
2007	42.4613452633231
2008.937	41.9020715630885
2007	42.0689113884311
2008.672	42.0590081607031
2009.112	42.3043717133663
2009.086	42.2258849383879
2009.462	42.4613452633231
2009.473	42.3043717133663
2009.323	42.3828584883447
2009.186	42.0689113884311
2008.842	42.4028268551237
2009.537	42.1810699588477
2009.43	42.2258849383879
2009.163	42.3828584883447
2009.041	42.2779618236315
2009.808	42.0327713132273
2009.67	42.1473981634095
2009.538	42.1473981634095
2008.975	42.2779618236315
2009.153	42.2779618236315
2009.323	42.4613452633231
2009.007	42.1473981634095
2009.527	42.1473981634095
2009.077	42.3828584883447
2008.844	42.6723457958669
2009.5	42.0689113884311
2009.499	42.2258849383879
2009.522	42.1473981634095
2009.456	42.3043717133663
2009.573	42.1473981634095
2008.877	42.1473981634095
2008.861	42.3043717133663
2008.992	42.3828584883447
2009.041	42.3828584883447
2009.329	42.2258849383879
2009.323	42.3828584883447
2009.323	42.3828584883447
2009.318	42.3828584883447
2009.318	42.3828584883447
2009.337	42.4613452633231
2009.326	42.4613452633231
2009.323	42.4613452633231
2009.321	42.4613452633231
2009.323	42.3828584883447
2009	42.4613452633231
2008.943	42.3043717133663
2009.318	42.2258849383879
2009.34	42.3043717133663
2009.326	42.2258849383879
2009.323	42.2258849383879
2009.326	42.1473981634095
2009.049	42.0689113884311
2008.997	42.2258849383879
2009.033	42.4428200896015
2009.085	42.2159447583176
2008.713	42.3043717133663
2009.162	41.8334510634958
2009.126	41.8334510634958
2008.79	42.0689113884311
2009.068	42.0689113884311
2009.326	42.1473981634095
2009.036	42.2258849383879
2009.118	42.1473981634095
2009.326	42.1473981634095
2009.132	42.2258849383879
2009.352	42.0689113884311
2009.319	41.8236032642812
2009.345	42.1473981634095
2009.332	42.0689113884311
2009.323	42.0689113884311
2009.321	41.9119378384742
2009.318	42.0689113884311
2009.314	42.1473981634095
2009	42.1374764595104
2008.117	42.2258849383879
2009.086	42.3043717133663
2009.025	42.4613452633231
2009.011	42.4613452633231
2009.323	42.1473981634095
2009.323	42.5398320383015
2009.121	42.3043717133663
2009.318	42.3828584883447
2009.315	42.3828584883447
2009.321	42.4613452633231
2009.326	42.4613452633231
2009.326	42.5398320383015
2009.319	42.4613452633231
2009.319	42.4613452633231
2009.326	42.4613452633231
2009.329	42.4613452633231
2009.323	42.61831881328
2009.323	42.4613452633231
2009.323	42.4613452633231
2009.321	42.4613452633231
2009.318	42.4613452633231
2009.118	42.3043717133663
2009.167	42.3043717133663
2009.099	42.3828584883447
2009.052	42.4613452633231
2009.318	42.3043717133663
2009.323	42.2258849383879
2009.326	42.2258849383879
2009.323	42.3828584883447
2009	42.2944130571249
2009	42.1374764595104
2009.162	42.2159447583176
2009.247	42.3728813559322
2009.163	42.3942111058675
2009.163	42.2258849383879
2009.086	42.3828584883447
2009.163	42.2258849383879
2009.137	42.3828584883447
2009.137	42.3828584883447
2009.163	42.3043717133663
2009.137	42.3043717133663
2009.438	42.0689113884311
2009.085	42.1374764595104
2009.148	42.3043717133663
2009.319	42.3043717133663
2009.548	42.3828584883447
2009.326	41.7549642885174
2009.326	41.7549642885174
2009.321	41.7549642885174
2009.323	41.7549642885174
2009.318	41.7549642885174
2009.321	41.7549642885174
2009.318	41.9904246134526
2008.653	42.4613452633231
2008.657	42.4613452633231
2008.802	42.4613452633231
2008.762	42.4613452633231
2008.6	42.4613452633231
2009.153	42.4613452633231
2009.11	42.3043717133663
2009.167	42.7752923632368
2009.145	42.3043717133663
2009.399	42.3243031016883
2009.137	42.3043717133663
2009.112	42.4613452633231
2009.156	42.3828584883447
2009.156	42.4613452633231
2009.151	42.3043717133663
2009.137	42.3828584883447
2009.112	42.3828584883447
2009.107	42.3828584883447
2009.104	42.3043717133663
2009.036	42.3828584883447
2009.142	42.3828584883447
2009.137	42.4613452633231
2009.074	42.3828584883447
2009.115	42.4613452633231
2009.363	42.4913603518693
2009.118	42.3828584883447
2009.216	42.3043717133663
2009.195	42.3043717133663
2009.186	42.2258849383879
2009.184	42.2258849383879
2009.162	42.3043717133663
2009.159	42.3828584883447
2009.323	42.3828584883447
2009.323	42.3828584883447
2009.082	42.3828584883447
2009.077	42.3828584883447
2009.077	42.3828584883447
2009.326	42.2258849383879
2009.167	42.4613452633231
2009.132	42.3828584883447
2009.14	42.4613452633231
2009.118	42.4613452633231
2009.159	42.3043717133663
2009.159	42.3043717133663
2009.167	42.3828584883447
2009.225	42.4613452633231
2009.162	42.3828584883447
2009.134	42.3043717133663
2009.184	42.4613452633231
2009.137	42.3828584883447
2009.145	42.4613452633231
2009.107	42.4613452633231
2009.195	42.4613452633231
2009.148	42.3828584883447
2009.142	42.5398320383015
2009.11	42.5398320383015
2009.162	42.5398320383015
2009.112	42.5398320383015
2009.115	42.61831881328
2009.145	42.61831881328
2009.134	42.61831881328
2009.112	42.61831881328
2009.093	42.5515241752214
2009.079	42.61831881328
2009.077	42.61831881328
2009.058	42.5398320383015
2009.118	42.4613452633231
2009.137	42.4613452633231
2009.222	42.5398320383015
2009.093	42.5398320383015
2009.137	42.61831881328
2009.156	42.4613452633231
2008.146	42.3342758404021
2007	42.3043717133663
2008.486	42.0689113884311
2008.59	42.0689113884311
2008.574	42.3828584883447
2007	42.5398320383015
2006	42.4713455801539
2004	42.5398320383015
2007.395	42.3043717133663
2007.364	42.3828584883447
2007.351	42.4613452633231
2007.351	42.4613452633231
2007.395	42.3828584883447
2007.375	42.4613452633231
2008.82	42.3828584883447
2008.762	42.4613452633231
2008	42.7471318560427
2008	42.7471318560427
2008.781	42.6968055882584
2007.971	42.5398320383015
2008	42.7471318560427
2008	42.5899732830426
2007.499	42.6968055882584
2007.364	42.3828584883447
2007.556	42.3828584883447
2007.354	42.3828584883447
2007.351	42.4613452633231
2007.107	42.5398320383015
2007.088	42.5398320383015
2007.088	42.5398320383015
2007.386	42.4613452633231
2007.444	42.3828584883447
2008.016	41.9119378384742
2008.139	42.1473981634095
2008.011	42.0689113884311
2008.183	42.0689113884311
2008.954	42.0689113884311
2008.861	42.1473981634095
2008.5	42.1473981634095
2008.858	41.9904246134526
2008.536	42.1473981634095
2008.746	41.9119378384742
2008.746	41.9119378384742
2008.678	42.1473981634095
2008.648	42.2258849383879
2008.522	42.0689113884311
2008.055	42.0689113884311
2007.211	42.2258849383879
2007.058	42.0689113884311
2006.504	42.61831881328
2006.392	42.4613452633231
2006	42.1473981634095
2004	42.5398320383015
2006	42.3828584883447
2006	42.3828584883447
2005.573	42.1473981634095
2005.605	42.3828584883447
2006.334	42.61831881328
2005.989	42.4613452633231
2006.816	42.1573245407442
2006	42.4513496547395
2007.011	42.3828584883447
2006.759	42.3043717133663
2006.545	42.1473981634095
2006.57	41.8334510634958
2006.564	42.0689113884311
2006.584	41.9904246134526
2006.447	41.9904246134526
2006.384	42.0689113884311
2006.463	41.9904246134526
2006.033	42.1473981634095
2007.101	42.2258849383879
2007.126	42.2258849383879
2008.716	42.3043717133663
2006.008	42.4613452633231
2006	42.2258849383879
2006	42.3828584883447
2006.121	42.2258849383879
2006.493	42.3828584883447
2004.809	42.7752923632368
2001	42.3043717133663
2004.697	42.5398320383015
2005.929	42.0689113884311
2005.912	42.0689113884311
2006.921	42.0689113884311
2006.225	42.4613452633231
2006.244	42.4613452633231
2007.789	42.5398320383015
2007.767	42.5398320383015
2007.104	42.3828584883447
2007.047	42.61831881328
2007.137	42.6968055882584
2007.14	42.4613452633231
2007.162	42.4613452633231
2007.162	42.5398320383015
2008.096	42.4613452633231
2007.863	42.3043717133663
2007	42.5398320383015
2007	42.5398320383015
2007	42.5398320383015
2007	42.5398320383015
2007	42.5398320383015
2007	42.5398320383015
2007	42.5398320383015
2007	42.5398320383015
2007	42.5398320383015
2007	42.5398320383015
2007	42.5398320383015
2007	42.5398320383015
2007	42.5398320383015
2007	42.5398320383015
2007	42.5398320383015
2007	42.5398320383015
2007	42.5398320383015
2007	42.5398320383015
2007	42.5398320383015
2007	42.5398320383015
2007	42.5398320383015
2007	42.5398320383015
2007	42.5398320383015
2007	42.5398320383015
2007	42.5398320383015
2007	42.5398320383015
2007	42.5398320383015
2007	42.5398320383015
2007	42.5398320383015
2007	42.5398320383015
2007	42.5398320383015
2008.79	42.3828584883447
2007.658	42.5398320383015
2008.138	42.61831881328
2007.959	42.5934690014198
2007	42.5398320383015
2007	42.5398320383015
2007	42.5398320383015
2008.005	42.4913603518693
2008.116	42.9322659131936
2008.092	42.9322659131936
2008.169	42.8537791382152
2008.094	42.8537791382152
2008.137	42.8537791382152
2008.085	42.6968055882584
2008.074	42.6968055882584
2007.925	42.9322659131936
2007	42.7752923632368
2007.718	42.61831881328
2008.022	42.6723457958669
2008.003	42.7512225903139
2008.074	42.5398320383015
2007.51	42.5840793612388
2008.066	42.5799355801713
2008.131	42.5398320383015
2007.748	42.4613452633231
2007.929	42.3828584883447
2007.923	42.3828584883447
2007.795	42.61831881328
2007.997	42.3828584883447
2008.026	42.4913603518693
2008.027	42.5145922069727
2008.563	42.61831881328
2008.486	42.5398320383015
2008.437	42.5398320383015
2008.434	42.61831881328
2008.443	42.4813506085591
2008.499	42.6383981154299
2008.434	42.61831881328
2007	42.3043717133663
2007	42.4613452633231
2007	42.61831881328
2007.806	42.5934690014198
2007.638	42.3828584883447
2007.827	42.3828584883447
2009.023	42.3043717133663
2009.163	42.1473981634095
