1918	45.2134171223374
1933.025	42.8064643279464
1933.414	42.7276310603075
1932	42.7411087453671
1932	42.5011827787415
1933	42.5011827787415
1933	42.42233086264
1935	42.6771653543307
1945	42.4094871593497
1948	42.6925505050505
1943	42.4795468848332
1943	42.3309510720176
1947	42.4247176913425
1947	42.4864780120718
1954	42.3297013404405
1954	42.3297013404405
1954	42.3297013404405
1951	42.4180649208092
1951	42.3297013404405
1951	42.4080896762562
1951	42.4213910452443
1951	42.5648663478874
1957	41.0915934755332
1957	41.085149756939
1957	41.4771836286655
1953	42.6157237325496
1954	41.9542032622334
1950	41.9377596613624
1950	41.9377596613624
1946	42.4964716951545
1939	42.4964716951545
1940	42.4964716951545
1946	42.6525282899422
1948	42.4405279380384
1942	42.9727394139367
1942	42.8807036833425
1934	42.8064643279464
1935	42.8064643279464
1946	42.7411087453671
1946	42.7276310603075
1935	42.4161495562014
1936	41.8663105804729
1934	42.1658259773014
1934	42.4022698612863
1934	42.2446406052963
1934	42.2446406052963
1993	42.2424623115578
1995.578	42.0069095477387
1996	42.0069095477387
1991	42.4780150753769
2014.871	42.2424623115578
2014.83	42.2424623115578
2014.83	42.3209798994975
2014.964	42.2424623115578
2014.964	42.2424623115578
2014.964	42.2424623115578
2014.964	42.2424623115578
2014.964	42.2424623115578
2014.964	42.3209798994975
2014.964	42.3209798994975
2014.964	42.3209798994975
2014.964	42.3209798994975
2014.964	42.3209798994975
2014.926	42.2424623115578
2014.926	42.2424623115578
2014.926	42.2424623115578
2014.926	42.2424623115578
2014.926	42.2424623115578
2014.926	42.3209798994975
2014.926	42.3209798994975
2014.926	42.3209798994975
2014.926	42.3209798994975
2014.926	42.3209798994975
2014.871	42.2424623115578
2014.871	42.2424623115578
2014.871	42.2424623115578
2014.871	42.3209798994975
2014.871	42.3209798994975
2014.871	42.3209798994975
2014.871	42.3209798994975
2014.871	42.3209798994975
2014.83	42.3209798994975
2014.83	42.3209798994975
2014.83	42.3209798994975
2014.83	42.3209798994975
2014.83	42.3209798994975
2014.83	42.3209798994975
2014.83	42.3209798994975
2014.83	42.2424623115578
2014.8	42.3209798994975
2014.8	42.3209798994975
2014.8	42.3209798994975
2014.8	42.3209798994975
2014.8	42.3209798994975
2014.8	42.3209798994975
2014.8	42.3209798994975
2014.8	42.3209798994975
2014.8	42.2424623115578
2014.8	42.3209798994975
2014	42.3209798994975
2014.871	42.2424623115578
1986	42.4080896762562
1987	42.2513130046249
1986	42.2513130046249
1987	42.016147997178
1987	41.9377596613624
1986	42.1795374362995
1986	42.4080896762562
1989.003	42.2513130046249
1987	42.4147393179145
1986	42.5715405723246
1986	42.820170966983
1980	42.1729246688093
1980	42.1729246688093
1981	41.9377596613624
1983	41.3106529748373
1983	41.389041310653
1983	40.9187112957592
1982	40.9970996315748
1982	41.0067429825937
1983	40.9970996315748
1980	41.7809829897311
1978	41.9377596613624
1978	41.8593713255468
1978	41.7809829897311
1978	42.016147997178
1977	42.016147997178
1978	42.4080896762562
1977	42.2513130046249
1978	41.9377596613624
1978	42.1729246688093
1978	42.0945363329936
1978	42.1729246688093
1978	41.9377596613624
1977	42.1729246688093
1977	42.0945363329936
1977	42.1729246688093
1977	42.2513130046249
1978	42.016147997178
1977	42.2711944161242
1951	42.0862177470107
1949	42.4080896762562
1949	42.4080896762562
1948	42.2513130046249
1950	42.1729246688093
1983	42.016147997178
1983	41.6307330458644
1983	41.6242063180999
1983	41.7809829897311
1983	41.8593713255468
1983	41.7809829897311
1983	41.7809829897311
1983	41.7809829897311
1983	41.7025946539155
1983	41.7025946539155
1983	41.7025946539155
1983	41.7025946539155
1983	41.6242063180999
1983	41.6242063180999
1983	41.6242063180999
1983	41.6242063180999
1983	41.6339971773561
1983	41.7025946539155
1983	41.6242063180999
1983	41.7025946539155
1983	41.7025946539155
1983	41.7091336730694
1983	41.6242063180999
1983	41.6242063180999
1983	41.5458179822842
1983	41.6242063180999
1983	41.7025946539155
1983	41.7025946539155
1983	41.7025946539155
1983	41.6242063180999
1983	41.7025946539155
1983	41.6242063180999
1983	41.7025946539155
1983	41.6242063180999
1983	41.7025946539155
1983	41.7025946539155
1983	41.7025946539155
1983	41.7025946539155
1983	41.7025946539155
1983	41.7809829897311
1983	41.8170406402009
1983	41.7025946539155
1983	41.7025946539155
1983	41.7809829897311
1983	41.7809829897311
1982	41.7025946539155
1984	41.565367422163
1984	41.8593713255468
1989.005	42.6499411995296
1991.551	42.4846866656196
1996	42.0920370661222
1995	42.3994974874372
1995.964	42.3994974874372
1995.942	42.4780150753769
1996	42.4780150753769
1996.019	42.1738788973533
1996	42.2424623115578
1996.003	42.3209798994975
1995.953	42.1639447236181
1995.929	42.3994974874372
1995.874	42.2424623115578
1995.907	42.2934551468851
1996	42.0854271356784
1996	42.2424623115578
1996	42.3994974874372
1996	42.3209798994975
1995.948	42.1639447236181
1995.871	42.3209798994975
1995.332	42.2424623115578
1996.003	42.0854271356784
1995.934	42.2424623115578
1995.945	42.2424623115578
1995.962	42.1639447236181
1995.918	42.2424623115578
1995.986	42.3209798994975
1995.989	42.4094871593497
1996.104	42.1639447236181
1995.953	42.4780150753769
1995	42.4061567457201
1996	42.1639447236181
1996	42.1639447236181
1996	42.5565326633166
1995.923	42.3209798994975
1996	42.3994974874372
1996	42.3276268258206
1995.975	42.3209798994975
1995	42.7920854271357
1995.986	42.4780150753769
1995.942	42.5565326633166
1995.912	42.713567839196
1995.951	42.6350502512563
1998	42.6350502512563
2000	42.6350502512563
2000	42.5565326633166
2000	42.6350502512563
2000	42.6350502512563
2000	42.4846866656196
2000	42.5565326633166
2000	42.4780150753769
2000	42.5565326633166
2000	42.5565326633166
2000	42.5565326633166
2000	42.4780150753769
2000.279	42.6350502512563
2001.022	42.4094871593497
2000	42.6350502512563
2000	42.5565326633166
2000	42.713567839196
2000	42.6350502512563
2000	42.713567839196
2000	42.5565326633166
1992	42.2424623115578
2001.022	41.938270635357
2001.584	41.6241262860284
2001.518	41.7026623733606
2001.353	41.7026623733606
2001.058	41.938270635357
2002.926	41.4670541113642
2003.937	41.6241262860284
2003.937	41.6241262860284
2003.811	41.6241262860284
2003.723	41.6241262860284
2003.696	41.6241262860284
2003.515	41.6241262860284
2003.068	41.6241262860284
2003.973	41.6241262860284
2003.964	41.6241262860284
2003.923	41.6241262860284
2003.819	41.6241262860284
2003.789	41.6241262860284
2003.773	41.6241262860284
2003.715	41.6241262860284
2003	41.6241262860284
2003	41.6241262860284
2003	41.6241262860284
2003	41.6241262860284
2001	41.5455901986963
2002.97	41.4866032843561
2003.153	41.8107513360578
2001	41.938270635357
2000	41.8597345480248
2000.112	41.8597345480248
2000	41.6241262860284
2000.68	41.6306653051606
2000.587	41.7026623733606
2000.828	41.6306653051606
2000.623	41.7811984606927
2000.68	41.7026623733606
2000.669	41.7092137302647
2000.639	41.7026623733606
2000.642	41.7026623733606
2000.68	41.6241262860284
2000.653	41.722322621199
2000.626	41.7026623733606
2000.62	41.7026623733606
2000.56	41.7026623733606
2000.678	41.6241262860284
2000.549	41.7026623733606
2000.631	41.7124901806756
2000.713	41.7026623733606
2000.806	41.5455901986963
2000.56	41.7811984606927
2000.467	41.7943279126404
2000.648	41.7811984606927
2000.699	41.7026623733606
2000.705	41.7092137302647
2000.735	41.5455901986963
2000.464	41.7811984606927
2000.563	41.7026623733606
2000.721	41.6241262860284
2000.779	41.6241262860284
2000.76	41.5553809897879
2000.839	41.6241262860284
2000.855	41.6241262860284
2000.68	41.7026623733606
2000.735	41.5455901986963
2000.658	41.7811984606927
2000.639	41.7026623733606
2000.658	41.7811984606927
2000.658	41.6241262860284
2000.568	41.7026623733606
2000.464	41.7811984606927
2000	41.6241262860284
2000.743	41.7026623733606
2000.508	41.7811984606927
2000.719	41.6241262860284
2000.661	41.6241262860284
2000.664	41.7026623733606
2000.544	41.7811984606927
2000.675	41.7811984606927
2000.675	41.8597345480248
2000.541	41.7877621553688
2000.716	41.6241262860284
2000.623	41.8597345480248
2000.751	41.6241262860284
2000.642	41.6535680603584
2000.683	41.6404776869893
2001	42.1838177533386
2001.463	42.0953428100212
1999.997	41.7026623733606
2000	41.869217500392
2000	41.879068308368
2001	41.8597345480248
2000	41.938270635357
2001.019	42.0168067226891
2001.019	42.0168067226891
2001.019	41.9778319314519
1999	41.7026623733606
1999	41.8597345480248
1999	41.8597345480248
1999	41.7877621553688
1999	42.0168067226891
1998.071	41.7811984606927
1998	42.2524149846855
1997.997	42.2524149846855
1997.041	42.0953428100212
1997.041	42.2524149846855
1997	41.6241262860284
1995	41.6241262860284
1996	42.0168067226891
1996	41.8597345480248
1996	41.8597345480248
1996	41.8597345480248
1996	41.8597345480248
1996	41.8597345480248
1996	41.8597345480248
1996	41.7811984606927
1996	41.8597345480248
1996	41.8597345480248
1996	41.8597345480248
1996	41.8597345480248
1996	41.8597345480248
1997	41.4670541113642
1997.86	41.7811984606927
1997.822	42.0168067226891
1997.923	42.0168067226891
2000.68	41.4670541113642
2000.617	41.5455901986963
2000	41.4670541113642
2001.019	41.938270635357
2000.962	41.7910447761194
2001.038	41.5455901986963
2001.077	41.6306653051606
2001.101	41.6241262860284
2001.063	41.5749764225086
2001.09	41.938270635357
2001.06	41.8597345480248
2001	41.5521168800566
2001.156	41.6535680603584
2001.592	41.5455901986963
2001.425	41.5455901986963
2001.077	41.8502202643172
2001.074	41.879468845761
2001.066	41.879468845761
2001.058	41.8597345480248
2001.06	41.7026623733606
2000	41.5455901986963
2000	41.7910447761194
2000.964	41.388518024032
2001.06	41.4670541113642
2001.066	41.5061708985143
2001.466	41.7811984606927
2001.54	41.7811984606927
2001.479	41.7026623733606
2001.54	41.7811984606927
2001.622	41.7811984606927
2001.523	41.7811984606927
2001.499	41.7811984606927
2001.479	41.7811984606927
2001.537	41.80089573348
2001.419	41.7811984606927
2001.556	41.7026623733606
2001.542	41.6241262860284
2001.43	41.7877621553688
2001.542	41.6241262860284
2001.545	41.6241262860284
2001.523	41.7811984606927
2001.622	41.6241262860284
2001.537	41.8597345480248
2001.605	42.0168067226891
2001.427	41.7910447761194
2001.523	41.7811984606927
2001.537	41.7811984606927
2001.592	41.7811984606927
2001.529	41.6241262860284
2001.512	41.7811984606927
2001.521	41.8597345480248
2001.499	41.7811984606927
2001.499	41.7811984606927
2001.504	41.722322621199
2001.521	41.7811984606927
2001.293	41.7811984606927
2001.405	41.7811984606927
2001.389	41.7811984606927
2001.375	41.7811984606927
2001.499	41.7811984606927
2001.488	41.7811984606927
2001.679	41.7026623733606
2001.54	41.7811984606927
2001.46	41.7811984606927
2001.471	41.8597345480248
2001.425	41.7026623733606
2001.488	41.7811984606927
2001.43	41.7811984606927
2001.616	41.7092137302647
2001.521	41.7811984606927
2001.575	41.8597345480248
2001.414	41.7910447761194
2001.523	41.6241262860284
2001.49	41.6241262860284
2001.504	41.5455901986963
2001.433	41.8663105804729
2001.638	41.722322621199
2001.501	41.6241262860284
2001.468	41.7026623733606
2002.074	41.7157671458873
2002.005	41.7026623733606
2002.011	41.7026623733606
2002	41.938270635357
2001.556	41.938270635357
2001.501	41.7811984606927
2001.616	41.7026623733606
2001.507	41.7026623733606
2001.54	41.7811984606927
2001	41.5455901986963
2001.405	41.7811984606927
2001.54	41.7811984606927
2001.504	41.8597345480248
2001.479	41.7811984606927
2001	41.6241262860284
2001.567	41.7026623733606
2001.548	41.6241262860284
2001.542	41.7026623733606
2001.57	41.7811984606927
2001.518	41.7026623733606
2001.507	41.7026623733606
2001.507	41.7026623733606
2001.545	41.643749508918
2001.488	41.8597345480248
2001.115	41.6241262860284
2001.049	41.427560726358
2001.063	41.4670541113642
2001.058	41.5455901986963
2001.068	41.5455901986963
2001.159	41.6339355852317
2001.14	41.6241262860284
2001.14	42.0168067226891
2002	42.0168067226891
2000	41.7811984606927
2001	41.7026623733606
2001.03	41.7811984606927
2001.025	41.7124901806756
2001.025	41.7811984606927
2000	41.5455901986963
2001	41.388518024032
2000.68	41.8597345480248
2000	42.0168067226891
2000	41.938270635357
2002	41.7026623733606
2003.06	41.5749764225086
2003.159	41.5455901986963
2003.173	41.5455901986963
2003.052	41.6241262860284
2002.984	41.6241262860284
2003.036	41.7124901806756
2003.038	41.5455901986963
2003.055	41.388518024032
2003.058	41.6241262860284
2003.074	41.5455901986963
2003	41.6241262860284
2003.227	41.6339355852317
2003	41.4670541113642
2003.071	41.3099819366999
2003.115	41.4670541113642
2003.216	41.3294570597941
2003.036	41.6339355852317
2003.151	41.8597345480248
2003	41.6241262860284
2005	41.7811984606927
2005.603	41.7811984606927
2005.715	41.7124901806756
2005.718	41.7321596982081
2005.699	41.6241262860284
2005.679	41.7811984606927
2005.685	41.7321596982081
2005	41.7811984606927
2005.682	41.7811984606927
2005.759	41.5455901986963
2005	41.8663105804729
2005.496	41.7026623733606
2006.271	41.5749764225086
2005	41.8597345480248
2007.142	41.7811984606927
2007.118	41.6241262860284
2007.137	41.6241262860284
2007.06	41.6241262860284
2007.06	41.6241262860284
2007.077	41.7026623733606
2007.123	41.7877621553688
2007.134	41.5455901986963
2007.082	41.6241262860284
2007.123	41.6241262860284
2007.099	41.5945903443938
2007.099	41.6241262860284
2007.153	41.5455901986963
2007.115	41.7811984606927
2007.121	41.388518024032
2007.178	41.7811984606927
2007.173	41.4670541113642
2007.096	41.6241262860284
2007.047	41.7026623733606
2007.184	41.6241262860284
2007.099	41.6241262860284
2007.145	41.7026623733606
2007.079	41.7026623733606
2006.989	41.8597345480248
2007.077	41.5455901986963
2007.178	41.6241262860284
2007.181	41.6241262860284
2007.096	41.6241262860284
2007.099	41.6241262860284
2007.156	41.6241262860284
2007.153	41.6241262860284
2007.178	41.5455901986963
2007.079	41.5455901986963
2007.137	41.4177931468092
2007.107	41.388518024032
2007.153	41.5455901986963
2007.142	41.388518024032
2007.118	41.6241262860284
2007.118	41.388518024032
2007.079	41.5455901986963
2007.077	41.388518024032
2007.077	41.388518024032
2007.066	41.3099819366999
2007.077	41.3099819366999
2007.104	41.388518024032
2007.082	41.2314458493678
2007.085	41.3950200298484
2007.079	41.388518024032
2007.085	41.3099819366999
2007.153	41.388518024032
2007.145	41.6241262860284
2007.175	41.7026623733606
2007.03	41.5455901986963
2007.153	41.4735684549525
2007.134	41.5455901986963
2007.162	41.7026623733606
2007.079	41.4670541113642
2007.121	41.5749764225086
2007.178	41.388518024032
2007.118	41.4670541113642
2007.077	41.5455901986963
2006.962	41.5455901986963
2007.134	41.5455901986963
2007.115	41.6241262860284
2007.104	41.5455901986963
2007.14	41.4670541113642
2007.068	41.4670541113642
2007.077	41.6241262860284
2007.115	41.5455901986963
2007.079	41.6241262860284
2007.181	41.7811984606927
2007.041	41.2314458493678
2007.099	41.4670541113642
2007.088	41.388518024032
2007.079	41.4670541113642
2007.082	41.388518024032
2007.145	41.3950200298484
2007.118	41.4670541113642
2007.066	41.3099819366999
2007.118	41.2314458493678
2007.077	41.388518024032
2007.041	41.388518024032
2007.041	41.388518024032
2007.153	41.3099819366999
2007.115	41.388518024032
2007.159	41.388518024032
2007.085	41.4670541113642
2007.173	41.5455901986963
2007.107	41.388518024032
2007.077	41.388518024032
2007.14	41.2314458493678
2007.115	41.5455901986963
2007.011	41.388518024032
2007.008	41.4670541113642
2007.058	41.388518024032
2007.134	41.5455901986963
2007.195	41.4670541113642
2007.134	41.5455901986963
2007.175	41.5455901986963
2007.101	41.388518024032
2007.14	41.5749764225086
2007.088	41.388518024032
2006.989	41.388518024032
2007.159	41.8695993715632
2007.137	41.7026623733606
2007.153	41.4177931468092
2007.068	41.5455901986963
2007.085	41.5455901986963
2007.082	41.5455901986963
2007.079	41.4670541113642
2007.115	41.6241262860284
2007.088	41.4670541113642
2007.126	41.4670541113642
2007.118	41.6241262860284
2007.068	41.4670541113642
2007.175	41.5455901986963
2007.137	41.388518024032
2007.14	41.6241262860284
2007.145	41.3099819366999
2007.14	41.6241262860284
2007.14	41.6241262860284
2007.137	41.6241262860284
2007.153	41.6241262860284
2007.137	41.6241262860284
2007.118	41.6241262860284
2007.137	41.6241262860284
2007.126	41.5455901986963
2007.058	42.023407430681
2007.162	41.6241262860284
2007.115	41.5455901986963
2007.126	41.388518024032
2007.118	41.7026623733606
2007.107	41.7026623733606
2007.077	41.5455901986963
2007.137	41.7026623733606
2007.118	41.643749508918
2007.137	41.6241262860284
2007.121	41.4670541113642
2007.195	41.5455901986963
2007.115	41.5455901986963
2007.173	41.8597345480248
2007.06	41.6535680603584
2007.101	41.6241262860284
2007.123	41.6241262860284
2007.099	41.6241262860284
2007.118	41.6241262860284
2007.14	41.5455901986963
2007.101	41.6241262860284
2007.156	41.6241262860284
2007.099	41.6241262860284
2007.085	41.6241262860284
2007.096	41.7976115650534
2007.068	41.7026623733606
2007.164	41.7026623733606
2007.041	41.8597345480248
2007.153	41.6241262860284
2007.079	41.7026623733606
2007.192	41.7811984606927
2007.03	41.7026623733606
2007.041	41.6241262860284
2007.047	41.6241262860284
2007.058	41.6241262860284
2007.178	41.6241262860284
2007.088	41.938270635357
2007.066	41.7811984606927
2007.134	41.7811984606927
2007.115	41.8597345480248
2007.079	41.938270635357
2007.077	41.7811984606927
2007.079	41.7026623733606
2007.126	41.7811984606927
2007.079	41.7811984606927
2007.159	41.7811984606927
2007.134	41.7026623733606
2007.195	41.8107513360578
2007.096	41.7811984606927
2007.173	41.7877621553688
2007.063	41.7811984606927
2007.038	41.7811984606927
2007.096	41.7811984606927
2007.06	41.7811984606927
2006.962	41.7811984606927
2007.077	41.7026623733606
2007.173	41.6241262860284
2007.063	41.7811984606927
2007.06	41.7811984606927
2007.03	41.7811984606927
2006.929	41.7811984606927
2007.107	41.7811984606927
2007.104	41.7811984606927
2007.099	41.8403460479748
2007.063	41.7943279126404
2007.142	41.6241262860284
2007.079	41.5455901986963
2007.142	41.5455901986963
2007.162	41.6241262860284
2007.082	41.4670541113642
2007.115	41.4670541113642
2007.192	41.7811984606927
2007.162	41.5455901986963
2007.058	41.4670541113642
2007.077	41.6241262860284
2007.159	41.7026623733606
2007.096	41.6241262860284
2007.118	41.7026623733606
2007.066	41.6241262860284
2007.115	41.6241262860284
2007.175	41.5455901986963
2007.121	41.5749764225086
2007.178	41.4670541113642
2007.121	41.7811984606927
2007.06	41.5749764225086
2007.134	41.5455901986963
2007.115	41.7026623733606
2007.115	41.7026623733606
2007.115	41.7026623733606
2007.027	41.6241262860284
2007.137	41.7026623733606
2007.156	41.5455901986963
2007.115	41.8597345480248
2007.173	41.6241262860284
2007.181	41.7811984606927
2007.082	41.5455901986963
2007.118	41.5455901986963
2007.063	41.388518024032
2007.079	41.388518024032
2007.126	41.5455901986963
2007.126	41.5455901986963
2007.014	41.3099819366999
2007.156	41.5651763966371
2007.173	41.4670541113642
2007.096	41.5455901986963
2007.068	41.4670541113642
2007.162	41.388518024032
2007.099	41.5455901986963
2007.14	41.4670541113642
2007.066	41.388518024032
2007.079	41.4670541113642
2007.115	41.5455901986963
2007.063	41.4670541113642
2007.099	41.5455901986963
2007.099	41.4670541113642
2007.123	41.4670541113642
2007.104	41.4670541113642
2007.096	41.5455901986963
2007.096	41.5455901986963
2007.2	41.5455901986963
2007.068	41.7026623733606
2007.058	41.7026623733606
2007.181	41.7026623733606
2007.058	41.7026623733606
2007.195	41.7811984606927
2007.156	41.7026623733606
2007.126	41.7026623733606
2007.192	41.4735684549525
2007.164	41.4670541113642
2007.192	41.5455901986963
2007.173	41.5455901986963
2007.192	41.5455901986963
2007.164	41.5455901986963
2007.189	41.5455901986963
2007.156	41.7026623733606
2007.079	41.7811984606927
2006.274	41.6241262860284
2007.085	41.938270635357
2007.058	41.388518024032
2007.153	41.388518024032
2007.107	41.388518024032
2007.101	41.3099819366999
2007.096	41.3099819366999
2007.096	41.3294570597941
2007.096	41.3950200298484
2007.104	41.388518024032
2007.101	41.388518024032
2006.967	41.388518024032
2007.173	41.4670541113642
2007.156	41.4670541113642
2007.077	41.388518024032
2007.077	41.4670541113642
2007.077	41.4670541113642
2007.099	41.4670541113642
2007.142	41.4670541113642
2007.153	41.4670541113642
2007.049	41.4670541113642
2007.077	41.4670541113642
2007.137	41.5455901986963
2007.173	41.5455901986963
2007.134	41.4670541113642
2007.173	41.5455901986963
2007.123	41.4670541113642
2007.068	41.5455901986963
2007.068	41.4670541113642
2007.123	41.388518024032
2007.121	41.5455901986963
2007.068	41.388518024032
2007.101	41.4670541113642
2007.099	41.4963847846589
2007.058	41.4670541113642
2007.123	41.388518024032
2007.096	41.4670541113642
2007.068	41.6241262860284
2007.121	41.6241262860284
2007.115	41.722322621199
2007.162	41.7026623733606
2007.027	41.7026623733606
2007.162	41.7026623733606
2007.153	41.7026623733606
2007.173	41.7026623733606
2007.178	41.7026623733606
2003.729	41.5455901986963
2005.266	41.938270635357
2005.449	42.0168067226891
2006.2	42.0168067226891
2006.321	41.938270635357
2006.271	41.7811984606927
2006	41.7026623733606
2005	41.9481539670071
2005.033	41.7811984606927
2005.055	41.7811984606927
2003.688	41.8597345480248
2003.589	41.8597345480248
2005	41.7026623733606
2004	41.8695993715632
2010.112	41.8663105804729
2010.112	41.8597345480248
2005.6	41.7811984606927
2005.69	41.7910447761194
2005.663	41.7811984606927
2005.611	41.7026623733606
2003.03	41.388518024032
2003.17	41.6633912428268
2008.027	42.2257300710339
2008.008	42.3835832675612
2008.481	42.6450954213461
2008.44	42.566559334014
2008.437	42.4880232466818
2008.437	42.4161495562014
2007	42.4880232466818
2008.469	42.4880232466818
2008.478	42.566559334014
2007.995	42.620363062352
2008.122	42.4880232466818
2008.434	42.566559334014
2007.981	42.4880232466818
2008.036	42.4880232466818
2007.962	42.5732464064096
2007.945	42.6450954213461
2007.849	42.4880232466818
2008.016	42.5314465408805
2008.123	42.566559334014
2008.484	42.566559334014
2008.497	42.4880232466818
2008.12	42.3309510720176
2008.077	42.3309510720176
2008.074	42.1738788973533
2008.94	42.2524149846855
2008.123	42.3309510720176
2008.108	42.2524149846855
2008.623	42.0168067226891
2008.88	42.2524149846855
2008.847	42.4094871593497
2008.861	42.2037095253065
2008.842	42.2524149846855
2008.833	42.2524149846855
2008.776	42.2037095253065
2008.776	42.1738788973533
2008.814	42.2524149846855
2008.828	42.2524149846855
2008.839	42.1738788973533
2008.6	42.3309510720176
2008.063	42.4094871593497
2008.016	42.6992896606156
2007.868	42.3309510720176
2008.055	42.5013748134182
2008.333	42.0168067226891
2008.041	42.4094871593497
2008.896	42.4880232466818
2008.915	42.8021675960104
2008.825	42.7236315086782
2009.033	42.3309510720176
2007.948	42.6992896606156
2008.038	42.620363062352
2008.117	42.3134504767158
2007.997	42.6992896606156
2008.041	42.6992896606156
2008.137	42.2524149846855
2009.023	42.2524149846855
2009.088	42.2524149846855
2008.112	42.2524149846855
2008.921	42.3309510720176
2008.858	42.2524149846855
2008.801	42.3309510720176
2008.148	42.4094871593497
2008.533	42.6450954213461
2008.16	42.5080537440088
2008.342	42.4094871593497
2008.036	42.620363062352
2007.863	42.6992896606156
2008.71	42.3309510720176
2008.022	42.566559334014
2007	42.2524149846855
2008.437	42.6450954213461
2008.444	42.6450954213461
2008.984	42.5414364640884
2008.137	42.6450954213461
2007	42.5801345468935
2008.085	42.8021675960104
2008.538	42.566559334014
2008.828	42.4880232466818
2008.839	42.566559334014
2008.885	42.4880232466818
2008.866	42.4880232466818
2008.899	42.3309510720176
2008.885	42.4094871593497
2008.883	42.4094871593497
2008.861	42.4880232466818
2008.85	42.4094871593497
2008	42.4880232466818
2008.844	42.4094871593497
2008.56	42.3309510720176
2008.563	42.4880232466818
2008.555	42.4094871593497
2008.022	42.620363062352
2008.71	42.4094871593497
2007.992	42.620363062352
2008	42.3134504767158
2009.016	42.3309510720176
2008.989	42.3209798994975
2008.984	42.3209798994975
2009.14	42.0069095477387
2009	42.0854271356784
2009.233	42.2424623115578
2007	42.0953428100212
2009.118	42.3309510720176
2009.134	42.4094871593497
2009.323	42.4880232466818
2009.162	42.2524149846855
2009.121	42.2524149846855
2009.323	42.2656925131589
2009.323	42.2524149846855
2009.023	42.4094871593497
2007	42.0953428100212
2007	42.2524149846855
2007	42.1738788973533
2009.052	42.3994974874372
2009.036	42.0854271356784
2008.489	42.1639447236181
2009.085	42.0854271356784
2008.634	41.8498743718593
2009.414	42.3994974874372
2008.959	42.6450954213461
2008.191	42.6450954213461
2009.129	42.4880232466818
2009.014	42.4880232466818
2009.321	42.0953428100212
2009.326	42.1019558557851
2009	42.4946979813055
2009.325	42.4294806317278
2009.707	42.3209798994975
2009.321	42.6450954213461
2009.323	42.6450954213461
2009.323	42.6450954213461
2009.319	42.4094871593497
2009.319	42.4161495562014
2009.315	42.3309510720176
2009.318	42.4161495562014
2009.326	42.4094871593497
2009.323	42.4094871593497
2009.323	42.4094871593497
2009.323	42.4094871593497
2009.318	42.4094871593497
2009	42.4880232466818
2009.323	42.4880232466818
2008.934	42.2524149846855
2008.934	42.3309510720176
2009.325	42.3309510720176
2009.348	42.3309510720176
2009.348	42.3309510720176
2009.353	42.3309510720176
2009.332	42.3309510720176
2009.323	42.3309510720176
2009.318	42.3309510720176
2009.322	42.3309510720176
2009.329	42.4094871593497
2009.326	42.2590527059932
2009.323	42.3309510720176
2009.373	42.1738788973533
2009.205	42.3309510720176
2009	42.4780150753769
2009.162	42.0854271356784
2009.312	42.3122296500197
2009.162	42.3209798994975
2009.625	42.413711397204
2009.575	42.4880232466818
2008	42.4494929643896
2009.315	42.4094871593497
2009.322	42.4094871593497
2009.323	42.4094871593497
2009.323	42.4094871593497
2009.162	42.3994974874372
2009	42.2524149846855
2007	42.4880232466818
2008.937	41.928391959799
2007	42.0953428100212
2008.672	42.0854271356784
2009.112	42.3309510720176
2009.086	42.2524149846855
2009.462	42.4880232466818
2009.473	42.3309510720176
2009.323	42.4094871593497
2009.186	42.0953428100212
2008.842	42.4294806317278
2009.537	42.2077922077922
2009.43	42.2524149846855
2009.163	42.4094871593497
2009.041	42.3046566692976
2009.808	42.066069872455
2009.67	42.1738788973533
2009.538	42.1738788973533
2008.975	42.3046566692976
2009.153	42.3046566692976
2009.323	42.4880232466818
2009.007	42.1738788973533
2009.527	42.1805042808892
2009.077	42.4094871593497
2008.844	42.6992896606156
2009.5	42.0953428100212
2009.499	42.2524149846855
2009.522	42.1738788973533
2009.456	42.3309510720176
2009.573	42.1738788973533
2008.877	42.1738788973533
2010.627	42.2590527059932
2010.104	42.2590527059932
2010.016	42.2590527059932
2008.861	42.3309510720176
2008.992	42.4094871593497
2009.041	42.4094871593497
2009.329	42.2524149846855
2009.323	42.4094871593497
2009.323	42.4094871593497
2009.318	42.4094871593497
2009.318	42.4094871593497
2009.337	42.4880232466818
2009.326	42.4880232466818
2009.323	42.4880232466818
2009.321	42.4880232466818
2009.323	42.4094871593497
2009	42.4880232466818
2008.943	42.3309510720176
2009.318	42.2524149846855
2009.34	42.3309510720176
2009.326	42.2524149846855
2009.323	42.2524149846855
2009.326	42.1738788973533
2009.049	42.0953428100212
2008.997	42.2524149846855
2009.033	42.4695241840346
2009.085	42.2424623115578
2008.713	42.3309510720176
2009.162	41.8597345480248
2009.126	41.8597345480248
2008.79	42.0953428100212
2009.068	42.1019558557851
2009.326	42.1738788973533
2009.036	42.2524149846855
2009.118	42.1738788973533
2009.326	42.1738788973533
2009.132	42.2524149846855
2009.352	42.0953428100212
2009.319	41.8498743718593
2009.345	42.1738788973533
2009.332	42.0953428100212
2009.323	42.0953428100212
2009.321	41.938270635357
2009.318	42.0953428100212
2009.314	42.1738788973533
2009	42.1639447236181
2008.117	42.2524149846855
2009.086	42.3309510720176
2009.025	42.4946979813055
2009.011	42.4946979813055
2009.323	42.1738788973533
2009.323	42.566559334014
2009.121	42.3309510720176
2009.318	42.4094871593497
2009.315	42.4094871593497
2009.321	42.4880232466818
2009.326	42.4880232466818
2009.326	42.566559334014
2009.319	42.4880232466818
2009.319	42.4880232466818
2009.326	42.4880232466818
2009.329	42.4880232466818
2009.323	42.6450954213461
2009.323	42.4880232466818
2009.323	42.4880232466818
2009.321	42.4880232466818
2009.318	42.4880232466818
2009.118	42.3309510720176
2009.167	42.3309510720176
2009.099	42.4094871593497
2009.052	42.4880232466818
2009.318	42.3309510720176
2009.323	42.2590527059932
2009.326	42.2524149846855
2009.323	42.4094871593497
2009	42.3209798994975
2009	42.1639447236181
2009.162	42.2424623115578
2009.247	42.3994974874372
2009.163	42.4209035101527
2009.163	42.2524149846855
2009.086	42.4094871593497
2009.163	42.2524149846855
2009.137	42.4094871593497
2009.137	42.4094871593497
2009.163	42.3309510720176
2009.137	42.3309510720176
2009.438	42.0953428100212
2009.085	42.1639447236181
2009.148	42.3309510720176
2009.319	42.3309510720176
2009.548	42.4094871593497
2009.326	41.7811984606927
2009.326	41.7811984606927
2009.321	41.7811984606927
2009.323	41.7811984606927
2009.318	41.7811984606927
2009.321	41.7811984606927
2009.318	42.0168067226891
2008.653	42.4880232466818
2008.657	42.4880232466818
2008.802	42.4880232466818
2008.762	42.4880232466818
2008.6	42.4880232466818
2009.153	42.4880232466818
2009.11	42.3309510720176
2009.167	42.8021675960104
2009.145	42.3309510720176
2009.399	42.3509075194468
2009.137	42.3309510720176
2009.112	42.4880232466818
2009.156	42.4094871593497
2009.156	42.4880232466818
2009.151	42.3309510720176
2009.137	42.4094871593497
2009.112	42.4094871593497
2009.107	42.4094871593497
2009.104	42.3309510720176
2009.036	42.4094871593497
2009.142	42.4094871593497
2009.137	42.4880232466818
2009.074	42.4094871593497
2009.115	42.4880232466818
2009.363	42.5180760767054
2009.118	42.4094871593497
2009.216	42.3309510720176
2009.195	42.3309510720176
2009.186	42.2524149846855
2009.184	42.2524149846855
2009.162	42.3309510720176
2009.159	42.4161495562014
2009.323	42.4094871593497
2009.323	42.4094871593497
2009.082	42.4094871593497
2009.077	42.4094871593497
2009.077	42.4094871593497
2009.326	42.2524149846855
2009.167	42.4880232466818
2009.132	42.4094871593497
2009.14	42.4880232466818
2009.118	42.4880232466818
2009.159	42.3309510720176
2009.159	42.3309510720176
2009.167	42.4094871593497
2009.225	42.4880232466818
2009.162	42.4094871593497
2009.134	42.3309510720176
2009.184	42.4880232466818
2009.137	42.4094871593497
2009.145	42.4880232466818
2009.107	42.4880232466818
2009.195	42.4880232466818
2009.148	42.4094871593497
2009.142	42.566559334014
2009.11	42.566559334014
2009.162	42.566559334014
2009.112	42.566559334014
2009.115	42.6450954213461
2009.145	42.6450954213461
2009.134	42.6450954213461
2009.112	42.6450954213461
2009.093	42.5748784694998
2009.079	42.6450954213461
2009.077	42.6450954213461
2009.058	42.566559334014
2009.118	42.4880232466818
2009.137	42.4880232466818
2009.222	42.566559334014
2009.093	42.566559334014
2009.137	42.6450954213461
2009.156	42.4880232466818
2008.146	42.360892801006
2007	42.3309510720176
2008.486	42.0953428100212
2008.59	42.0953428100212
2008.574	42.4094871593497
2007	42.566559334014
2006	42.4980361351139
2004	42.566559334014
2007.395	42.3309510720176
2007.364	42.4094871593497
2007.351	42.4880232466818
2007.351	42.4880232466818
2007.395	42.4094871593497
2007.375	42.4880232466818
2008.82	42.4094871593497
2008.762	42.4880232466818
2008	42.7740210724957
2008	42.7740210724957
2008.781	42.7236315086782
2007.971	42.566559334014
2008	42.7740210724957
2008	42.6167636420821
2007.499	42.7236315086782
2007.364	42.4094871593497
2007.556	42.4094871593497
2007.354	42.4094871593497
2007.351	42.4880232466818
2007.107	42.566559334014
2007.088	42.566559334014
2007.088	42.566559334014
2007.386	42.4880232466818
2007.444	42.4094871593497
2008.016	41.938270635357
2008.139	42.1738788973533
2008.011	42.0953428100212
2008.183	42.0953428100212
2008.954	42.0953428100212
2008.861	42.1738788973533
2008.5	42.1738788973533
2008.858	42.0168067226891
2008.536	42.1738788973533
2008.746	41.938270635357
2008.746	41.938270635357
2008.678	42.1738788973533
2008.648	42.2524149846855
2008.522	42.0953428100212
2008.055	42.0953428100212
2007.211	42.2524149846855
2007.058	42.0953428100212
2006.504	42.6450954213461
2006.392	42.4880232466818
2006	42.1738788973533
2004	42.566559334014
2006	42.4094871593497
2006	42.4094871593497
2005.573	42.1738788973533
2005.605	42.4094871593497
2006.334	42.6450954213461
2005.989	42.4880232466818
2006.816	42.1838177533386
2006	42.4780150753769
2007.011	42.4094871593497
2006.759	42.3309510720176
2006.545	42.1738788973533
2006.57	41.8597345480248
2006.564	42.0953428100212
2006.584	42.0168067226891
2006.447	42.0168067226891
2006.384	42.0953428100212
2006.463	42.0168067226891
2006.033	42.1738788973533
2007.101	42.2524149846855
2007.126	42.2524149846855
2008.716	42.3309510720176
2006.008	42.4880232466818
2006	42.2524149846855
2006	42.4094871593497
2006.121	42.2524149846855
2006.493	42.4094871593497
2004.809	42.8021675960104
2001	42.3309510720176
2004.697	42.566559334014
2005.929	42.0953428100212
2005.912	42.0953428100212
2006.921	42.0953428100212
2006.225	42.4880232466818
2006.244	42.4880232466818
2007.789	42.566559334014
2007.767	42.566559334014
2007.104	42.4094871593497
2007.047	42.6450954213461
2007.137	42.7236315086782
2007.14	42.4880232466818
2007.162	42.4880232466818
2007.162	42.566559334014
2008.096	42.4880232466818
2007.863	42.3309510720176
2007	42.566559334014
2007	42.566559334014
2007	42.566559334014
2007	42.566559334014
2007	42.566559334014
2007	42.566559334014
2007	42.566559334014
2007	42.566559334014
2007	42.566559334014
2007	42.566559334014
2007	42.566559334014
2007	42.566559334014
2007	42.566559334014
2007	42.566559334014
2007	42.566559334014
2007	42.566559334014
2007	42.566559334014
2007	42.566559334014
2007	42.566559334014
2007	42.566559334014
2007	42.566559334014
2007	42.566559334014
2007	42.566559334014
2007	42.566559334014
2007	42.566559334014
2007	42.566559334014
2007	42.566559334014
2007	42.566559334014
2007	42.566559334014
2007	42.566559334014
2007	42.566559334014
2008.79	42.4094871593497
2007.658	42.5732464064096
2008.138	42.6450954213461
2007.959	42.620363062352
2007	42.566559334014
2007	42.566559334014
2007	42.566559334014
2008.005	42.5180760767054
2008.116	42.9659885319299
2008.092	42.9592397706746
2008.169	42.8807036833425
2008.094	42.8807036833425
2008.137	42.8941786471836
2008.085	42.7236315086782
2008.074	42.7336999214454
2007.925	42.9592397706746
2007	42.8021675960104
2007.718	42.6450954213461
2008.022	42.6992896606156
2008.003	42.7782162588792
2008.074	42.5732464064096
2007.51	42.6184518524498
2008.066	42.6067133087021
2008.131	42.5732464064096
2007.748	42.4880232466818
2007.929	42.4094871593497
2007.923	42.4094871593497
2007.795	42.6450954213461
2007.997	42.4094871593497
2008.026	42.5180760767054
2008.027	42.5414364640884
2008.563	42.6450954213461
2008.486	42.566559334014
2008.437	42.5732464064096
2008.434	42.6450954213461
2008.443	42.5080537440088
2008.499	42.6651999685708
2008.434	42.6584963469243
2007	42.3309510720176
2007	42.4880232466818
2007	42.6450954213461
2007.806	42.620363062352
2007.638	42.4094871593497
2007.827	42.4094871593497
2009.023	42.3309510720176
2009.163	42.1738788973533
