1918	0.916814868073194
1933.025	0.893492565456028
1933.414	0.891771532435456
1932	0.892570019333663
1932	0.889582416906671
1933	0.890799055929215
1933	0.889792816434848
1935	0.894604450276404
1945	0.902118199182694
1948	0.899908857501237
1943	0.895478872481682
1943	0.893708471021267
1947	0.905638592155908
1947	0.906944282103077
1954	0.914874616550945
1954	0.915169832625986
1954	0.915465239285968
1951	0.910443496661389
1951	0.908763916905423
1951	0.909781189222511
1951	0.910576224405316
1951	0.914646403226312
1957	0.882196608240457
1957	0.880749699334659
1957	0.890999600163307
1953	0.907823473935444
1954	0.903858225363142
1950	0.899001625782286
1950	0.899001625782286
1946	0.907734696984832
1939	0.907814467148632
1940	0.907814467148632
1946	0.915125826302149
1948	0.89589061576227
1942	0.913244459674052
1942	0.911261572231842
1934	0.892635635246192
1935	0.892635635246192
1946	0.89295325113415
1946	0.892875915525321
1935	0.891003058469902
1936	0.88501038875652
1934	0.892370624221299
1934	0.897191043276388
1934	0.896654499919938
1934	0.896654499919938
1993	0.916165716327419
1995.578	0.915831604554806
1996	0.916358712677941
1991	0.918658824335277
2014.871	0.915050552080736
2014.83	0.914455590733479
2014.83	0.915184800187304
2014.964	0.915050552080736
2014.964	0.915128180971686
2014.964	0.915050552080736
2014.964	0.915050552080736
2014.964	0.915050552080736
2014.964	0.914809878106113
2014.964	0.914809878106113
2014.964	0.915184800187304
2014.964	0.914887565760481
2014.964	0.914809878106113
2014.926	0.915050552080736
2014.926	0.915050552080736
2014.926	0.915050552080736
2014.926	0.915050552080736
2014.926	0.915050552080736
2014.926	0.915638088784075
2014.926	0.914512765446774
2014.926	0.915184800187304
2014.926	0.915184800187304
2014.926	0.914512765446774
2014.871	0.915050552080736
2014.871	0.915425880445002
2014.871	0.914378075905316
2014.871	0.914887565760481
2014.871	0.914887565760481
2014.871	0.914887565760481
2014.871	0.914215845717733
2014.871	0.914887565760481
2014.83	0.914887565760481
2014.83	0.914887565760481
2014.83	0.914887565760481
2014.83	0.914887565760481
2014.83	0.914512765446774
2014.83	0.914887565760481
2014.83	0.914887565760481
2014.83	0.913409396900766
2014.8	0.914887565760481
2014.8	0.914887565760481
2014.8	0.914887565760481
2014.8	0.914887565760481
2014.8	0.914887565760481
2014.8	0.914887565760481
2014.8	0.914887565760481
2014.8	0.914887565760481
2014.8	0.91378374501425
2014.8	0.914887565760481
2014	0.914887565760481
2014.871	0.913486869203654
1986	0.922784700278101
1987	0.922685810914438
1986	0.922836947001402
1987	0.915532828682404
1987	0.916598820552648
1986	0.921731057973858
1986	0.924671354762764
1989.003	0.910128614800229
1987	0.921052261711344
1986	0.926273014725268
1986	0.931242403011019
1980	0.910142081008228
1980	0.910884751004971
1981	0.905087797346893
1983	0.894591172716124
1983	0.895706116089255
1983	0.887917889347999
1982	0.890058627317569
1982	0.890643219622618
1983	0.890637715559155
1980	0.900614988015136
1978	0.90457932671017
1978	0.901781591017142
1978	0.899510842136899
1978	0.903542900778133
1977	0.902959216733702
1978	0.911291480274954
1977	0.90668644543235
1978	0.901565794751426
1978	0.906035820313627
1978	0.90435173886323
1978	0.905743362011395
1978	0.901857186411009
1977	0.905958537555658
1977	0.90427459975351
1977	0.905958537555658
1977	0.906979208249732
1978	0.903405432367808
1977	0.911817762127655
1951	0.899167737037227
1949	0.908313264575713
1949	0.908234352277401
1948	0.90458568840884
1950	0.902484569242004
1983	0.909271020469094
1983	0.900145931478067
1983	0.901532202301688
1983	0.904776271456725
1983	0.906103496333461
1983	0.90551637474626
1983	0.906257689829965
1983	0.90551637474626
1983	0.903741861151565
1983	0.904035952222554
1983	0.904481420776075
1983	0.904330234759085
1983	0.90241203203718
1983	0.902999539870538
1983	0.902563581511413
1983	0.90190107799821
1983	0.90161347626666
1983	0.904263324602771
1983	0.902043098254663
1983	0.904111489724633
1983	0.904111489724633
1983	0.904111584120638
1983	0.901381238543191
1983	0.902336636522888
1983	0.901374339907365
1983	0.902705690361956
1983	0.903741861151565
1983	0.904405701078269
1983	0.904035952222554
1983	0.902705690361956
1983	0.904111489724633
1983	0.902999539870538
1983	0.903372534686035
1983	0.902705690361956
1983	0.904111489724633
1983	0.904775752510789
1983	0.905289485150984
1983	0.903666505572688
1983	0.904775752510789
1983	0.907218863774673
1983	0.905619225619612
1983	0.903372534686035
1983	0.905289485150984
1983	0.905659842034319
1983	0.900730807108314
1982	0.900433646462024
1984	0.89757617878314
1984	0.903232030564367
1989.005	0.926858007649244
1991.551	0.920231222614781
1996	0.914999481856972
1995	0.917039024105324
1995.964	0.920118568208995
1995.942	0.921382724039726
1996	0.923040441297619
1996.019	0.91651682358186
1996	0.916055618781774
1996.003	0.917064029756477
1995.953	0.91470942861038
1995.929	0.918327292605732
1995.874	0.915084970812797
1995.907	0.915417778847968
1996	0.911762703305832
1996	0.914629315545372
1996	0.918625354044423
1996	0.916389844193586
1995.948	0.915186193715722
1995.871	0.917838352118453
1995.332	0.913581751148218
1996.003	0.914588985855315
1995.934	0.916512819078209
1995.945	0.91613549803289
1995.962	0.915541156072762
1995.918	0.918299974396528
1995.986	0.919249644387031
1995.989	0.920519193849353
1996.104	0.91613643640831
1995.953	0.91963299094008
1995	0.919284370606044
1996	0.912318570641525
1996	0.912318570641525
1996	0.921632390117314
1995.923	0.915340803690314
1996	0.917634890917608
1996	0.916531199833607
1995.975	0.917064029756477
1995	0.929643861923423
1995.986	0.920167914806464
1995.942	0.922989189966872
1995.912	0.924970097025033
1995.951	0.92515097482724
1998	0.928867786303146
2000	0.924788944831
2000	0.925532584473703
2000	0.926776181068968
2000	0.926776181068968
2000	0.924970294225015
2000	0.924932368789868
2000	0.924506360015471
2000	0.925451040233028
2000	0.925832984533578
2000	0.925150764100571
2000	0.924206390398334
2000.279	0.926394162857481
2001.022	0.921358271620108
2000	0.92776076099501
2000	0.927117988132675
2000	0.927315402039284
2000	0.92577066619648
2000	0.926775503850716
2000	0.925188535652755
1992	0.916696145473231
2001.022	0.921855674225068
2001.584	0.915311799773356
2001.518	0.916676709763129
2001.353	0.917056443280015
2001.058	0.921474111446001
2002.926	0.913848609393373
2003.937	0.915110236754627
2003.937	0.915110236754627
2003.811	0.915110236754627
2003.723	0.915409390150101
2003.696	0.915409390150101
2003.515	0.915110236754627
2003.068	0.915110236754627
2003.973	0.915110236754627
2003.964	0.915409390150101
2003.923	0.915409390150101
2003.819	0.915110236754627
2003.789	0.915409390150101
2003.773	0.915110236754627
2003.715	0.915110236754627
2003	0.915110236754627
2003	0.915409390150101
2003	0.915110236754627
2003	0.915110236754627
2001	0.914041683867777
2002.97	0.914973945256728
2003.153	0.919878930215147
2001	0.920791755257798
2000	0.918489146907692
2000.112	0.918767077296034
2000	0.913516484049708
2000.68	0.915690593215066
2000.587	0.917418215168812
2000.828	0.915469885987022
2000.623	0.918085278545057
2000.68	0.916359554337265
2000.669	0.916817710129668
2000.639	0.91613856874196
2000.642	0.916359554337265
2000.68	0.915690497249473
2000.653	0.91758756093706
2000.626	0.916738528511929
2000.62	0.916438450433856
2000.56	0.916517608282193
2000.678	0.916369662053121
2000.549	0.916438450433856
2000.631	0.916522808579749
2000.713	0.916738528511929
2000.806	0.912986704857834
2000.56	0.91914593308815
2000.467	0.91786408050994
2000.648	0.91914593308815
2000.699	0.916438450433856
2000.705	0.917117912392317
2000.735	0.91442016903708
2000.464	0.917802767831324
2000.563	0.916059600309659
2000.721	0.915012090605127
2000.779	0.915848866562175
2000.76	0.915183038265261
2000.839	0.916828472183917
2000.855	0.916228257144844
2000.68	0.916817614045951
2000.735	0.913584796377558
2000.658	0.918765806564954
2000.639	0.915319546049144
2000.658	0.918765806564954
2000.658	0.914413260702898
2000.568	0.916738528511929
2000.464	0.918102801426562
2000	0.914791586421021
2000.743	0.916517608282193
2000.508	0.918863765207271
2000.719	0.914114139583925
2000.661	0.914712577645845
2000.664	0.917056443280015
2000.544	0.918703457495535
2000.675	0.918323199441936
2000.675	0.920430343693835
2000.541	0.918703553776891
2000.716	0.915091027202174
2000.623	0.919890196009878
2000.751	0.914334440987042
2000.642	0.914744455791933
2000.683	0.916075234715354
2001	0.924966330330342
2001.463	0.925067814373911
1999.997	0.918117089420739
2000	0.917509467778025
2000	0.919330797164702
2001	0.918767077296034
2000	0.922077170419461
2001.019	0.921594440461958
2001.019	0.922197775611197
2001.019	0.920970893108513
1999	0.917378556711827
1999	0.920070299360888
1999	0.920370877701091
1999	0.917583336373973
1999	0.917958573884139
1998.071	0.917326843783764
1998	0.923564785077809
1997.997	0.927593346631011
1997.041	0.921191372977752
1997.041	0.925773941570603
1997	0.913815214096814
1995	0.91180792175559
1996	0.915564159605993
1996	0.915594321292075
1996	0.915295498080166
1996	0.915295498080166
1996	0.915295498080166
1996	0.915295498080166
1996	0.914996869858932
1996	0.913876508306537
1996	0.915295498080166
1996	0.915295498080166
1996	0.915594321292075
1996	0.915594321292075
1996	0.915814586227323
1997	0.910366854798335
1997.86	0.917963506782836
1997.822	0.922375487553383
1997.923	0.921773414780829
2000.68	0.912770792023543
2000.617	0.913224066788503
2000	0.914425613018821
2001.019	0.922140617345279
2000.962	0.91951968137015
2001.038	0.916821797846108
2001.077	0.918031360749282
2001.101	0.916735056519663
2001.063	0.915652280468244
2001.09	0.924260480833429
2001.06	0.922148445361317
2001	0.917280653342348
2001.156	0.919415696431497
2001.592	0.91794912940881
2001.425	0.919695247719387
2001.077	0.922919223584541
2001.074	0.925299935491598
2001.066	0.924533641549161
2001.058	0.925048031382143
2001.06	0.919594230221852
2000	0.915606356481056
2000	0.919441880548566
2000.964	0.913799776357468
2001.06	0.9128207975969
2001.066	0.913160765990295
2001.466	0.92027296832113
2001.54	0.921258218554866
2001.479	0.920130686895657
2001.54	0.921179641196323
2001.622	0.920496533380369
2001.523	0.921482262629042
2001.499	0.921179641196323
2001.479	0.921482262629042
2001.537	0.920220435961769
2001.419	0.921179641196323
2001.556	0.919526530174124
2001.542	0.915454906373673
2001.43	0.922694835990044
2001.542	0.919158438681815
2001.545	0.918699667467184
2001.523	0.921863513048003
2001.622	0.919303876390214
2001.537	0.922686989342259
2001.605	0.925766206611397
2001.427	0.920358371537784
2001.523	0.919971140519123
2001.537	0.921258218554866
2001.592	0.921179641196323
2001.529	0.917337181351531
2001.512	0.92087721846448
2001.521	0.922148445361317
2001.499	0.92087721846448
2001.499	0.920194434091435
2001.504	0.918792139290768
2001.521	0.920574994237875
2001.293	0.92027296832113
2001.405	0.921258218554866
2001.389	0.920574994237875
2001.375	0.921560766409892
2001.499	0.920351765732411
2001.488	0.921337059630456
2001.679	0.917561337359347
2001.54	0.919971140519123
2001.46	0.920496533380369
2001.471	0.922305398362382
2001.425	0.917561337359347
2001.488	0.92087721846448
2001.43	0.921179641196323
2001.616	0.919448196876778
2001.521	0.921101327423325
2001.575	0.921845704571639
2001.414	0.920962876215313
2001.523	0.917493629177105
2001.49	0.918174723764323
2001.504	0.915606356481056
2001.433	0.922226886672667
2001.638	0.920459304966584
2001.501	0.917638540478125
2001.468	0.919146246249321
2002.074	0.920367320644984
2002.005	0.91998601196444
2002.011	0.917404912420194
2002	0.921670967373039
2001.556	0.924035802486889
2001.501	0.920653718411457
2001.616	0.919448100517383
2001.507	0.919907128903501
2001.54	0.922021165319715
2001	0.917660855948593
2001.405	0.920955869287208
2001.54	0.920194434091435
2001.504	0.922608190679638
2001.479	0.922626961091935
2001	0.91651260239687
2001.567	0.919068006222006
2001.548	0.916212106461658
2001.542	0.917862275810432
2001.57	0.918529895382169
2001.518	0.919146246249321
2001.507	0.917862275810432
2001.507	0.917561337359347
2001.545	0.916002993742665
2001.488	0.922989906935608
2001.115	0.917560783581894
2001.049	0.912939662728135
2001.063	0.913132341799068
2001.058	0.914927537933202
2001.068	0.915305763455291
2001.159	0.915384094624876
2001.14	0.915599546540489
2001.14	0.92446263660658
2002	0.927053045242582
2000	0.919368078480107
2001	0.919068006222006
2001.03	0.919384777985299
2001.025	0.919467766203052
2001.025	0.920430826457049
2000	0.912075985813763
2001	0.907955284567583
2000.68	0.917835717313443
2000	0.923360691320731
2000	0.92261974855099
2002	0.919763398999766
2003.06	0.919664159467536
2003.159	0.91487851319778
2003.173	0.91487851319778
2003.052	0.918270055379652
2002.984	0.917429474132251
2003.036	0.918722770167892
2003.038	0.918582267444281
2003.055	0.914969790582678
2003.058	0.917588694797668
2003.074	0.914499524584193
2003	0.917368317191063
2003.227	0.916233181301747
2003	0.914126095949375
2003.071	0.911181461596522
2003.115	0.914646029891566
2003.216	0.911728083810667
2003.036	0.918275108687692
2003.151	0.921556660140215
2003	0.916749111188547
2005	0.921655063749957
2005.603	0.92069046096713
2005.715	0.921918811880563
2005.718	0.919675633957325
2005.699	0.918372895962633
2005.679	0.920771704919081
2005.685	0.920440436979327
2005	0.920147120255602
2005.682	0.921594575986084
2005.759	0.916259294264327
2005	0.920370974157194
2005.496	0.920244257952269
2006.271	0.916411527798649
2005	0.922782593070108
2007.142	0.926099174760715
2007.118	0.92308369726012
2007.137	0.922233654846289
2007.06	0.923141961137996
2007.06	0.923304684938811
2007.077	0.92543220540387
2007.123	0.925188951432011
2007.134	0.923158078585985
2007.082	0.92171070088274
2007.123	0.923607705839677
2007.099	0.922096664613453
2007.099	0.922478793133476
2007.153	0.918121080542274
2007.115	0.923327816348752
2007.121	0.916772094832021
2007.178	0.922883566627611
2007.173	0.916845817033233
2007.096	0.920540515450836
2007.047	0.922438240625441
2007.184	0.920620659691896
2007.099	0.920399199594636
2007.145	0.920766444989545
2007.079	0.921068236679152
2006.989	0.924012797200639
2007.077	0.91866259733125
2007.178	0.919253474449912
2007.181	0.918571028849131
2007.096	0.919253474449912
2007.099	0.919253474449912
2007.156	0.918952178653633
2007.153	0.918571028849131
2007.178	0.917519033932082
2007.079	0.917980115843203
2007.137	0.916967597900442
2007.107	0.915109366622186
2007.153	0.918361495201676
2007.142	0.915269682352781
2007.118	0.916828472183917
2007.118	0.918843816275312
2007.079	0.917298398115762
2007.077	0.914809330764277
2007.077	0.915329908759605
2007.066	0.913752381485841
2007.077	0.913073449681232
2007.104	0.914729495569208
2007.082	0.912394268348552
2007.085	0.91502969956776
2007.079	0.914809330764277
2007.085	0.913672579241391
2007.153	0.915109366622186
2007.145	0.919173568061233
2007.175	0.920907857812292
2007.03	0.919426557911151
2007.153	0.919417329083776
2007.134	0.918502201787829
2007.162	0.920748536632459
2007.079	0.91821025244179
2007.121	0.919984036976819
2007.178	0.918821575022835
2007.118	0.916164744760626
2007.077	0.9202513058181
2006.962	0.919426557911151
2007.134	0.921541571353602
2007.115	0.923829576057183
2007.104	0.9202513058181
2007.14	0.918050212195182
2007.068	0.920182138911249
2007.077	0.921305401629025
2007.115	0.921319374512344
2007.079	0.923141961137996
2007.181	0.925228862845049
2007.041	0.918049817262115
2007.099	0.920244911140831
2007.088	0.919648240218419
2007.079	0.921090213390438
2007.082	0.919648240218419
2007.145	0.920253966059835
2007.118	0.921090213390438
2007.066	0.919257573392657
2007.118	0.916682093302071
2007.077	0.919568439251827
2007.041	0.919568439251827
2007.041	0.919568439251827
2007.153	0.919192555725913
2007.115	0.918681241218593
2007.159	0.919043407439584
2007.085	0.918893617871973
2007.173	0.92146136670675
2007.107	0.918218079735464
2007.077	0.918298776089026
2007.14	0.917625786589208
2007.115	0.921178935931258
2007.011	0.919064025069101
2007.008	0.922099984136158
2007.058	0.918883777840847
2007.134	0.917804220632297
2007.195	0.917812133503202
2007.134	0.917804220632297
2007.175	0.921301754420268
2007.101	0.915772809946028
2007.14	0.921576938501371
2007.088	0.917818571983896
2006.989	0.917739464294345
2007.159	0.926830172919872
2007.137	0.924176925721296
2007.153	0.917853618338796
2007.068	0.920011406851562
2007.085	0.921301754420268
2007.082	0.920011406851562
2007.079	0.918494906252374
2007.115	0.921130698838539
2007.088	0.918718167198664
2007.126	0.918113946108761
2007.118	0.921130698838539
2007.068	0.919480905403063
2007.175	0.920682459030412
2007.137	0.918120585334335
2007.14	0.92235677427777
2007.145	0.918651602678489
2007.14	0.920683380098127
2007.14	0.922580815094516
2007.137	0.922580815094516
2007.153	0.922277334563235
2007.137	0.922580815094516
2007.118	0.922660181111414
2007.137	0.920525090226548
2007.126	0.919392716387901
2007.058	0.930060338999377
2007.162	0.923267594002205
2007.115	0.922450987377964
2007.126	0.917596202515995
2007.118	0.923026975170834
2007.107	0.923634229759762
2007.077	0.920537188648964
2007.137	0.923859098867413
2007.118	0.922371173773149
2007.137	0.922805468889924
2007.121	0.91932318410166
2007.195	0.921975069073078
2007.115	0.921222346511781
2007.173	0.926503536282589
2007.06	0.923158477959208
2007.101	0.923347078229976
2007.123	0.923426828540671
2007.099	0.922739812805294
2007.118	0.923043345638453
2007.14	0.921987799230113
2007.101	0.922660181111414
2007.156	0.923571600453967
2007.099	0.924034746136814
2007.085	0.923347078229976
2007.096	0.927930761984127
2007.068	0.925393748533306
2007.164	0.924097070078294
2007.041	0.927497772306045
2007.153	0.922053566922649
2007.079	0.925473575408677
2007.192	0.925005138045145
2007.03	0.925473575408677
2007.041	0.924564010128797
2007.047	0.924564010128797
2007.058	0.924034746136814
2007.178	0.923730687319395
2007.088	0.928547059132724
2007.066	0.927667686865728
2007.134	0.926751622658817
2007.115	0.928413970303055
2007.079	0.930768787937318
2007.077	0.925997644617251
2007.079	0.92456087957494
2007.126	0.927521669707142
2007.079	0.926221849834748
2007.159	0.926062252132608
2007.134	0.925089242528523
2007.195	0.926947011637311
2007.096	0.926221849834748
2007.173	0.926606750371804
2007.063	0.925837365878818
2007.038	0.926911458082334
2007.096	0.925837365878818
2007.06	0.925228862845049
2006.962	0.926831406827071
2007.077	0.924401049377662
2007.173	0.924180214358714
2007.063	0.925837365878818
2007.06	0.925837365878818
2007.03	0.927907173310511
2006.929	0.926672105443199
2007.107	0.926606653262182
2007.104	0.92614191764391
2007.099	0.927127656605925
2007.063	0.926142123210219
2007.142	0.922739812805294
2007.079	0.924050558428883
2007.142	0.920234479938458
2007.162	0.923267594002205
2007.082	0.920244911140831
2007.115	0.919704646003777
2007.192	0.926062252132608
2007.162	0.920682459030412
2007.058	0.920547822566486
2007.077	0.924034746136814
2007.159	0.924784936856639
2007.096	0.922963787620499
2007.118	0.926308470525266
2007.066	0.921670972081602
2007.115	0.923955143477411
2007.175	0.923202939657434
2007.121	0.921640204658523
2007.178	0.919178444578918
2007.121	0.926751622658817
2007.06	0.920651373273093
2007.134	0.922227973501015
2007.115	0.92494515259222
2007.115	0.92494515259222
2007.115	0.926162986894514
2007.027	0.924275153591991
2007.137	0.925473575408677
2007.156	0.92206759129011
2007.115	0.927657818096894
2007.173	0.922133345626322
2007.181	0.926606653262182
2007.082	0.921319374512344
2007.118	0.921622041849569
2007.063	0.918681241218593
2007.079	0.919284842559735
2007.126	0.921622041849569
2007.126	0.922005571621458
2007.014	0.916696600506282
2007.156	0.921107871058322
2007.173	0.919577749985856
2007.096	0.921622041849569
2007.068	0.920182138911249
2007.162	0.919284842559735
2007.099	0.921622041849569
2007.14	0.920101893503626
2007.066	0.917534800401764
2007.079	0.920262649935974
2007.115	0.921238831021357
2007.063	0.919879845173105
2007.099	0.919949287010809
2007.099	0.918893617871973
2007.123	0.918371350838613
2007.104	0.918511700325061
2007.096	0.919949287010809
2007.096	0.921238831021357
2007.2	0.92146136670675
2007.068	0.923953415133695
2007.058	0.923346748413319
2007.181	0.923953415133695
2007.058	0.924337435671988
2007.195	0.925854933158882
2007.156	0.924418090249909
2007.126	0.923346748413319
2007.192	0.918592140916227
2007.164	0.918893617871973
2007.192	0.919868982882572
2007.173	0.919868982882572
2007.192	0.920171074502566
2007.164	0.920633946693701
2007.189	0.920473364605885
2007.156	0.92532974517126
2007.079	0.926078184138414
2006.274	0.921130698838539
2007.085	0.926174856311543
2007.058	0.919409633746264
2007.153	0.919568439251827
2007.107	0.921547149899304
2007.101	0.919495419829941
2007.096	0.920101747175691
2007.096	0.919668724497342
2007.096	0.921851086652266
2007.104	0.921850990041044
2007.101	0.922618879245577
2006.967	0.921163810818647
2007.173	0.921457754516305
2007.156	0.920021913577815
2007.077	0.917818571983896
2007.077	0.919035256311858
2007.077	0.91925777577584
2007.099	0.92078732282372
2007.142	0.92078732282372
2007.153	0.92078732282372
2007.049	0.92078732282372
2007.077	0.92078732282372
2007.137	0.92283470243095
2007.173	0.923442230213986
2007.134	0.919020576075293
2007.173	0.921604913931429
2007.123	0.921840737789171
2007.068	0.921381427773862
2007.068	0.921233664534124
2007.123	0.919728306840292
2007.121	0.921238831021357
2007.068	0.918359276281081
2007.101	0.920182138911249
2007.099	0.921349207769817
2007.058	0.920707223696721
2007.123	0.918279447832402
2007.096	0.919639685944421
2007.068	0.923203259649485
2007.121	0.923890839598814
2007.115	0.922992768356519
2007.162	0.919541393352705
2007.027	0.919018972612705
2007.162	0.919842882334132
2007.153	0.920002640389803
2007.173	0.919160473140048
2007.178	0.919541393352705
2003.729	0.918422400227388
2005.266	0.92657570776927
2005.449	0.927095005967802
2006.2	0.924540704663862
2006.321	0.920462218563369
2006.271	0.918745395957842
2006	0.917561337359347
2005	0.924965965869678
2005.033	0.922403112778422
2005.055	0.921337059630456
2003.688	0.922845379033143
2003.589	0.922845379033143
2005	0.923186330521712
2004	0.923695887169341
2010.112	0.92834849238378
2010.112	0.928348395091622
2005.6	0.928149069663784
2005.69	0.929233685916069
2005.663	0.928698471080718
2005.611	0.926019068976127
2003.03	0.914191438723834
2003.17	0.917947143343548
2008.027	0.932918861152012
2008.008	0.935561512929758
2008.481	0.946063344936218
2008.44	0.944482655558585
2008.437	0.9427400676332
2008.437	0.941388358050833
2007	0.94703387429915
2008.469	0.944456349604563
2008.478	0.945647631934305
2007.995	0.94791413251443
2008.122	0.941809732040141
2008.434	0.944240662795094
2007.981	0.943686574768274
2008.036	0.940397856285043
2007.962	0.943388644763858
2007.945	0.94364394183078
2007.849	0.941257575305594
2008.016	0.943020600953325
2008.123	0.944482655558585
2008.484	0.944253049812542
2008.497	0.941028471374824
2008.12	0.939254891782431
2008.077	0.938571758409441
2008.074	0.937262313621726
2008.94	0.938843934037019
2008.123	0.939483851494783
2008.108	0.939934943416497
2008.623	0.933546514819673
2008.88	0.934419808569591
2008.847	0.938510523344927
2008.861	0.93357212407196
2008.842	0.935890643113215
2008.833	0.935114614387582
2008.776	0.93357212407196
2008.776	0.933069653257961
2008.814	0.93458048772225
2008.828	0.935582986754532
2008.839	0.934458355963127
2008.6	0.941227496874434
2008.063	0.94388701677812
2008.016	0.946272988742905
2007.868	0.939888624190402
2008.055	0.942674177503938
2008.333	0.933853400590488
2008.041	0.940313078925971
2008.896	0.938463568435051
2008.915	0.946496710019505
2008.825	0.941878049094528
2009.033	0.937484134845749
2007.948	0.943138037852689
2008.038	0.942422754214591
2008.117	0.939521721742501
2007.997	0.944547413347629
2008.041	0.944250079282848
2008.137	0.935971356612047
2009.023	0.93529364255516
2009.088	0.934032724970349
2008.112	0.934807213133674
2008.921	0.938166838076862
2008.858	0.935958201405563
2008.801	0.937549623051811
2008.148	0.939223437507801
2008.533	0.942403529156668
2008.16	0.939402601463023
2008.342	0.938217119459171
2008.036	0.944292640631683
2007.863	0.943381502585493
2008.71	0.934313820314513
2008.022	0.940358955732901
2007	0.935971356612047
2008.437	0.944669975167921
2008.444	0.944669975167921
2008.984	0.940272647880521
2008.137	0.944049298443107
2007	0.946296652180384
2008.085	0.946970132263666
2008.538	0.940520738975809
2008.828	0.942119639816396
2008.839	0.94262038282334
2008.885	0.940719024327348
2008.866	0.941109364171467
2008.899	0.9390265569169
2008.885	0.939450804034397
2008.883	0.93953208799663
2008.861	0.94049082367579
2008.85	0.939142078827682
2008	0.940181858227802
2008.844	0.939450804034397
2008.56	0.937257810536306
2008.563	0.93886660747603
2008.555	0.939450804034397
2008.022	0.943209089428788
2008.71	0.937277263787312
2007.992	0.941408686194926
2008	0.938347319590323
2009.016	0.937389244344515
2008.989	0.935164975075401
2008.984	0.936167011424517
2009.14	0.92966807547128
2009	0.931812098219875
2009.233	0.930725500855976
2007	0.933204275171434
2009.118	0.935558250686534
2009.134	0.936435320418791
2009.323	0.936244827257949
2009.162	0.933597924997435
2009.121	0.932823154935197
2009.323	0.934621701394493
2009.323	0.934598443420879
2009.023	0.935984119549819
2007	0.933592624848992
2007	0.936052339522568
2007	0.9358670617336
2009.052	0.936186803536617
2009.036	0.930732688114181
2008.489	0.938783115253002
2009.085	0.936108991953432
2008.634	0.929857142441711
2009.414	0.938356562157927
2008.959	0.943347672776418
2008.191	0.942646832528372
2009.129	0.941435644500337
2009.014	0.941581387599287
2009.321	0.934722791357248
2009.326	0.934334876494987
2009	0.941663116991934
2009.325	0.9386863938785
2009.707	0.944160621913076
2009.321	0.940403613388674
2009.323	0.940095587311573
2009.323	0.940095587311573
2009.319	0.938980172156687
2009.319	0.937827916035466
2009.315	0.936091099568834
2009.318	0.939223535939678
2009.326	0.937131179366093
2009.323	0.936888996486654
2009.323	0.936501050732416
2009.323	0.936581315371224
2009.318	0.93719687982431
2009	0.937554266812588
2009.323	0.938932429601763
2008.934	0.936912081454613
2008.934	0.9390265569169
2009.325	0.938717666602125
2009.348	0.937013962959799
2009.348	0.937013962959799
2009.353	0.937402926829853
2009.332	0.937013962959799
2009.323	0.937321988588648
2009.318	0.937013962959799
2009.322	0.936237002791507
2009.329	0.937665853034322
2009.326	0.934887710408147
2009.323	0.936544773009387
2009.373	0.933456658506098
2009.205	0.939416680122932
2009	0.9386045814896
2009.162	0.931165192140444
2009.312	0.937263746482353
2009.162	0.937680174979197
2009.625	0.93776015872409
2009.575	0.939646073318684
2008	0.940811961441598
2009.315	0.936354444033009
2009.322	0.93844399897045
2009.323	0.939060990422764
2009.323	0.93844399897045
2009.162	0.939281963106801
2009	0.936587127241397
2007	0.940181858227802
2008.937	0.929376788793532
2007	0.931879233822293
2008.672	0.929545276243603
2009.112	0.936384482675194
2009.086	0.934807213133674
2009.462	0.941638077658317
2009.473	0.937768665701138
2009.323	0.936033623457131
2009.186	0.933639564882622
2008.842	0.939455187620339
2009.537	0.93086572783845
2009.43	0.934661230117335
2009.163	0.936421054592668
2009.041	0.936988029791756
2009.808	0.929912246138095
2009.67	0.936401096827915
2009.538	0.937036408333017
2008.975	0.937527397349717
2009.153	0.937837734124742
2009.323	0.944606263742009
2009.007	0.933981064918813
2009.527	0.935759198009032
2009.077	0.93867150017373
2008.844	0.945565978443283
2009.5	0.932491909189698
2009.499	0.936495566697363
2009.522	0.93568952639259
2009.456	0.938100495223689
2009.573	0.933085931035081
2008.877	0.933058462615634
2010.627	0.93519503707166
2010.104	0.93519503707166
2010.016	0.93519503707166
2008.861	0.936612938552097
2008.992	0.938041855356852
2009.041	0.93742492549473
2009.329	0.932873395977833
2009.323	0.936261867274513
2009.323	0.933637370841115
2009.318	0.9369573408487
2009.318	0.937574165957883
2009.337	0.938921948567863
2009.326	0.938921948567863
2009.323	0.939310414413361
2009.321	0.939310414413361
2009.323	0.934566131206109
2009	0.938932429601763
2008.943	0.935461330046858
2009.318	0.935502467815366
2009.34	0.937630216799299
2009.326	0.936198501877397
2009.323	0.936198501877397
2009.326	0.93476584472784
2009.049	0.934254813360304
2008.997	0.936346243777621
2009.033	0.93919867685514
2009.085	0.936030406622824
2008.713	0.935996745829365
2009.162	0.927418149842591
2009.126	0.927497772306045
2008.79	0.931252260561924
2009.068	0.931944909533803
2009.326	0.932909957693096
2009.036	0.935958201405563
2009.118	0.931990230491953
2009.326	0.931445625701028
2009.132	0.934954771095689
2009.352	0.92902109563192
2009.319	0.926709803164963
2009.345	0.933456658506098
2009.332	0.931638351880565
2009.323	0.932024763474045
2009.321	0.928852502244281
2009.318	0.931252260561924
2009.314	0.932137681238053
2009	0.933743788086674
2008.117	0.936667960923109
2009.086	0.938086664305089
2009.025	0.940800090853983
2009.011	0.941109462800992
2009.323	0.933843984920416
2009.323	0.942848937857551
2009.121	0.937711080323222
2009.318	0.937746700666169
2009.315	0.937746700666169
2009.321	0.93886660747603
2009.326	0.940263246437448
2009.326	0.942001256135114
2009.319	0.94003629178767
2009.319	0.937927188682324
2009.326	0.937927188682324
2009.329	0.939710980538414
2009.323	0.942956404558759
2009.323	0.937927188682324
2009.323	0.937927188682324
2009.321	0.939710980538414
2009.318	0.939710980538414
2009.118	0.935234326541424
2009.167	0.937241319986027
2009.099	0.938201904297461
2009.052	0.939241085890258
2009.318	0.937402926829853
2009.323	0.934823619193988
2009.326	0.934273564737776
2009.323	0.936193497021174
2009	0.935227961023935
2009	0.931517413136314
2009.162	0.935125064951305
2009.247	0.938811738955099
2009.163	0.938743489724556
2009.163	0.933339144335546
2009.086	0.938201904297461
2009.163	0.933952981326231
2009.137	0.937438838978492
2009.137	0.937827817749852
2009.163	0.937013962959799
2009.137	0.936479680349062
2009.438	0.934483120911497
2009.085	0.933596118183126
2009.148	0.937697900664681
2009.319	0.937469298945231
2009.548	0.939437599923799
2009.326	0.928585563864606
2009.326	0.928891926637244
2009.321	0.928891926637244
2009.323	0.928279403111601
2009.318	0.928585563864606
2009.321	0.929584371401804
2009.318	0.932511800648811
2008.653	0.94189101646729
2008.657	0.942673968268177
2008.802	0.94189101646729
2008.762	0.941663018304385
2008.6	0.940572137122874
2009.153	0.942364082019569
2009.11	0.93849023369283
2009.167	0.948625406609778
2009.145	0.938247281765932
2009.399	0.938195011885489
2009.137	0.938327995507645
2009.112	0.939939315231345
2009.156	0.93844399897045
2009.156	0.939939315231345
2009.151	0.938556118922537
2009.137	0.938752393317795
2009.112	0.940687737285265
2009.107	0.939450804034397
2009.104	0.938408979437836
2009.036	0.939678793705937
2009.142	0.940459257820311
2009.137	0.941809732040141
2009.074	0.939142078827682
2009.115	0.941190527745572
2009.363	0.942857331405515
2009.118	0.939060990422764
2009.216	0.937402926829853
2009.195	0.940035327920181
2009.186	0.937284392618353
2009.184	0.937284392618353
2009.162	0.936625321747455
2009.159	0.940150096481545
2009.323	0.940216892831243
2009.323	0.940216892831243
2009.082	0.938833556462758
2009.077	0.939060990422764
2009.077	0.939450804034397
2009.326	0.937512303857046
2009.167	0.94049082367579
2009.132	0.939450804034397
2009.14	0.941728718804024
2009.118	0.942119639816396
2009.159	0.9390265569169
2009.159	0.938945722956959
2009.167	0.940687737285265
2009.225	0.941190527745572
2009.162	0.940768721215448
2009.134	0.938717666602125
2009.184	0.941809732040141
2009.137	0.940540587897704
2009.145	0.942038701924105
2009.107	0.941809732040141
2009.195	0.9423488891819
2009.148	0.940068863773893
2009.142	0.944090754041756
2009.11	0.942930251456746
2009.162	0.945660314730104
2009.112	0.943159085534478
2009.115	0.946552313022936
2009.145	0.945913780270183
2009.134	0.94678157754759
2009.112	0.943576159014598
2009.093	0.945851202427175
2009.079	0.946470136239187
2009.077	0.946470136239187
2009.058	0.944727097314252
2009.118	0.943523399637881
2009.137	0.943212825773616
2009.222	0.944563863851321
2009.093	0.944482655558585
2009.137	0.945684031474868
2009.156	0.939241085890258
2008.146	0.937130191384336
2007	0.937647360748499
2008.486	0.934513025070663
2008.59	0.934513025070663
2008.574	0.940704061495171
2007	0.94276789553633
2006	0.938972888110856
2004	0.937996672639445
2007.395	0.947177715858674
2007.364	0.948288775325099
2007.351	0.949981794190632
2007.351	0.948479717600928
2007.395	0.946643466138757
2007.375	0.948396509594569
2008.82	0.945133072245814
2008.762	0.949043386096272
2008	0.952533605033284
2008	0.952533605033284
2008.781	0.949299239613343
2007.971	0.948732031552974
2008	0.949447068934718
2008	0.947830254224811
2007.499	0.952943863751426
2007.364	0.947517436398131
2007.556	0.94860184524102
2007.354	0.947433982603173
2007.351	0.949272098317387
2007.107	0.951173118932251
2007.088	0.951256529499073
2007.088	0.951256529499073
2007.386	0.948396509594569
2007.444	0.947663255024752
2008.016	0.943263791423758
2008.139	0.946602921037781
2008.011	0.947052881260033
2008.183	0.947024400337643
2008.954	0.948844842471957
2008.861	0.948876186664683
2008.5	0.94753953342667
2008.858	0.946761733901279
2008.536	0.947000319409333
2008.746	0.943744983080898
2008.746	0.944141681266304
2008.678	0.948507041968833
2008.648	0.94987407479304
2008.522	0.94750696980871
2008.055	0.945775027777831
2007.211	0.947211464170055
2007.058	0.943710953619069
2006.504	0.952050395088753
2006.392	0.944182643046191
2006	0.940871238987542
2004	0.939697938331775
2006	0.938012842746419
2006	0.937622816616379
2005.573	0.93221891327999
2005.605	0.93957619748433
2006.334	0.940228887259902
2005.989	0.937881657196146
2006.816	0.931501836404995
2006	0.930100537741896
2007.011	0.938179274255521
2006.759	0.932887122089068
2006.545	0.929099144095161
2006.57	0.923873349967004
2006.564	0.929155753030046
2006.584	0.927504732098408
2006.447	0.927340041711721
2006.384	0.930842270144036
2006.463	0.927176418087503
2006.033	0.931862612869187
2007.101	0.932927829881531
2007.126	0.933787559875512
2008.716	0.935356663030648
2006.008	0.936961263028142
2006	0.931215386129796
2006	0.931849447155232
2006.121	0.92861975095351
2006.493	0.936089751186986
2004.809	0.942572073045622
2001	0.932335902544163
2004.697	0.940396324765988
2005.929	0.930351061907203
2005.912	0.93065629519523
2006.921	0.931816714515922
2006.225	0.943131570983546
2006.244	0.943523399637881
2007.789	0.943240323884059
2007.767	0.942848937857551
2007.104	0.939678793705937
2007.047	0.942322969018436
2007.137	0.942818635214145
2007.14	0.939873095712785
2007.162	0.939256178682452
2007.162	0.941447969411868
2008.096	0.941744920336244
2007.863	0.937321988588648
2007	0.940358955732901
2007	0.939969573142536
2007	0.939969573142536
2007	0.940587567602196
2007	0.940278468828747
2007	0.940278468828747
2007	0.940278468828747
2007	0.940587567602196
2007	0.94120637521246
2007	0.940278468828747
2007	0.940278468828747
2007	0.940278468828747
2007	0.940278468828747
2007	0.940278468828747
2007	0.940278468828747
2007	0.940278468828747
2007	0.940278468828747
2007	0.940587567602196
2007	0.940278468828747
2007	0.940278468828747
2007	0.939580512888752
2007	0.940587567602196
2007	0.939889280720789
2007	0.940278468828747
2007	0.940278468828747
2007	0.940278468828747
2007	0.940278468828747
2007	0.940278468828747
2007	0.939889280720789
2007	0.940278468828747
2007	0.940896869663229
2008.79	0.937683221965807
2007.658	0.942377128670376
2008.138	0.943333532639388
2007.959	0.939991103964425
2007	0.939969573142536
2007	0.939969573142536
2007	0.939969573142536
2008.005	0.938674677030916
2008.116	0.949345827759184
2008.092	0.949345728266477
2008.169	0.946514686415606
2008.094	0.94744843980569
2008.137	0.949413495912269
2008.085	0.943600084559535
2008.074	0.946188758626106
2007.925	0.948248229797319
2007	0.945482962198648
2007.718	0.939837904667701
2008.022	0.945350161814594
2008.003	0.946932706169419
2008.074	0.941529140207819
2007.51	0.940975126058215
2008.066	0.94390446328432
2008.131	0.944334704758183
2007.748	0.939646073318684
2007.929	0.937683221965807
2007.923	0.937683221965807
2007.795	0.942728475091629
2007.997	0.938752393317795
2008.026	0.939437088331028
2008.027	0.941217476413932
2008.563	0.941266316561027
2008.486	0.939840702795355
2008.437	0.940375178914924
2008.434	0.941801201181703
2008.443	0.939203852596228
2008.499	0.941666709386085
2008.434	0.941801410223745
2007	0.939517248103437
2007	0.940653721207563
2007	0.944277995925113
2007.806	0.944292640631683
2007.638	0.941698334576332
2007.827	0.940849976248986
2009.023	0.935314904627234
2009.163	0.933763615644706
