1976	0.942082089745411
1977	0.939328908042088
1979	0.948497438240029
2005	0.94793292705748
2005	0.94860295944762
1975	0.93195594908127
1975	0.935769197985897
1971	0.937678488789215
1970	0.928178083037677
1967	0.91823230483681
1966	0.926059318039779
1961	0.930141003846441
1957	0.920579631232239
1977.312	0.941480277201355
1977.293	0.933212440165899
1977.293	0.930000404103255
1977.312	0.941595288321713
1977.312	0.939596701475852
1977.312	0.93625588119784
1977.277	0.931741324813974
1977.277	0.933313400425039
1977.277	0.931046876274548
1977.277	0.931826321127018
1977.277	0.932657399212211
1977.277	0.931961760201448
1977.277	0.930827255495975
1977.277	0.931521503880983
1977.293	0.931440841855682
1977.293	0.928077685346206
1977.293	0.928760348163651
1977.293	0.931048476018694
1977.293	0.930512834532243
1977.312	0.935780016696217
1977.312	0.932169016053903
1977.312	0.935244879007017
1977.312	0.932163027357784
1977.293	0.934236618334302
1977.293	0.935628564824958
1977.293	0.935280495827642
1977.293	0.935195751288329
1977.293	0.937351435699905
1977.293	0.937176801250266
1977.293	0.93574053330327
1977.293	0.935042621071131
1978.052	0.94995239139326
1978.052	0.949464344743377
1978.014	0.949401673912213
1978.014	0.942477391201837
1978	0.944031385149278
1977.323	0.948247952227448
1977.323	0.951410533554841
1977.323	0.950227814977057
1977.323	0.948822575277846
1977.323	0.947716740095609
1977.293	0.934807120666502
1977.312	0.933206971365183
1977	0.934607116296622
1976	0.941420884889727
1976	0.942850306661348
1978	0.950135009453195
1977	0.940548354367558
1976	0.943642847265606
1977	0.928530711905074
1977	0.930346138137102
1977	0.932294400934447
1977	0.932294400934447
1977	0.930865719863721
1977	0.929647065809028
1978	0.917899211240791
1978	0.917686000231686
1978	0.917214089714749
1976	0.941333479112591
1976	0.93884071202621
1976	0.940486285833948
1976	0.941911293272877
1977	0.93990051184828
1977	0.940321298110073
1977	0.94010177954919
1978	0.937271295008614
1977	0.942490361014199
1977	0.942798163222238
1977	0.941774420872209
1977	0.945754213750759
1977	0.945754213750759
1977	0.945754213750759
1977	0.947407433065552
1977	0.945137484560181
1977	0.945754213750759
1977	0.945754213750759
1976	0.949370551452407
1975	0.949458866456079
1977	0.934739424162395
1976	0.933909057066366
1981	0.941728150867047
1980	0.941419184938285
1978	0.945301662063383
1976	0.949548989849281
1976	0.942315301832579
1977	0.92686688601764
1976	0.928494818405986
1977	0.933803364301224
1977.277	0.935644106571807
1979.989	0.941404975427878
1979.989	0.946862953809781
1979.989	0.942574444348756
1979.989	0.943213815939329
1979.989	0.943213815939329
1979.907	0.94845404346196
1979.989	0.944860156492711
1979.989	0.94675477558042
1979.989	0.945650503758702
1979.989	0.945758522390885
1979.989	0.945167827213083
1979.989	0.946286008486943
1978	0.936280158727783
1978	0.933082251944785
1978	0.925099023745445
1978	0.931053921697566
1980	0.932191236909823
1980	0.927347239090909
1980	0.928827343163518
1980	0.928134952819749
1980	0.928525089411939
1979	0.926062132100071
1987	0.931930610762321
2003	0.917477516938398
1985	0.933600510709821
1985	0.933600510709821
1985	0.933821113496207
1987	0.928863146988184
1988	0.937291814576784
1988	0.929595640343502
1988	0.929595640343502
1987	0.939682411695814
1987	0.942951775436969
1986	0.933132351830077
1980	0.929734894088697
1981	0.931020832964482
1981	0.929111494640598
1981	0.928664220179576
1981	0.928576099042477
1981	0.925488433201582
1981	0.93002119910663
1977	0.932519700924217
1977	0.933518463566965
1977	0.93321398918224
1977	0.931869131020169
1934	0.918942090626641
1931	0.935810023567855
1931	0.935730647309143
1942	0.93069131590076
1931	0.937391656761923
1931	0.93508456899812
