1979	44.5789763346175
1980	44.7655697793136
1980	44.4776824372196
1981.145	44.3728893426529
1981	44.2158171679887
1981	44.2943532553208
1981	44.2158171679887
1981	44.2943532553208
1981	44.8441058666457
1980	44.8441058666457
1998	44.9226419539779
1989	45.2044025157233
1987	44.1372810806566
1987	44.3728893426529
2005.074	43.4509310913805
1992	44.4514254299851
1992.101	43.8506876227898
1992.016	43.7514727829707
1992	43.6526663520529
1994.005	43.8300212080748
1992	43.6183590066017
1999.455	43.3073960543897
1993	43.8541339201509
1995.803	43.5943759327625
2000.208	43.9811172305271
2000.208	43.4304562946674
2012.538	44.1372810806566
2013.636	42.8021675960104
2004.686	43.9051209550738
2011.896	43.1846733668342
2003.112	44.1476826394344
2001.038	44.1511509152329
1999.863	43.8369078482206
2001.868	44.2943532553208
2005.753	42.600015719563
2006.34	43.7184343434343
2006	43.8437966527854
1997.31	43.6797863147144
1995.923	43.9154686149737
1998.882	43.1298609474428
1998.17	43.6286455467338
1994.101	43.8541339201509
1992.792	43.823136731328
2005.266	42.7370571136774
2002.175	42.5799355801713
1999	43.40305079415
2006.195	42.1871317464058
2007.847	41.4670541113642
2007.142	42.2524149846855
1993.173	43.5089923819995
1994	43.7755422823012
1994.011	43.9063120285828
1998	45.0471698113207
1998.458	44.042469524184
1997.962	43.9016728186602
1997	44.0899088337001
1996.814	44.1372810806566
1985	44.718641936498
1991	43.8610281402295
1994	42.7236315086782
1998	42.8358091645052
1995	44.8652471124381
1995	45.122238817703
1995	44.9332285938727
1993	43.9327255580006
1998	43.6797863147144
2005.975	42.9390062014287
2005.868	42.9592397706746
2013.058	42.3994974874372
2012.385	43.1163119453389
2012.033	43.194848032671
2009.233	42.8548920749961
2006.677	43.1230853821381
2011.619	41.5455901986963
2011.836	42.8021675960104
2011.833	42.6450954213461
2012.26	42.4094871593497
2011.855	42.2524149846855
2012.049	42.2524149846855
2011.948	42.1738788973533
2011.641	42.7236315086782
2011.562	42.7236315086782
2011.392	42.566559334014
2012.481	42.8021675960104
2019	42.8021675960104
2019.729	42.4094871593497
2013.655	42.566559334014
2012.046	42.7909947309596
2012.085	42.566559334014
2011.816	42.6450954213461
2011.855	42.8021675960104
2013.468	42.7236315086782
2011.644	42.566559334014
2011.63	42.566559334014
2012.085	42.4880232466818
2013.751	41.6241262860284
2012.219	42.2524149846855
2012.079	42.566559334014
2012.066	42.4094871593497
2012.003	42.2524149846855
2011.951	42.1738788973533
2012.128	42.4880232466818
2012.29	42.4880232466818
2012.295	42.7236315086782
2011.397	42.566559334014
2011.244	42.5866268562898
2012.098	42.7236315086782
2012.227	42.4094871593497
2011.836	42.6450954213461
2014.148	42.2524149846855
2014.94	42.1738788973533
2014.175	42.3309510720176
2011.934	42.6450954213461
2012.107	42.3309510720176
2013.496	42.566559334014
2012.025	42.7236315086782
2013.016	42.1738788973533
2014.093	42.0953428100212
2014	42.2889482785726
2014.808	42.7236315086782
2014.225	42.566559334014
2013.036	42.566559334014
2013.496	42.4094871593497
2010.89	43.0513001806898
2012.063	42.3822278241689
2011.951	43.3519202073353
2015.107	43.0980144973211
2013.058	42.7761146998582
2013.268	42.8684003152088
2007.277	43.3519202073353
2009	43.1230853821381
2006.03	43.4372790825544
2009.03	42.8021675960104
2006.789	42.8807036833425
2009	42.9592397706746
2005.888	43.1163119453389
2016.15	42.6487977926685
2004.24	43.2487789506854
2003	43.2733841200031
2018.315	43.823136731328
2003	43.3519202073353
2004.153	43.9016728186602
2000	43.7446006439959
2000	43.823136731328
1999	44.2344345616264
1999	43.7446006439959
2003.099	43.1163119453389
2003.482	43.2733841200031
2004.287	43.8065277231616
2004.721	43.8920789742783
2006.236	43.3587306574503
2006.236	42.9693637077769
2008.369	43.5089923819995
2005.929	42.8021675960104
2007.31	42.2623723487824
2006.312	42.9659885319299
2012.366	41.938270635357
2012.366	41.938270635357
2012.366	41.938270635357
2012.366	41.938270635357
2011.981	43.1163119453389
2011.932	42.8807036833425
2011.882	42.7236315086782
2012.153	42.8021675960104
2011.014	42.3309510720176
2013.666	43.2801822323462
2013.329	42.9659885319299
2015.956	43.194848032671
2015.956	43.0377758580068
2015.94	43.194848032671
2015.882	43.194848032671
2016.896	43.194848032671
2015.934	43.194848032671
2014.937	42.8021675960104
2010.915	42.8021675960104
2010.915	42.4880232466818
2012.085	42.2590527059932
2011.748	42.6450954213461
2013	42.896497441952
2013.044	42.8021675960104
2013	42.968442590698
2013	42.6469431111811
2011.748	42.8021675960104
2010.915	42.4880232466818
2011.096	42.566559334014
2011.096	42.4094871593497
2011.096	42.4094871593497
2011.047	42.3309510720176
2011.096	42.3309510720176
2011.096	42.3309510720176
2011.871	42.4880232466818
2011.871	42.4880232466818
2011	43.1163119453389
2011	42.566559334014
2011	43.0377758580068
2012.852	43.3519202073353
2012.852	43.3519202073353
2011.871	42.8807036833425
2011.871	42.8807036833425
2013.038	43.0377758580068
2013.038	43.0377758580068
2013.038	42.3822278241689
2013.038	42.3822278241689
2013.036	42.7236315086782
2013.036	42.7236315086782
2013.038	42.3822278241689
2013.038	42.3822278241689
2013.036	42.7236315086782
2013.038	42.8021675960104
2013.038	42.7236315086782
2013.038	42.8021675960104
2012.866	42.8021675960104
2012.866	42.8021675960104
2015.438	43.194848032671
2014.008	43.2733841200031
2011.014	42.9592397706746
2011.014	42.9592397706746
2011.666	43.4304562946674
2011.871	43.3519202073353
2011.871	43.3519202073353
2011.871	43.3519202073353
2011.871	43.3519202073353
2011	43.0377758580068
2010.915	43.194848032671
2011	42.9592397706746
2013.833	43.2733841200031
2013.038	43.4304562946674
2013.038	43.4304562946674
2012.79	43.0437519672647
2012.863	43.0377758580068
2012.863	43.0377758580068
2012.863	42.8807036833425
2012.863	42.8807036833425
2012.186	43.194848032671
2012.011	43.194848032671
2011	43.1394158860112
2010.915	42.8807036833425
2011	42.9592397706746
2011	43.1163119453389
2011	42.8807036833425
2011.022	43.0513001806898
2012.79	43.0513001806898
2011.175	43.044536957034
2011.175	43.044536957034
2010.915	42.9592397706746
2011.833	43.194848032671
2012.085	43.2733841200031
2011.773	43.3519202073353
2011.858	43.3519202073353
2011.277	43.2733841200031
2011.277	43.2733841200031
2012	43.194848032671
2012.904	42.8807036833425
2012.904	42.8807036833425
2012.904	42.9592397706746
2012.904	42.9592397706746
2012.904	42.9592397706746
2012.904	42.9592397706746
2012.995	43.194848032671
2011	42.9592397706746
2010.833	42.8807036833425
2010.833	43.0022840040955
2013.885	42.4094871593497
2010	42.5732464064096
2011	42.8807036833425
2011	42.8807036833425
2008.962	42.6450954213461
2009.096	42.8021675960104
2010.915	42.6450954213461
2011.852	42.8021675960104
2011.852	42.8021675960104
2009.019	42.6584963469243
2009.019	42.6450954213461
2009.134	42.292272620077
2009.134	42.1937612948849
2009.134	42.2524149846855
2009.134	42.2524149846855
2009.134	42.2524149846855
2009.134	42.2524149846855
2009.96	42.1738788973533
2009.96	42.1805042808892
2007	42.8021675960104
2008	43.823136731328
2009	43.7446006439959
2012.085	42.8807036833425
2009.845	42.8021675960104
2009.03	42.3309510720176
2009.019	42.4880232466818
2009.211	42.862760519072
2013.038	43.3519202073353
2013.038	43.3519202073353
2013.036	42.7920854271357
2013.036	42.7920854271357
2013.038	42.9592397706746
2013.038	42.9592397706746
2013.038	43.5124096764059
2013.036	43.5124096764059
2013.036	43.3519202073353
2013.036	43.3519202073353
2013.036	43.2733841200031
2013.036	43.2733841200031
2009.481	42.6853234808584
2006.915	42.9659885319299
2007.962	42.5765907305577
2009.959	42.4094871593497
2009.079	42.6450954213461
2009.079	42.9592397706746
2009.627	42.7236315086782
2009.627	42.6450954213461
2008.025	42.8088916817218
2007.233	42.7336999214454
2008.809	42.234222616265
2006.734	42.9009193054137
2007.099	42.8908091123331
2006.951	42.9042904290429
2004.954	42.3908769170271
2005.181	42.5732464064096
2005.074	42.7303432566177
2005.036	42.9659885319299
2005.216	42.6517948315136
2004.24	42.7121843781955
2003.351	43.3519202073353
2002.907	43.0479183032207
2001	43.3551026831379
2004	43.5295042036615
2008.306	42.8807036833425
2017	41.9481539670071
2016	41.4768263943441
2020.609	41.6863300298883
2001	43.2801822323462
2013.153	43.6866504282235
2012	42.3246999368288
2005.507	43.2801822323462
2005.507	43.3655432477021
2007.23	43.2801822323462
2008.73	42.2524149846855
2010.855	43.194848032671
2008.306	43.2733841200031
2009.742	43.5089923819995
2008.254	43.6080773159425
2008.407	43.3519202073353
2009.145	43.4304562946674
2009.074	43.0377758580068
2008.287	43.5943759327625
2016.353	42.4595062116685
2011.817	43.194848032671
2009	43.5089923819995
2010.414	43.672573310334
2010.299	43.5157597616434
2009.668	43.4304562946674
2011.277	43.3519202073353
2010.863	43.3519202073353
2009.608	43.4304562946674
2010.767	43.4304562946674
2010.014	43.6398134239861
2010.592	43.4304562946674
2010.592	43.3519202073353
2017.967	43.044536957034
2009.592	43.194848032671
2005.679	43.4372790825544
2003	43.5158275076585
2013.162	41.9118816605694
2012.579	41.388518024032
2006.255	42.8021675960104
2006.219	42.8021675960104
2007.907	42.7988063452175
2007.904	43.498743718593
2014	42.4094871593497
2015	42.6450954213461
2011.773	43.1163119453389
2011.044	42.6450954213461
2015.011	42.7236315086782
2009.249	42.6450954213461
2014	43.4577603143418
2012.415	42.4094871593497
2014	42.8223461931327
2011.893	42.566559334014
2012.923	42.8807036833425
2012.424	42.4094871593497
2011.236	42.8021675960104
2013.23	43.0377758580068
2011.973	43.5875284693317
2011.879	43.4304562946674
2011.833	43.3519202073353
2011.814	43.4304562946674
2012.369	42.8021675960104
2009.09	43.1163119453389
2011.088	42.4094871593497
2012.082	42.9592397706746
2010.86	43.0377758580068
2012.087	43.0377758580068
2015	42.6469431111811
2008.074	43.194848032671
2009.203	42.8807036833425
2005.471	43.6660645566638
2006.137	43.7583470814675
2004	44.6765075376884
2004	43.0912242004096
2005	43.6729243578666
2006	43.5089923819995
2014.816	42.3822278241689
2010.803	42.9336694501339
2010.781	42.5531914893617
2008.415	42.6393520724154
2010.085	43.0744595676541
2012	42.2524149846855
2011.466	43.0912242004096
2017.378	41.910485529021
2019.748	41.0430124468253
2016.298	41.980198019802
2017.337	42.8594021825083
2018.964	43.0175549580895
2007	42.3434789465384
2007.252	42.7236315086782
2015.058	43.0377758580068
2014.521	42.4094871593497
2013.942	41.5222187204538
2005.912	43.7652235405044
2005.6	43.5089923819995
2004.26	43.5089923819995
2005.792	43.2733841200031
2006.693	43.0648330058939
2009.153	42.6450954213461
2006.805	41.938270635357
2006.808	41.938270635357
2006.792	42.6450954213461
2007.211	43.0912242004096
2006.838	42.3822278241689
2006.847	42.3822278241689
2005.855	42.6973373247203
2012.06	41.6241262860284
2007.285	42.2246730738932
2007.2	42.3822278241689
2011.619	41.752008823066
2008.115	42.4610051993068
2008.074	42.3822278241689
2008.082	42.303450449031
2009.942	42.0671183236175
2009.707	41.994957453514
2012.008	41.200567197101
2012.046	41.200567197101
2010.603	41.6732314479282
2011.162	42.1458956987553
2011.688	41.752008823066
2011.008	42.1458956987553
2011.008	42.4610051993068
2010.858	41.200567197101
2009.058	41.752008823066
2010.288	42.0671183236175
2010.285	42.1458956987553
2012.117	41.0430124468253
2010.729	41.7651694247439
2013.123	42.2246730738932
2009.468	41.5156766976524
2010	41.5208399618199
2010.666	41.9095635733417
2012.385	42.0671183236175
2013.389	41.9883409484796
2010.364	40.8521503231469
2010.364	40.8854576965496
2005.926	42.6185599495825
2008.519	42.7236315086782
2007.625	42.3822278241689
2005.471	42.1458956987553
2009.071	43.1700015755475
2008.705	43.1700015755475
2009.605	43.2487789506854
2008.667	42.7761146998582
2008.669	42.6973373247203
2007.37	42.8548920749961
2007.844	43.0124468252718
2008.672	42.1458956987553
2008.314	42.4056120438244
2007.6	42.9336694501339
2007.775	43.0124468252718
2007.77	42.9336694501339
2007.559	42.9336694501339
2007.89	43.0912242004096
2005.784	42.6973373247203
2006.901	42.6185599495825
2006.271	42.4610051993068
2016.779	40.9642350716874
2017.142	42.0671183236175
2005.74	42.6185599495825
2006.718	42.7761146998582
2006.704	42.7761146998582
2006.699	42.789598108747
2006.693	42.8819170739398
2007.54	43.823136731328
2009.211	41.6732314479282
2010.493	42.6319936958235
2011.91	42.3822278241689
2011.132	42.5397825744446
2010.841	42.6973373247203
2010.841	42.6973373247203
2010.614	41.8597345480248
2011.8	42.3309510720176
2011.545	42.3309510720176
2011.255	42.3309510720176
2011.247	42.3376011310973
2016.779	41.938270635357
2017.219	42.1871317464058
2016.377	41.7811984606927
2016.377	41.7811984606927
2016.071	41.8597345480248
2013.811	42.7236315086782
2018.063	42.8941786471836
2017.414	42.4094871593497
2017.603	42.5548650987178
2018.027	41.8663105804729
2017.888	42.566559334014
2017.252	42.8021675960104
2016.475	41.7811984606927
2016.227	42.2524149846855
2017.386	41.8597345480248
2017.197	41.7092137302647
2018.874	42.566559334014
2018.671	41.8597345480248
2018.077	42.0953428100212
2018.786	42.3309510720176
2018.948	42.566559334014
2018.863	42.2524149846855
2018.784	41.7811984606927
2017.953	41.938270635357
2018.819	41.7026623733606
2018.91	41.7026623733606
2018.825	42.1317402924069
2017.693	42.0168067226891
2010.027	42.4610051993068
2012.12	42.0953428100212
2009.132	42.5397825744446
2011.658	42.4880232466818
2011.455	41.9095635733417
2012.12	41.9095635733417
2012.194	41.9883409484796
2012.063	41.5944540727903
2011.504	41.6732314479282
2011.392	41.9095635733417
2012.033	42.0671183236175
2011.238	41.9883409484796
2011.912	41.8307861982039
2012.178	41.5156766976524
2010.89	41.8373778758273
2012.093	43.0377758580068
2012.798	43.1163119453389
2013.595	43.194848032671
2014.904	43.194848032671
2014.956	42.6450954213461
2012.312	43.1163119453389
2011.951	42.0671183236175
2012.216	41.6241262860284
2010	41.9883409484796
2010.699	41.8307861982039
2011.879	41.4368993225146
2010.641	41.752008823066
2012.24	41.5944540727903
2012	41.762058893187
2012	42.2246730738932
2007.356	42.0671183236175
2006.186	42.1458956987553
2006.178	42.6319936958235
2006.082	42.5464859754176
2006.929	42.4610051993068
2006.923	42.3822278241689
2010.148	42.1458956987553
2009.838	41.9161676646707
2006.953	42.5347222222222
2006.66	42.6252757642609
2006.03	43.0260047281324
2012.754	42.303450449031
2009.233	42.8548920749961
2006.693	42.8548920749961
2008.246	42.7471318560427
2009.268	42.8807036833425
2009.266	42.8807036833425
2009.263	42.8807036833425
2009.26	42.8807036833425
2009.189	42.8807036833425
2009.759	42.4094871593497
2008.746	43.1163119453389
2011.945	41.7811984606927
2011.797	41.7811984606927
2010.685	42.2524149846855
2011.973	41.7811984606927
2011.238	41.80089573348
2011.066	42.1738788973533
2009.397	42.0953428100212
2010.479	42.3309510720176
2011.663	42.0168067226891
2011.005	42.2590527059932
2011.184	41.8597345480248
2014.942	41.2314458493678
2010.556	42.3309510720176
2010.556	42.566559334014
2011.247	41.938270635357
2011.682	41.5521168800566
2009	42.4946979813055
2010.71	41.6732314479282
2010.71	41.5944540727903
2008.328	42.8021675960104
2011.616	41.4670541113642
2008.194	43.0124468252718
2010.685	42.861645130791
2009.214	42.9336694501339
2011.392	43.5875284693317
2011.085	43.4372790825544
2012.771	43.0377758580068
2011.449	43.0377758580068
2012.292	42.2524149846855
2013.233	42.0953428100212
2012.025	42.2590527059932
2010.893	44.0822225790911
2011.263	42.7303432566177
2017.66	42.023407430681
2016.74	42.3309510720176
2011.493	43.6406995230525
2014.512	42.9659885319299
2013.964	43.0377758580068
2011.496	43.0377758580068
2013.71	42.0168067226891
2011.027	42.5013748134182
2013.06	42.3475801382778
2012.601	42.4094871593497
2015.762	43.2733841200031
2016.432	42.9592397706746
2017.866	41.002277904328
2017.584	42.1738788973533
2016.667	41.8597345480248
2018.005	41.7026623733606
2018.488	42.3309510720176
2018.003	42.2524149846855
2018.614	42.7236315086782
2017.885	42.6584963469243
2018.266	42.2246730738932
2016.91	42.566559334014
2011.677	42.8088916817218
2014.189	43.2733841200031
2018.46	42.8807036833425
2017.063	42.6450954213461
2016.15	42.8807036833425
2017.392	42.8021675960104
2012.773	42.8021675960104
2017.367	41.7092137302647
2010.953	42.9592397706746
2012.702	42.4094871593497
2018.521	42.3309510720176
2019	42.6584963469243
2017.312	43.1230853821381
2017.052	42.9592397706746
2017.964	43.0377758580068
2017.704	43.0377758580068
2018.118	42.8807036833425
2018	43.15980152792
2015.652	43.044536957034
2015.041	42.9592397706746
2015.825	42.8807036833425
2016.915	43.3519202073353
2015.397	43.5158275076585
2015.186	42.8807036833425
2016	43.2733841200031
2011.647	42.0953428100212
2012.052	42.7437730808517
2007	42.8807036833425
2011.096	42.3735500670717
2013.285	42.9659885319299
2010.874	42.8807036833425
2011.34	41.4670541113642
2014.896	42.5732464064096
2015.323	42.1738788973533
2018.044	42.2590527059932
2017.156	42.3309510720176
2018.37	41.938270635357
2018.332	41.938270635357
2016.09	42.4880232466818
2016.74	42.1738788973533
2012.279	42.3994974874372
2011.912	42.303450449031
2011.162	42.9592397706746
2010.756	42.8807036833425
2012.795	41.1529097620357
2010.033	42.6450954213461
2014	42.344253279912
2012.314	42.1458956987553
2006	43.3244220789432
2005.66	43.823136731328
2005	43.4372790825544
2008.672	42.9592397706746
2008.653	43.0377758580068
2011.696	42.3309510720176
2008.038	43.6660645566638
2017.543	40.7600126143172
2017.858	42.3849438557647
2010.978	41.5944540727903
2012	42.0168067226891
2013	42.8807036833425
2014	42.8021675960104
2015	42.2246730738932
2014	42.0432220039293
2011.918	42.5769826251505
2013.082	41.7026623733606
2014	41.5455901986963
2014	42.0953428100212
2016	42.1218074656189
2017.351	41.7026623733606
2014	42.0168067226891
2013	41.9448590055769
2013	42.0953428100212
2013	42.1019558557851
2015	42.8807036833425
2012.582	42.8021675960104
2010.923	42.8021675960104
2013	42.3309510720176
2013	42.7303432566177
2013	42.4094871593497
2014	43.2491939922938
2013	42.6450954213461
2014	41.3099819366999
2011.085	43.2677040330264
2015.805	42.1667719519899
2007.636	42.9592397706746
2005.951	42.6450954213461
2005.529	42.8021675960104
2005.526	42.8021675960104
2003	43.9058934613266
2003	44.036552702064
2016	41.0743736747035
2015	41.388518024032
1992	44.2158171679887
1995	43.4372049102927
1983	44.4077654641201
1985	44.4322113872287
1981.129	44.2158171679887
1992	44.6575988678355
1984	44.5197383972894
1981.112	44.4514254299851
1979.932	44.5299615173172
1979.932	44.6940538842196
