1979	0.915722353741969
1980	0.920039843650839
1980	0.912917797124731
1981.145	0.913488889962387
1981	0.910986136219038
1981	0.91179473809104
1981	0.910410473573718
1981	0.9121604800638
1981	0.920781720928054
1980	0.922472652815638
1998	0.93920801765394
1989	0.936401979134981
1987	0.918149567323856
1987	0.923423822132021
2005.074	0.930200576834826
1992	0.925120108319388
1992.101	0.920388568067203
1992.016	0.917995753610773
1992	0.916618962347605
1994.005	0.918547618450387
1992	0.914793547811257
1999.455	0.917405419245676
1993	0.917742904574173
1995.803	0.919260342105756
2000.208	0.926324043574455
2000.208	0.916743789665821
2012.538	0.944416550688894
2013.636	0.916295909277644
2004.686	0.91955363092636
2011.896	0.910662832830683
2003.112	0.923969307969547
2001.038	0.935759547059366
1999.863	0.931430827279003
2001.868	0.933346854766153
2005.753	0.90883105447985
2006.34	0.926434060749168
2006	0.928086622551053
1997.31	0.923495957352328
1995.923	0.925214182093213
1998.882	0.909538623522884
1998.17	0.916663950840801
1994.101	0.924027068373063
1992.792	0.917063600501714
2005.266	0.904092663896261
2002.175	0.907637139400239
1999	0.924481471192485
2006.195	0.906299377579423
2007.847	0.897379194147578
2007.142	0.906370686792352
1993.173	0.915115672933695
1994	0.91613948066128
1994.011	0.917019767136278
1998	0.939442154007123
1998.458	0.923578347215714
1997.962	0.923411450237693
1997	0.924427023429581
1996.814	0.924644267091863
1985	0.915620286250189
1991	0.918969227416793
1994	0.89906771927925
1998	0.896245614264439
1995	0.948742292267897
1995	0.937640387210006
1995	0.937836161773948
1993	0.911501319857327
1998	0.923436164800865
2005.975	0.916292549084697
2005.868	0.927788031453973
2013.058	0.928425373019717
2012.385	0.932724988791896
2012.033	0.937627402180985
2009.233	0.926444788122132
2006.677	0.928066473682469
2011.619	0.914742512580042
2011.836	0.932785564989465
2011.833	0.928585361576779
2012.26	0.92726430619959
2011.855	0.918633694992297
2012.049	0.919171546536473
2011.948	0.918953647205971
2011.641	0.930909317351353
2011.562	0.931926779225819
2011.392	0.927935990619574
2012.481	0.941087584535355
2019	0.931969187366579
2019.729	0.923162323000776
2013.655	0.935049638327212
2012.046	0.939080227047192
2012.085	0.930390847737615
2011.816	0.93286709977961
2011.855	0.934328379354317
2013.468	0.935785067600422
2011.644	0.929847358062542
2011.63	0.929468755718054
2012.085	0.931587577921456
2013.751	0.921077710803068
2012.219	0.928170882856838
2012.079	0.931457134026228
2012.066	0.929155910251404
2012.003	0.926185349040877
2011.951	0.924770131639603
2012.128	0.932325760224785
2012.29	0.930025919005614
2012.295	0.932684751392737
2011.397	0.929704736241509
2011.244	0.930012505165816
2012.098	0.931667386828024
2012.227	0.932858956057787
2011.836	0.936486397216492
2014.148	0.933759592785953
2014.94	0.935930136250818
2014.175	0.929967210141946
2011.934	0.936033209315038
2012.107	0.927670756739375
2013.496	0.934548594809587
2012.025	0.936371928293967
2013.016	0.92309916115073
2014.093	0.925311324276374
2014	0.92614919366513
2014.808	0.932400116681775
2014.225	0.928603893796649
2013.036	0.929449752431352
2013.496	0.924888455820492
2010.89	0.932538876847239
2012.063	0.933345059887188
2011.951	0.950118115800719
2015.107	0.940239506241082
2013.058	0.93450996821765
2013.268	0.935538643232757
2007.277	0.929971902365534
2009	0.939703577491584
2006.03	0.930223912172947
2009.03	0.929919484247213
2006.789	0.926019205388509
2009	0.928542330666537
2005.888	0.926199904014126
2016.15	0.941590274560651
2004.24	0.924845492393702
2003	0.916278674478682
2018.315	0.936106831840768
2003	0.925278979253081
2004.153	0.937545229549541
2000	0.928909303965702
2000	0.932918251608031
1999	0.936127843045445
1999	0.93003890439624
2003.099	0.923282553098607
2003.482	0.923769266107681
2004.287	0.929528070802595
2004.721	0.935960834984866
2006.236	0.922295890032109
2006.236	0.91974483046356
2008.369	0.933241719758483
2005.929	0.917195816948967
2007.31	0.907997134950066
2006.312	0.918240075538112
2012.366	0.903030868868693
2012.366	0.903030868868693
2012.366	0.903692663974158
2012.366	0.903692663974158
2011.981	0.929382004778093
2011.932	0.928614779136125
2011.882	0.925284482386259
2012.153	0.92517883051448
2011.014	0.912964100121056
2013.666	0.931047913382868
2013.329	0.928597324963232
2015.956	0.929854986264294
2015.956	0.926027438426717
2015.94	0.929478679106761
2015.882	0.92856623275947
2016.896	0.929783226511448
2015.934	0.929246243229096
2014.937	0.923893274547757
2010.915	0.91963198605435
2010.915	0.914311083601483
2012.085	0.91282186788108
2011.748	0.922731582520509
2013	0.924887010474133
2013.044	0.924149854018313
2013	0.921746659253779
2013	0.921217988811787
2011.748	0.922148438013613
2010.915	0.911985064800055
2011.096	0.917231130850175
2011.096	0.909967962161303
2011.096	0.909967962161303
2011.047	0.909470522263351
2011.096	0.909173309674376
2011.096	0.909173309674376
2011.871	0.915080644460421
2011.871	0.915080644460421
2011	0.922892251338473
2011	0.911282122450083
2011	0.921512061765207
2012.852	0.928746931091562
2012.852	0.928746931091562
2011.871	0.918167287183966
2011.871	0.918167287183966
2013.038	0.920096391064986
2013.038	0.920096391064986
2013.038	0.915086344926408
2013.038	0.915086344926408
2013.036	0.919160658962452
2013.036	0.919160658962452
2013.038	0.915686795283971
2013.038	0.915686795283971
2013.036	0.916123598405432
2013.038	0.916766688974525
2013.038	0.916123598405432
2013.038	0.916766688974525
2012.866	0.916396577271265
2012.866	0.916396577271265
2015.438	0.920748974257497
2014.008	0.933758024445239
2011.014	0.91631183370503
2011.014	0.91631183370503
2011.666	0.923521824632132
2011.871	0.923280740776494
2011.871	0.923280740776494
2011.871	0.923051740513669
2011.871	0.923051740513669
2011	0.918684338519015
2010.915	0.923430206073066
2011	0.915340161448895
2013.833	0.922122893089007
2013.038	0.926144837532421
2013.038	0.926144837532421
2012.79	0.921324439967753
2012.863	0.924490326752534
2012.863	0.924490326752534
2012.863	0.923142106199405
2012.863	0.923142106199405
2012.186	0.922994683065984
2012.011	0.922693837341386
2011	0.922179190934696
2010.915	0.914893088454984
2011	0.918417383052093
2011	0.920802473220539
2011	0.916879894621386
2011.022	0.920238633289891
2012.79	0.920238633289891
2011.175	0.919125333711453
2011.175	0.919125333711453
2010.915	0.916708720325179
2011.833	0.918738856609248
2012.085	0.922651803285776
2011.773	0.926902633188825
2011.858	0.926902633188825
2011.277	0.923412257585327
2011.277	0.923412257585327
2012	0.920748974257497
2012.904	0.91381766859457
2012.904	0.91381766859457
2012.904	0.914897045389066
2012.904	0.914897045389066
2012.904	0.91482431449447
2012.904	0.91482431449447
2012.995	0.917606298767174
2011	0.915513922384058
2010.833	0.915756308689153
2010.833	0.916356747006462
2013.885	0.910039412237486
2010	0.905616827900514
2011	0.915472079883035
2011	0.916786308093351
2008.962	0.910950461229769
2009.096	0.914512214103537
2010.915	0.912337557342893
2011.852	0.915856516324473
2011.852	0.915856516324473
2009.019	0.911452719245533
2009.019	0.91145251693968
2009.134	0.904055308813878
2009.134	0.903154966408496
2009.134	0.903951431260006
2009.134	0.903951431260006
2009.134	0.904753907274127
2009.134	0.903727636006117
2009.96	0.904688373895455
2009.96	0.905208209370823
2007	0.909929583317451
2008	0.929829216035842
2009	0.930940903420978
2012.085	0.912040389498438
2009.845	0.919841632489869
2009.03	0.90517712667276
2009.019	0.907872729974332
2009.211	0.918968491600181
2013.038	0.928215899783227
2013.038	0.928215899783227
2013.036	0.918252867285473
2013.036	0.918252867285473
2013.038	0.928879233330795
2013.038	0.928879233330795
2013.038	0.939353818252781
2013.036	0.939353818252781
2013.036	0.934839072325354
2013.036	0.934839072325354
2013.036	0.93345167338735
2013.036	0.93345167338735
2009.481	0.914000913956903
2006.915	0.918392563663004
2007.962	0.912147585563444
2009.959	0.912183793237995
2009.079	0.910950461229769
2009.079	0.915428716006691
2009.627	0.914022796251953
2009.627	0.910950461229769
2008.025	0.915260157333642
2007.233	0.916110647624767
2008.809	0.907442401054393
2006.734	0.918208757992189
2007.099	0.919025134928356
2006.951	0.920526138740415
2004.954	0.909235082185611
2005.181	0.912219137702948
2005.074	0.918495385864055
2005.036	0.921754436641462
2005.216	0.915992141799792
2004.24	0.916282874046057
2003.351	0.920454729989716
2002.907	0.915794781292418
2001	0.921048225526834
2004	0.925627337617661
2008.306	0.919491699870158
2017	0.921070772299356
2016	0.894191230687134
2020.609	0.910714393119858
2001	0.916318332124972
2013.153	0.935077727510016
2012	0.912842457319426
2005.507	0.934939248428039
2005.507	0.93625448527863
2007.23	0.93616790401917
2008.73	0.922272767192167
2010.855	0.933320231152751
2008.306	0.939378404571762
2009.742	0.943413327639888
2008.254	0.943034401232734
2008.407	0.940775420200082
2009.145	0.937645018925157
2009.074	0.93671306903427
2008.287	0.941803053502503
2016.353	0.92156288053157
2011.817	0.937174003653864
2009	0.937123976387371
2010.414	0.941065471392487
2010.299	0.93700050027395
2009.668	0.938643827187015
2011.277	0.94151133788565
2010.863	0.943337780224941
2009.608	0.942250348094731
2010.767	0.942332210080557
2010.014	0.941501009424738
2010.592	0.948774336657206
2010.592	0.947223089190059
2017.967	0.916590396685834
2009.592	0.931499118506599
2005.679	0.935662804469236
2003	0.937045871765627
2013.162	0.911642303154771
2012.579	0.909012587052793
2006.255	0.932050323221676
2006.219	0.931289776242303
2007.907	0.923995775675804
2007.904	0.940132770817682
2014	0.922614134560898
2015	0.924283510625648
2011.773	0.938375848531585
2011.044	0.926755622151942
2015.011	0.927908578126329
2009.249	0.924988940458586
2014	0.946623171313376
2012.415	0.924674540763826
2014	0.94554646952282
2011.893	0.923868365024444
2012.923	0.926289806938372
2012.424	0.926651238889705
2011.236	0.928229205821155
2013.23	0.934474633583343
2011.973	0.942968466459597
2011.879	0.94047179392235
2011.833	0.940222509241018
2011.814	0.940091190201621
2012.369	0.926561123380264
2009.09	0.927459605790652
2011.088	0.925032363772768
2012.082	0.9442826377756
2010.86	0.948489453651827
2012.087	0.952583199633725
2015	0.954670511877743
2008.074	0.93159602053169
2009.203	0.925821652785467
2005.471	0.936098999782647
2006.137	0.945221205142136
2004	0.956590602238804
2004	0.931480969684861
2005	0.94165602200781
2006	0.940724069042097
2014.816	0.939690194499401
2010.803	0.926246469589551
2010.781	0.920238319416267
2008.415	0.923832173690735
2010.085	0.945024859008415
2012	0.925825550588893
2011.466	0.936771926299506
2017.378	0.931701286133815
2019.748	0.903127659740978
2016.298	0.906416805845441
2017.337	0.943192555922014
2018.964	0.949450017687929
2007	0.923662232906297
2007.252	0.931638351880565
2015.058	0.944922522264644
2014.521	0.939227025301651
2013.942	0.928182505958578
2005.912	0.94389696080472
2005.6	0.933109055857414
2004.26	0.933791641264809
2005.792	0.93319275326752
2006.693	0.930850101304378
2009.153	0.928262622485535
2006.805	0.913693750677667
2006.808	0.913693750677667
2006.792	0.929158427320485
2007.211	0.938487641546957
2006.838	0.919063438986369
2006.847	0.918386390825378
2005.855	0.923968751459234
2012.06	0.90123118039676
2007.285	0.923975732637056
2007.2	0.927190382641588
2011.619	0.917905975567651
2008.115	0.929924035943337
2008.074	0.927277012905101
2008.082	0.925408381305197
2009.942	0.925520383560689
2009.707	0.9237872967316
2012.008	0.923686451007438
2012.046	0.923997038247185
2010.603	0.922325029127814
2011.162	0.931595782428945
2011.688	0.925717106105358
2011.008	0.931542052957303
2011.008	0.937954326859821
2010.858	0.918907992818901
2009.058	0.921771027932207
2010.288	0.931736426997792
2010.285	0.932619100416907
2012.117	0.916913500871342
2010.729	0.922412429071788
2013.123	0.937611421946591
2009.468	0.91630055812501
2010	0.919504966373069
2010.666	0.922031634838144
2012.385	0.924077057760147
2013.389	0.922346576378574
2010.364	0.9005893901354
2010.364	0.901738192933133
2005.926	0.921210679222021
2008.519	0.924213229315573
2007.625	0.922459975815054
2005.471	0.919094134354378
2009.071	0.939394312028973
2008.705	0.940365314133651
2009.605	0.944311029390741
2008.667	0.93400370942741
2008.669	0.933596998620451
2007.37	0.930923027824263
2007.844	0.936416743620735
2008.672	0.925999678798795
2008.314	0.923440231090857
2007.6	0.931399823716536
2007.775	0.932800144415851
2007.77	0.93078381854212
2007.559	0.932395513346638
2007.89	0.938202434369612
2005.784	0.927922543969977
2006.901	0.923553026948857
2006.271	0.924526921863962
2016.779	0.909714545270372
2017.142	0.947223138763189
2005.74	0.925741149944968
2006.718	0.932789561790523
2006.704	0.932860420152358
2006.699	0.932860628483907
2006.693	0.933741288999928
2007.54	0.946408290766016
2009.211	0.911622036704747
2010.493	0.935749056740802
2011.91	0.936487256244622
2011.132	0.939664397057281
2010.841	0.941829393466168
2010.841	0.941754844151159
2010.614	0.934789909358301
2011.8	0.946824953566975
2011.545	0.944852225827559
2011.255	0.945312872690665
2011.247	0.946335041224945
2016.779	0.929359568120106
2017.219	0.936405787410512
2016.377	0.930289715895453
2016.377	0.930289715895453
2016.071	0.928285872618298
2013.811	0.938666020400853
2018.063	0.942409038491685
2017.414	0.93518667079175
2017.603	0.940104555519687
2018.027	0.933809341854266
2017.888	0.947386011986736
2017.252	0.954368293742526
2016.475	0.925667667424314
2016.227	0.935422217879157
2017.386	0.924253725495726
2017.197	0.92095192766358
2018.874	0.950476420314864
2018.671	0.917437937096846
2018.077	0.922936449245803
2018.786	0.926872450614317
2018.948	0.934097584182785
2018.863	0.930923177358616
2018.784	0.917960152303776
2017.953	0.924405431864071
2018.819	0.916983526935486
2018.91	0.916983526935486
2018.825	0.923649268267774
2017.693	0.932939090285273
2010.027	0.931356164547105
2012.12	0.930577211812027
2009.132	0.936637550117484
2011.658	0.943515010037242
2011.455	0.925845355605479
2012.12	0.926680260299574
2012.194	0.931267229852676
2012.063	0.926437768901858
2011.504	0.923679029716518
2011.392	0.92713526929257
2012.033	0.928618384218221
2011.238	0.925648891479016
2011.912	0.924924563377951
2012.178	0.923832874831363
2010.89	0.921796138383549
2012.093	0.941200456911581
2012.798	0.946482849530101
2013.595	0.948371144608676
2014.904	0.945472966797424
2014.956	0.935699961341267
2012.312	0.944237735309762
2011.951	0.925246720541091
2012.216	0.924797858098738
2010	0.925355552366578
2010.699	0.920342793591775
2011.879	0.916318894183327
2010.641	0.91605695346264
2012.24	0.918363647715657
2012	0.91907091862146
2012	0.931131064375736
2007.356	0.919542432230805
2006.186	0.916171298821849
2006.178	0.928859194958762
2006.082	0.924593225292916
2006.929	0.924927477154824
2006.923	0.923823882956241
2010.148	0.927395965377012
2009.838	0.924069004786657
2006.953	0.924929183376308
2006.66	0.928193542256318
2006.03	0.938758252591548
2012.754	0.915498591787485
2009.233	0.938877696627559
2006.693	0.938715176025059
2008.246	0.941231717512962
2009.268	0.942142118354282
2009.266	0.942455018426801
2009.263	0.942839380179829
2009.26	0.942142118354282
2009.189	0.944093572903713
2009.759	0.939007963873698
2008.746	0.950300262440875
2011.945	0.937128806475702
2011.797	0.931122408427227
2010.685	0.941451633398105
2011.973	0.935055341728768
2011.238	0.935155844241697
2011.066	0.935179806643836
2009.397	0.933055446730302
2010.479	0.942475042185589
2011.663	0.936899673146477
2011.005	0.941596224780465
2011.184	0.931554377303519
2014.942	0.924964434207531
2010.556	0.938902873771993
2010.556	0.94296833986407
2011.247	0.934309644382838
2011.682	0.928114317988232
2009	0.936000598477819
2010.71	0.91984857246378
2010.71	0.919100066293194
2008.328	0.940848268154149
2011.616	0.925289629719382
2008.194	0.936939522312678
2010.685	0.936272409087786
2009.214	0.934056628429664
2011.392	0.94208258534717
2011.085	0.938783036023157
2012.771	0.937356407635973
2011.449	0.944446829511766
2012.292	0.938829027411726
2013.233	0.926303472526729
2012.025	0.926075276566069
2010.893	0.964364164475053
2011.263	0.939251893263878
2017.66	0.930912724372536
2016.74	0.933965368608332
2011.493	0.954644727889491
2014.512	0.937114533310364
2013.964	0.936539660853911
2011.496	0.942682375364163
2013.71	0.926963592113652
2011.027	0.93347523154633
2013.06	0.92559275226073
2012.601	0.928776972278219
2015.762	0.948355787638745
2016.432	0.945044412374309
2017.866	0.91718319930447
2017.584	0.936139891365284
2016.667	0.932410541431446
2018.005	0.934248769483116
2018.488	0.94711413920055
2018.003	0.944724412754074
2018.614	0.951440604512701
2017.885	0.941259358544985
2018.266	0.934841842323249
2016.91	0.941327926219605
2011.677	0.939202451736908
2014.189	0.948043623126685
2018.46	0.94215691041604
2017.063	0.935755739166664
2016.15	0.94336773455831
2017.392	0.947168413632864
2012.773	0.945723483966563
2017.367	0.928414697537147
2010.953	0.939311093779414
2012.702	0.938218014484052
2018.521	0.93731048191672
2019	0.935226641608667
2017.312	0.94220154702442
2017.052	0.939545085434489
2017.964	0.941489514976829
2017.704	0.939180999615218
2018.118	0.93462344811264
2018	0.94760074224415
2015.652	0.938557695920884
2015.041	0.932788476993548
2015.825	0.933264252360329
2016.915	0.944269625249858
2015.397	0.942512658861761
2015.186	0.933218209031055
2016	0.946955153062972
2011.647	0.926431063228627
2012.052	0.938564823546305
2007	0.932005703782491
2011.096	0.931054727156277
2013.285	0.949643164834036
2010.874	0.9437748495747
2011.34	0.91673331667661
2014.896	0.925867164310711
2015.323	0.916651195368453
2018.044	0.918730383350961
2017.156	0.918644898097405
2018.37	0.912300391032577
2018.332	0.913341826062764
2016.09	0.9223288079809
2016.74	0.916018948541888
2012.279	0.928670282256251
2011.912	0.940182368451472
2011.162	0.928250521266652
2010.756	0.935875617763091
2012.795	0.90570578625712
2010.033	0.935153538749658
2014	0.936554171167728
2012.314	0.915314320676998
2006	0.938699961785812
2005.66	0.943162523076207
2005	0.936839980910217
2008.672	0.932819919554109
2008.653	0.933315283788684
2011.696	0.93943376103332
2008.038	0.948701325358231
2017.543	0.923187756074778
2017.858	0.932772205849905
2010.978	0.913670658384679
2012	0.919680644037123
2013	0.939826018958794
2014	0.937344386238384
2015	0.926629152400097
2014	0.924165101608659
2011.918	0.937668937839453
2013.082	0.925146385353715
2014	0.923813609925485
2014	0.934945059701043
2016	0.944609580242371
2017.351	0.940337594932913
2014	0.939492794638517
2013	0.938362406553898
2013	0.939532074600591
2013	0.939294678256661
2015	0.944027506532021
2012.582	0.938805917183624
2010.923	0.944536863070274
2013	0.92930518144126
2013	0.946784730180515
2013	0.933815932645956
2014	0.954704528988986
2013	0.945120340897358
2014	0.927305500774211
2011.085	0.939340189313309
2015.805	0.917978923698829
2007.636	0.925592293155617
2005.951	0.917098372666502
2005.529	0.92009876852921
2005.526	0.920173463581228
2003	0.925869688287992
2003	0.928868494075465
2016	0.889068550759488
2015	0.894215967080376
1992	0.918453214675554
1995	0.906464316179102
1983	0.91261579969256
1985	0.920204844730402
1981.129	0.910101104431235
1992	0.914982885349526
1984	0.914609660823172
1981.112	0.916400207879794
1979.932	0.923590469920554
1979.932	0.925375791389627
