2018.542	42.6670865149965
2018.542	42.6670865149965
2017.507	43.4543021333543
2017.507	43.3755805715185
2017.507	43.3755805715185
2017.507	43.3755805715185
2017.507	43.3755805715185
2017.507	43.3755805715185
2017.507	43.3755805715185
2017.507	43.3755805715185
2017.507	43.3755805715185
2017.507	43.3755805715185
2017.507	43.3755805715185
2017.507	43.3755805715185
2017.507	43.2968590096828
2017.507	43.2968590096828
2017.507	43.2968590096828
2017.507	43.2968590096828
2017.507	43.2968590096828
2017.507	43.2968590096828
2017.507	43.2968590096828
2017.507	43.2968590096828
2017.507	43.218137447847
2017.507	43.2968590096828
2017.507	43.2968590096828
2017.507	43.2968590096828
2017.507	43.2968590096828
2017.507	43.2968590096828
2018.096	43.218137447847
2018.096	43.218137447847
2018.096	42.9819727623396
2018.096	43.1394158860112
2018.096	43.0606943241754
2018.096	43.0606943241754
2018.096	43.0606943241754
2018.096	43.0606943241754
2018.096	43.0606943241754
2018.096	43.0606943241754
2018.096	43.1394158860112
2018.096	43.1394158860112
2018.096	43.0606943241754
2018.096	43.0606943241754
2018.096	43.1394158860112
2018.096	43.0606943241754
2018.096	43.1394158860112
2018.096	43.1394158860112
2018.096	43.0606943241754
2018.096	43.0606943241754
2018.096	43.1394158860112
2018.096	43.0606943241754
2018.096	43.1394158860112
2018.096	43.0606943241754
2018.096	43.1394158860112
2018.096	42.9819727623396
2018.096	43.1394158860112
2018.096	43.1394158860112
2018.096	43.1394158860112
2018.096	43.0606943241754
2018.096	43.0606943241754
2018.096	43.1394158860112
2018.096	43.1394158860112
2018.096	43.1394158860112
2018.096	42.9819727623396
2018.096	43.0606943241754
2018.096	43.1394158860112
2018.096	43.1394158860112
2018.096	43.1394158860112
2018.096	43.1394158860112
2018.096	43.0606943241754
2018.096	43.0606943241754
2018.096	42.9887410440123
2018.096	43.0606943241754
2018.096	43.0606943241754
2018.096	43.0606943241754
2018.096	43.0606943241754
2018.096	43.0606943241754
2018.096	43.1394158860112
2007	45.5905511811024
2015.03	44.7064408925463
2006.329	45.0393700787402
2007.754	45.1968503937008
2010.915	45.748031496063
2012.735	45.748031496063
2012.814	45.6692913385827
2012.776	45.8267716535433
2012.749	45.5905511811024
2012.831	45.748031496063
2012.831	45.511811023622
2012.008	45.4330708661417
2012.008	45.4723945653028
2012.008	45.511811023622
2012.831	45.4330708661417
2011.937	45.4330708661417
2012.831	45.5905511811024
2012.008	45.5509306526349
2012.008	45.3543307086614
2012.008	45.511811023622
2012.831	45.511811023622
2014.866	45.6692913385827
2016.915	45.1968503937008
2017.126	45.2755905511811
2010.973	44.7244094488189
2013.079	44.1732283464567
2013.156	44.1732283464567
2013.274	44.1732283464567
2016.071	43.3070866141732
2014.46	44.0944881889764
2018.329	43.8582677165354
2017.479	43.4645669291339
2017.329	43.4543021333543
2016.956	44.1431499290557
2017.052	44.5669291338583
2016.071	43.7007874015748
2015.959	43.3858267716535
2016.109	43.4645669291339
2016.339	43.7007874015748
2016.915	43.8582677165354
2017.321	43.3858267716535
2012.814	44.3307086614173
2012.929	44.1732283464567
2015.345	44.1732283464567
2013.074	44.1919191919192
2012.964	44.0944881889764
2013.079	44.251968503937
2012.929	44.1732283464567
2012.85	44.251968503937
2013.079	44.3307086614173
2013.693	44.251968503937
2013.195	44.251968503937
2015.348	43.7007874015748
2015.34	43.7795275590551
2013.885	44.251968503937
2013.655	44.3307086614173
2013.351	44.488188976378
2013.619	44.251968503937
2013.463	44.251968503937
2013.23	44.488188976378
2013.236	44.4094488188976
2013.351	44.5669291338583
2013.23	44.4094488188976
2013.23	44.4094488188976
2013.463	44.4094488188976
2013.962	44.488188976378
2016.221	44.488188976378
2015.282	44.2158171679887
2014.94	44.2158171679887
2015.345	44.0587449933244
2015.033	44.1372810806566
2017.299	43.7446006439959
2016.399	44.0587449933244
2016.609	43.9802089059923
2016.383	43.9802089059923
2016.552	43.9802089059923
2016.609	43.823136731328
2016.762	43.7446006439959
2018.022	43.9802089059923
2017.167	44.0587449933244
2014.633	44.2943532553208
2014.595	44.7244094488189
2013.351	44.251968503937
2013.236	44.3307086614173
2012.964	44.4094488188976
2013.079	44.251968503937
2012.964	44.3307086614173
2013.195	44.488188976378
2013.543	44.4094488188976
2013.543	44.4094488188976
2013.501	44.3307086614173
2013.463	44.4094488188976
2013.195	44.4094488188976
2013.351	44.1732283464567
2013.463	44.3307086614173
2013.389	44.0944881889764
2013.619	44.1732283464567
2011.334	44.251968503937
2015.227	43.8582677165354
2015.227	43.7007874015748
2012.792	44.0944881889764
2012.792	44.0944881889764
2016.803	43.3858267716535
2017.318	43.3070866141732
2016.664	43.3070866141732
2016.342	43.3858267716535
2012.317	45.2755905511811
2010.932	45.2827216884549
2011.937	45.1181102362205
2012.831	45.1968503937008
2011.937	45.1968503937008
2016.033	46.0629921259843
2013.773	45.3543307086614
2014.052	45.3543307086614
2012.511	45.511811023622
2012.317	45.4330708661417
2012.451	45.511811023622
2012.085	45.2755905511811
2012.929	45.1968503937008
2012.776	45.2755905511811
2012.107	45.511811023622
2012.087	45.4330708661417
2012.415	45.5905511811024
2012.926	45.3543307086614
2016.798	44.5669291338583
2017.564	45.5905511811024
2012.309	45.6692913385827
2013.151	45.748031496063
2012.664	45.748031496063
2012.664	45.8267716535433
2012.664	45.748031496063
2012.664	45.8267716535433
2012.664	45.748031496063
2012.664	45.748031496063
2012.664	45.748031496063
2012.664	45.748031496063
2012.664	45.748031496063
2012.907	45.748031496063
2012.664	45.748031496063
2012.664	45.748031496063
2012.664	45.8267716535433
2012.664	45.748031496063
2012.664	45.748031496063
2012.664	45.748031496063
2012.568	45.748031496063
2012.664	45.748031496063
2012.664	45.748031496063
2012.664	45.755237045204
2013.151	45.748031496063
2013.137	45.748031496063
2013.151	45.748031496063
2013.137	45.748031496063
2013.137	45.748031496063
2013.151	45.8267716535433
2013.151	45.6692913385827
2013.137	45.748031496063
2013.137	45.748031496063
2013.137	45.748031496063
2013.151	45.6692913385827
2013.137	45.8267716535433
2013.137	45.748031496063
2013.137	45.748031496063
2013.137	45.748031496063
2013.137	45.748031496063
2013.137	45.748031496063
2013.137	45.8267716535433
2013.137	45.748031496063
2012.664	45.748031496063
2013.137	45.748031496063
2012.664	45.748031496063
2012.664	45.748031496063
2013.151	45.748031496063
2013.137	45.748031496063
2012.369	44.9606299212598
2013.121	44.8031496062992
2013.729	44.7244094488189
2012.292	44.9606299212598
2012.183	45.2755905511811
2012.183	45.2755905511811
2010.992	44.6161122497241
2008.41	45.511811023622
2009.137	45.1181102362205
2012.221	44.5669291338583
2009.386	46.1417322834646
2015.156	45.0464640100803
2010.159	45.9842519685039
2012.801	44.0157480314961
2012.907	44.0157480314961
2012.929	44.0157480314961
2011.8	44.6456692913386
2012.249	44.7244094488189
2017.299	44.5669291338583
2016.893	44.4094488188976
2017.041	44.3307086614173
2013.545	44.8031496062992
2017.301	44.4094488188976
2017.375	44.9606299212598
2014.167	44.8031496062992
2011.915	44.488188976378
2014.693	43.1496062992126
2016.798	43.3858267716535
2017.932	42.9133858267717
2017.326	43.4645669291339
2016.686	44.8031496062992
2005	45.2755905511811
2005.417	45.2755905511811
2005	45.4330708661417
2005.526	45.3614742479131
2009.252	45.1968503937008
2006.145	45.1181102362205
2009.405	45.1323251417769
2006.984	44.8818897637795
2007.789	45.0393700787402
2007	45.0464640100803
2005.773	45.3543307086614
2005.764	45.3543307086614
2012.806	44.8031496062992
2005.052	45.3543307086614
2006.491	45.511811023622
2009.496	45.5905511811024
2005.381	45.2755905511811
2005.304	45.3543307086614
2005.066	45.3543307086614
2005.066	45.3543307086614
2008.459	44.5669291338583
2008.459	44.5669291338583
2013.926	45.5333228296833
2015.082	45.4545454545455
2015.082	45.4545454545455
2015.082	45.4545454545455
2015.082	45.4545454545455
2015.082	45.4545454545455
2015.082	45.4545454545455
2015.082	45.4545454545455
2015.082	45.4545454545455
2015.082	45.4545454545455
2015.082	45.4545454545455
2015.082	45.4545454545455
2015.082	45.4545454545455
2015.082	45.4545454545455
2015.082	45.4545454545455
2015.082	45.4545454545455
2015.082	45.4545454545455
2015.082	45.4545454545455
2015.082	45.4545454545455
2015.082	45.4545454545455
2015.082	45.4545454545455
2015.082	45.4545454545455
2015.082	45.4545454545455
2015.082	45.4545454545455
2015.082	45.4545454545455
2015.082	45.4545454545455
2015.082	45.4545454545455
2015.082	45.4545454545455
2015.082	45.4545454545455
2015.082	45.4545454545455
2015.082	45.5333228296833
2015.082	45.4545454545455
2015.082	45.5333228296833
2015.082	45.5333228296833
2015.082	45.5333228296833
2015.082	45.5333228296833
2015.082	45.5333228296833
2015.082	45.5333228296833
2015.082	45.5333228296833
2015.082	45.4545454545455
2015.515	45.139435953994
2015.932	45.139435953994
2015.932	45.139435953994
2015.932	45.139435953994
2015.932	45.0606585788562
2015.932	45.139435953994
2015.932	45.139435953994
2015.932	45.139435953994
2015.932	45.139435953994
2015.932	45.139435953994
2015.932	45.139435953994
2015.932	45.139435953994
2015.932	45.139435953994
2015.934	45.139435953994
2015.932	45.2969907042697
2015.934	45.2969907042697
2015.934	45.2969907042697
2015.934	45.2969907042697
2015.934	45.3757680794076
2015.934	45.3757680794076
2015.934	45.2969907042697
2015.932	45.2182133291319
2015.932	45.2182133291319
2015.932	45.4545454545455
2015.932	45.2182133291319
2015.932	45.2182133291319
2015.932	45.2969907042697
2015.932	45.2969907042697
2015.932	45.2969907042697
2015.932	45.3757680794076
2015.932	45.3757680794076
2015.934	45.3757680794076
2014.534	45.3757680794076
2014.534	45.3757680794076
2014.534	45.3757680794076
2014.534	45.3757680794076
2014.534	45.3757680794076
2014.534	45.3757680794076
2014.534	45.3757680794076
2014.534	45.3757680794076
2014.534	45.3757680794076
2014.534	45.3757680794076
2014.534	45.3757680794076
2014.534	45.3757680794076
2014.534	45.2969907042697
2014.534	45.3757680794076
2014.534	45.2969907042697
2014.534	45.3757680794076
2014.534	45.3757680794076
2014.534	45.2969907042697
2014.534	45.3757680794076
2014.534	45.3757680794076
2014.534	45.3757680794076
2014.534	45.3757680794076
2014.534	45.3757680794076
2013.926	45.4545454545455
2013.926	45.4545454545455
2013.926	45.4545454545455
2013.926	45.2969907042697
2012	44.4164435344149
2012	44.4164435344149
2017.986	43.7076704992912
2017.052	43.8582677165354
2012.309	43.9370078740157
2013.121	44.0944881889764
2013.195	44.0944881889764
2013.389	44.0944881889764
2013.619	44.0944881889764
2013.926	44.0944881889764
2013.811	44.0157480314961
2013.773	44.0157480314961
2013.693	44.0157480314961
2013.885	43.9370078740157
2013.849	44.0157480314961
2014.422	43.7007874015748
2014.173	43.8582677165354
2013.619	44.3307086614173
2015.055	44.0157480314961
