2018.542	0.906676134179365
2018.542	0.905426586954873
2017.507	0.918037712058482
2017.507	0.918153228266734
2017.507	0.917782407092152
2017.507	0.917709456488786
2017.507	0.917709456488786
2017.507	0.917339113689558
2017.507	0.917339113689558
2017.507	0.917339113689558
2017.507	0.917339113689558
2017.507	0.917709456488786
2017.507	0.917339113689558
2017.507	0.917339113689558
2017.507	0.917154727164322
2017.507	0.917154727164322
2017.507	0.916857335877953
2017.507	0.916857335877953
2017.507	0.917154727164322
2017.507	0.917154727164322
2017.507	0.917154727164322
2017.507	0.917154727164322
2017.507	0.915560395456507
2017.507	0.916857335877953
2017.507	0.916857335877953
2017.507	0.917154727164322
2017.507	0.916857335877953
2017.507	0.916857335877953
2018.096	0.914602709092961
2018.096	0.914233768911803
2018.096	0.909166415852306
2018.096	0.912640550396064
2018.096	0.911494914656867
2018.096	0.911198974749511
2018.096	0.911494914656867
2018.096	0.911198974749511
2018.096	0.910535927260268
2018.096	0.911423389177676
2018.096	0.912272401727086
2018.096	0.912568497930178
2018.096	0.911198974749511
2018.096	0.911198974749511
2018.096	0.912425143781616
2018.096	0.91083155580808
2018.096	0.912568497930178
2018.096	0.912568497930178
2018.096	0.91083155580808
2018.096	0.911198974749511
2018.096	0.912936766089149
2018.096	0.911198974749511
2018.096	0.912568497930178
2018.096	0.91083155580808
2018.096	0.912936766089149
2018.096	0.910124152805104
2018.096	0.912272401727086
2018.096	0.913305331598269
2018.096	0.912568497930178
2018.096	0.911566690235689
2018.096	0.911198974749511
2018.096	0.912864786403532
2018.096	0.912936766089149
2018.096	0.912568497930178
2018.096	0.910124152805104
2018.096	0.910760134395153
2018.096	0.912200526761658
2018.096	0.912272401727086
2018.096	0.91300899631871
2018.096	0.912640550396064
2018.096	0.910903226948554
2018.096	0.911566690235689
2018.096	0.910267641796479
2018.096	0.911566690235689
2018.096	0.911566690235689
2018.096	0.911270823085337
2018.096	0.911638716029659
2018.096	0.911566690235689
2018.096	0.912936766089149
2007	0.946778105493369
2015.03	0.935419977150856
2006.329	0.931706007952609
2007.754	0.938072321868553
2010.915	0.955877219684762
2012.735	0.95527716073614
2012.814	0.953183481341603
2012.776	0.956681377399343
2012.749	0.953340405506894
2012.831	0.956872467826521
2012.831	0.952479375196611
2012.008	0.951070347024312
2012.008	0.952603607023878
2012.008	0.95302847638852
2012.831	0.951449712938562
2011.937	0.951000451411217
2012.831	0.954056789841603
2012.008	0.952705271217457
2012.008	0.949941430028464
2012.008	0.952479375196611
2012.831	0.952409023365193
2014.866	0.953768868424083
2016.915	0.948628027530982
2017.126	0.952143333819208
2010.973	0.935894127140913
2013.079	0.924740904955146
2013.156	0.924440956559118
2013.274	0.924810437357103
2016.071	0.912842223896406
2014.46	0.924994495214482
2018.329	0.924761244887977
2017.479	0.918185559334372
2017.329	0.919169289118696
2016.956	0.928720732615038
2017.052	0.935153686374411
2016.071	0.921580074376683
2015.959	0.923664720649406
2016.109	0.92606684526827
2016.339	0.929205760690868
2016.915	0.924416055649805
2017.321	0.918593517550565
2012.814	0.927829829022927
2012.929	0.926312728515903
2015.345	0.928190887925547
2013.074	0.927280302148701
2012.964	0.924223267088193
2013.079	0.928938545794424
2012.929	0.925641919152894
2012.85	0.926620631940322
2013.079	0.926720427075112
2013.693	0.924680226875212
2013.195	0.925812380369196
2015.348	0.923662861690578
2015.34	0.925256640866688
2013.885	0.929520079129185
2013.655	0.929313170076521
2013.351	0.930012506745006
2013.619	0.926551551930369
2013.463	0.926044759742627
2013.23	0.931800187441114
2013.236	0.929107086349158
2013.351	0.931425003414386
2013.23	0.92887447823435
2013.23	0.929245286409294
2013.463	0.930801666736499
2013.962	0.931032335928523
2016.221	0.940989935579554
2015.282	0.92991277380848
2014.94	0.9295412545221
2015.345	0.928113589616577
2015.033	0.928793407001279
2017.299	0.92671998972355
2016.399	0.928415023065624
2016.609	0.927362473327593
2016.383	0.92808361187548
2016.552	0.925581439468391
2016.609	0.920848938268826
2016.762	0.921019866769601
2018.022	0.929946485444077
2017.167	0.930486486159863
2014.633	0.926333160038263
2014.595	0.938480796944006
2013.351	0.926181818669423
2013.236	0.927366144388292
2012.964	0.928712094656944
2013.079	0.927222724618646
2012.964	0.928640285834317
2013.195	0.930730444769013
2013.543	0.930731484388357
2013.543	0.927300070946209
2013.501	0.925655921884248
2013.463	0.927531651191662
2013.195	0.928736628978205
2013.351	0.923660421956841
2013.463	0.928734734577891
2013.389	0.925262757550428
2013.619	0.927518080147023
2011.334	0.92480335842251
2015.227	0.922958005541429
2015.227	0.919435501762869
2012.792	0.924350435923818
2012.792	0.923982462024167
2016.803	0.913930072268034
2017.318	0.914262023283821
2016.664	0.912299243066845
2016.342	0.914160092037195
2012.317	0.942618463494972
2010.932	0.943125823643345
2011.937	0.940658589846797
2012.831	0.942300227874453
2011.937	0.941926299212598
2016.033	0.962931683020647
2013.773	0.941872519454543
2014.052	0.941805182291008
2012.511	0.946199536643242
2012.317	0.942320671815477
2012.451	0.944500526136775
2012.085	0.940714186710765
2012.929	0.940061098620098
2012.776	0.939188044292351
2012.107	0.946439077930203
2012.087	0.943066768942805
2012.415	0.948558258378515
2012.926	0.944498892647046
2016.798	0.919579118559915
2017.564	0.934078083497927
2012.309	0.954187424827101
2013.151	0.951700659939582
2012.664	0.951081466276641
2012.664	0.952651479210697
2012.664	0.950396074904036
2012.664	0.952651479210697
2012.664	0.95145798308831
2012.664	0.951390962360688
2012.664	0.951081466276641
2012.664	0.951014620998995
2012.664	0.950705247342196
2012.907	0.95176760169654
2012.664	0.95145798308831
2012.664	0.951700659939582
2012.664	0.952718439540456
2012.664	0.95145798308831
2012.664	0.951014620998995
2012.664	0.951081466276641
2012.568	0.951700659939582
2012.664	0.951148565858038
2012.664	0.951390962360688
2012.664	0.952387544164486
2013.151	0.951390962360688
2013.137	0.951390962360688
2013.151	0.951700659939582
2013.137	0.952564514449124
2013.137	0.951390962360688
2013.151	0.952718439540456
2013.151	0.950062620937964
2013.137	0.952254131746468
2013.137	0.951390962360688
2013.137	0.952875099553281
2013.151	0.949068921615273
2013.137	0.953028468320001
2013.137	0.95145798308831
2013.137	0.951390962360688
2013.137	0.953252177155003
2013.137	0.951390962360688
2013.137	0.951390962360688
2013.137	0.952718439540456
2013.137	0.951390962360688
2012.664	0.951081466276641
2013.137	0.95176760169654
2012.664	0.950839349809319
2012.664	0.951525258359368
2013.151	0.95176760169654
2013.137	0.952077421879383
2012.369	0.936910482672554
2013.121	0.933114462577131
2013.729	0.942095355447483
2012.292	0.934690315652003
2012.183	0.940784147868378
2012.183	0.942615060903477
2010.992	0.926894588874953
2008.41	0.944122597224237
2009.137	0.942018729206195
2012.221	0.926195878593749
2009.386	0.955914478159592
2015.156	0.945767276684851
2010.159	0.959272040213723
2012.801	0.915219805684501
2012.907	0.91492129955088
2012.929	0.915456133492241
2011.8	0.924722438952117
2012.249	0.924356296739672
2017.299	0.9330529546241
2016.893	0.920467108832427
2017.041	0.920031474788695
2013.545	0.921679585047335
2017.301	0.92068961499491
2017.375	0.947821890312906
2014.167	0.929623297915188
2011.915	0.928782699787484
2014.693	0.91292734354568
2016.798	0.92086397308176
2017.932	0.909973640034493
2017.326	0.922837603990917
2016.686	0.927877974223701
2005	0.935511432541894
2005.417	0.932760790413936
2005	0.935902616348406
2005.526	0.937946878967146
2009.252	0.934556221691938
2006.145	0.935788119497865
2009.405	0.935484599519785
2006.984	0.930822834777631
2007.789	0.933621157468385
2007	0.932774769063686
2005.773	0.934147145609978
2005.764	0.933845223455612
2012.806	0.929231459940442
2005.052	0.93865825716063
2006.491	0.943074957984954
2009.496	0.944640516748023
2005.381	0.933732905734453
2005.304	0.93730906365661
2005.066	0.93602893174551
2005.066	0.936332148114719
2008.459	0.933882274117283
2008.459	0.933815026198099
2013.926	0.951406328805862
2015.082	0.948696797920239
2015.082	0.948696797920239
2015.082	0.948696797920239
2015.082	0.948696797920239
2015.082	0.948696797920239
2015.082	0.948320181485972
2015.082	0.949315244333486
2015.082	0.948696797920239
2015.082	0.948696797920239
2015.082	0.948696797920239
2015.082	0.948696797920239
2015.082	0.948696797920239
2015.082	0.948696797920239
2015.082	0.948696797920239
2015.082	0.948696797920239
2015.082	0.949073713612699
2015.082	0.948696797920239
2015.082	0.948696797920239
2015.082	0.948696797920239
2015.082	0.948696797920239
2015.082	0.948387876787735
2015.082	0.948696797920239
2015.082	0.948696797920239
2015.082	0.948696797920239
2015.082	0.948696797920239
2015.082	0.948320181485972
2015.082	0.949005920369871
2015.082	0.948696797920239
2015.082	0.948696797920239
2015.082	0.95034098647816
2015.082	0.950311905019891
2015.082	0.951716435171184
2015.082	0.951338319781763
2015.082	0.951716435171184
2015.082	0.951028336621196
2015.082	0.95164850508329
2015.082	0.951716435171184
2015.082	0.951716435171184
2015.082	0.950002054382454
2015.515	0.943994536413763
2015.932	0.945602385642705
2015.932	0.945602385642705
2015.932	0.945294070551201
2015.932	0.944260097552258
2015.932	0.945910901918608
2015.932	0.945602385642705
2015.932	0.945978969627429
2015.932	0.946287608769233
2015.932	0.946287608769233
2015.932	0.945978969627429
2015.932	0.945226101366683
2015.932	0.946596449372617
2015.934	0.946287608769233
2015.932	0.947906985242243
2015.934	0.94821605175194
2015.934	0.949039941798309
2015.934	0.948661988814718
2015.934	0.949177812081439
2015.934	0.949555519129621
2015.934	0.948730707539007
2015.932	0.947389437551704
2015.932	0.947389437551704
2015.932	0.951272654256105
2015.932	0.947320916622311
2015.932	0.947767033979584
2015.932	0.948971301494475
2015.932	0.949039941798309
2015.932	0.948971301494475
2015.932	0.949177812081439
2015.932	0.950931739101919
2015.934	0.949933526899975
2014.534	0.948974432786793
2014.534	0.948597556522779
2014.534	0.948355603681617
2014.534	0.948355603681617
2014.534	0.948355603681617
2014.534	0.948355603681617
2014.534	0.948355603681617
2014.534	0.948355603681617
2014.534	0.947669983944693
2014.534	0.948664917316217
2014.534	0.948046491685633
2014.534	0.948732533571793
2014.534	0.947326907729872
2014.534	0.948423298717304
2014.534	0.947703428758381
2014.534	0.948288163973359
2014.534	0.948046491685633
2014.534	0.947085428478786
2014.534	0.948046491685633
2014.534	0.947978973179758
2014.534	0.950106860510882
2014.534	0.949729084423204
2014.534	0.949351608634483
2013.926	0.951514194540643
2013.926	0.947702785534483
2013.926	0.946883693002188
2013.926	0.944898950382291
2012	0.935236033811698
2012	0.934861039411613
2017.986	0.919328524173145
2017.052	0.921501070810048
2012.309	0.915273647246581
2013.121	0.922749226789806
2013.195	0.92084622887477
2013.389	0.921212661914513
2013.619	0.921347348087809
2013.926	0.922885797962415
2013.811	0.920666724131805
2013.773	0.920966127944531
2013.693	0.91880656200131
2013.885	0.919584295008114
2013.849	0.920332361675971
2014.422	0.913449355539988
2014.173	0.91578048918013
2013.619	0.932922228038336
2015.055	0.924942725549156
