2012.199	0.935745470360398
2013.044	0.935745470360398
2012.199	0.937179182398814
2013.044	0.939228912369732
2013.003	0.938850038262282
2012.219	0.938618627176509
2012.219	0.938544919627812
2013.025	0.938544919627812
2013.118	0.937255955381158
2013.044	0.938618627176509
2013.044	0.938618627176509
2013.044	0.937255955381158
2012.199	0.940200946867817
2011.937	0.939075525415062
2011.89	0.937861676670722
2011.89	0.938544919627812
2013.025	0.938239999251065
2013.044	0.938471469698466
2013.044	0.937715247724495
2013.044	0.938166474095704
2013.003	0.938544919627812
2012.219	0.938697092134083
2013.044	0.938317973760846
2012.519	0.937105946069053
2012.24	0.93741049788773
2013.044	0.937788333638592
2013.044	0.937788333638592
2013.044	0.936573498364296
2013.003	0.936801592075526
2013.025	0.936801592075526
2013.044	0.938093206308825
2012.219	0.936801592075526
2013.044	0.936120272027103
2013.063	0.935137646086049
2013.044	0.934761030038492
2012.519	0.93536860951853
2012.24	0.935137646086049
2011.89	0.934761030038492
2012.577	0.93748365906626
2012.519	0.937179182398814
2012.577	0.936874903443489
2012.664	0.936874903443489
2013.118	0.937252675581974
2013.104	0.937179182398814
2013.118	0.936570822007773
2012.664	0.937861775471212
2012.24	0.933705457697612
2012.219	0.933776972903621
2013.044	0.934008707277897
2013.025	0.93408134556303
2013.025	0.934761030038492
2013.044	0.934761030038492
2013.044	0.933473700096572
2013.044	0.93445753619757
2013.082	0.934761030038492
2012.519	0.932185332403793
2013.044	0.933473700096572
2013.063	0.932185332403793
2012.219	0.938776663672352
2012.664	0.93853897964854
2013.118	0.937783007856636
2012.664	0.938544217748288
2012.664	0.938465538065003
2012.156	0.933473700096572
2016.642	0.932453209507971
2016.011	0.930275686073668
2016.046	0.935735752681621
2017.414	0.913579461118376
2017.545	0.917647686345149
2017.545	0.917647686345149
2017.414	0.915185348321381
2017.792	0.916194544734001
2017.581	0.913433010191264
2017.581	0.914814226931145
2017.529	0.916566226090891
2017.529	0.916639920845347
2017.414	0.916268058808493
2017.414	0.918244918812669
2017.414	0.918244918812669
2017.414	0.917310494240376
2017.414	0.917310494240376
2017.414	0.917946205436347
2017.414	0.917799162029338
2017.414	0.917500496503133
2017.414	0.916713869528675
2017.414	0.916713869528675
2017.414	0.916566226090891
2017.414	0.916268058808493
2017.414	0.915970085456035
2017.414	0.916864587492613
2017.414	0.916566226090891
2017.414	0.916194544734001
2017.414	0.916864587492613
2017.414	0.915970085456035
2017.414	0.915970085456035
2017.414	0.915970085456035
2017.414	0.915970085456035
2017.414	0.915970085456035
2017.414	0.915970085456035
2017.414	0.916268058808493
2017.414	0.916566226090891
2017.414	0.915970085456035
2017.414	0.915970085456035
2017.414	0.915332575527923
2017.496	0.915332575527923
2017.496	0.91503490639767
2017.496	0.915598645843117
2017.833	0.913702666509601
2017.581	0.914366189969988
2017.414	0.915077327088144
2017.414	0.915672305844378
2017.496	0.915300986985561
2017.496	0.915300986985561
2018.082	0.917527124080494
2017.926	0.920305304864732
2017.868	0.922209932400405
2016.148	0.936721058691387
2017.197	0.940374268133417
2017.773	0.935334118577945
2019.334	0.932308954346984
2020.32	0.933606827856464
2018.581	0.939918071234831
2018.581	0.93853984226727
2020.686	0.943673189753897
2020.344	0.945588417635742
2020.328	0.94397824636072
2019.726	0.944512457572938
2019.792	0.949354761335637
2020.32	0.949579631715408
2019.786	0.930809697163294
2017.77	0.940904181552682
2017.175	0.93648521648524
2017.986	0.941114967632937
2018.595	0.945173704533138
2017.688	0.939609377693034
2017.66	0.940296348228608
2016.314	0.938235300001107
2016.59	0.942794895456204
2016.607	0.938920565366333
2016.803	0.942938404977469
2016.915	0.944466049213966
2017.775	0.937020328492704
2016.262	0.936488028466975
2016.331	0.938311319654287
2016.331	0.93793097457133
2018.26	0.938618785397389
2019.463	0.928409921897992
2019.718	0.934014587467016
2021.189	0.932442836150506
2020.921	0.931204521647536
2020.251	0.927164085214913
2020.836	0.928015609717066
2020.59	0.931432051124353
2020.459	0.927014550851419
2020.631	0.936481207365709
2021.123	0.923147725872955
2020.806	0.93357156572908
2019.43	0.929750558392585
2019.43	0.930750572126345
2019.43	0.932796739220671
2019.43	0.932796640953765
2019.43	0.93249339107049
2019.43	0.933403732812505
2019.43	0.93340406259342
2019.43	0.932796640953765
2019.43	0.93249339107049
2019.518	0.932886544552056
2019.43	0.931584823297443
2020.29	0.934100673682131
2019.655	0.932917443743543
2017.216	0.940140832226093
2017.2	0.939759027650317
2016.549	0.935284280365936
2017.838	0.92919828812916
2016.117	0.931344979057467
2017.156	0.932052575221873
2016.631	0.934436049382535
2016.639	0.929426564595981
2016.432	0.933067545613465
2016.76	0.934885393901772
2016.721	0.934347108489254
2015.932	0.932622198656309
