2009.967	0.910941738677135
2010.337	0.916168921970457
2010.359	0.910711866694355
2013.83	0.893494640956629
2013.822	0.894855461791182
2013.773	0.889020873538745
2014.247	0.892882181622093
2016.59	0.905642789736147
2015.841	0.906592354389609
2014.773	0.903076448008501
2017.011	0.897182960799563
2017.214	0.911949770173851
2015.318	0.905744008880029
2016.516	0.915667405353205
2017.743	0.912496942640545
2012.915	0.904126802957287
2016.833	0.905401772183489
2015.611	0.909864435420902
2015.611	0.909864339524546
2015.611	0.909275811491218
2015.019	0.904207411924758
2015.036	0.905586571620237
2014.4	0.904455879782545
2014.419	0.903360413595938
2016.295	0.893155045774093
2015.844	0.891374521673722
2015.915	0.889584423549902
2016.678	0.894995533873897
2015.885	0.889598480998233
2015.951	0.885955135271516
2016.669	0.886226850483219
2016.085	0.890515686989839
2016.415	0.884742891165167
2016.423	0.88994729219561
2016.423	0.888884648708153
2016.423	0.885533172172157
2016.423	0.887315527909849
2016.423	0.88702938939714
2016.423	0.888516478296211
2016.423	0.885886678428513
2016.404	0.884469053445868
2016.404	0.884469053445868
2016.415	0.88722545046714
2016.331	0.885058578948953
2016.415	0.886658734841456
2016.443	0.886103931548355
2016.423	0.886811682292403
2016.423	0.886457665652766
2016.423	0.886675427150773
2017.118	0.891227587213154
2017.833	0.892158314869391
2016.489	0.884452203845273
2015.808	0.894080856296752
2016.262	0.88396750953256
2016.052	0.887304064642307
2016.246	0.885739512554712
2021.132	0.878788250753315
2020.598	0.891448832617965
2017.696	0.887022835377597
2017.945	0.885360834686444
2017.233	0.888013657248269
2017.011	0.894152512494695
2016.227	0.885311332927939
2016.227	0.885025471987375
2016.227	0.883328650743177
2016.383	0.888160299458066
2016.227	0.886312923574879
2016.199	0.885734059234763
2016.306	0.884386041175815
2016.227	0.886667448744309
2016.227	0.886524634666314
2016.536	0.887950777022628
2016.536	0.887950777022628
2016.536	0.887950777022628
2016.536	0.887950777022628
2016.536	0.887595454582843
2016.536	0.888306384061884
2016.306	0.88559737859286
2016.227	0.886592883468022
2016.227	0.88559737859286
2016.227	0.88559737859286
2016.227	0.885243281280347
2016.227	0.883182355889387
2016.15	0.887381185240441
2016.15	0.88766762203361
2016.15	0.887163589415462
2016.15	0.887094933245202
2016.153	0.8874497712185
2016.15	0.886808865869115
2016.15	0.887094933245202
2016.15	0.885740924269571
2016.15	0.885886214425991
2016.15	0.887094933245202
2016.15	0.887094933245202
2016.15	0.887381185240441
2016.15	0.886808865869115
2016.15	0.887094933245202
2016.15	0.8874497712185
2016.15	0.887094933245202
2016.15	0.887094933245202
2016.15	0.886808865869115
2016.15	0.887094933245202
2016.15	0.887381185240441
2016.15	0.887381185240441
2016.15	0.887094933245202
2016.15	0.887163589415462
2016.15	0.887163589415462
2016.074	0.885869965546394
2017.414	0.892814551028814
2017.414	0.891807470549331
2017.414	0.891878044295942
2016.76	0.880153290575687
2016.112	0.884736854084991
2016.052	0.884605337025123
2016.795	0.883989093728981
2016.303	0.885146221133674
2016.257	0.885007521653871
2016.913	0.895424676471859
2017.06	0.893426617716201
2016.574	0.882968166598972
2017.638	0.885115813945712
2016.399	0.880550720629287
2016.219	0.88922700726726
2017.104	0.890595793843055
2016.552	0.892307224794947
2016.391	0.893016294717543
2019.312	0.890081974680194
2020.322	0.893241201397574
2019.962	0.889648182317076
2019.888	0.892891426065483
2016.497	0.890374396954056
2017.137	0.89318004693744
2016.582	0.891082716298277
2016.582	0.891439006868568
2016.497	0.891151723914373
2016.497	0.891151723914373
2016.497	0.891151723914373
2016.497	0.891151723914373
2015.951	0.88887206004852
2016.205	0.889582698070167
2015.649	0.891640478936281
2015.748	0.891858297883856
2015.877	0.891369304014488
2015.762	0.892884036204534
2016.077	0.892297914000037
2015.852	0.891439764134957
2015.852	0.891439764134957
2016.016	0.8894446965992
2015.953	0.889938673539583
2021.258	0.87653256186694
2020.675	0.875644717789539
2015.953	0.890225472983198
2015.455	0.89121486246197
2015.896	0.891143435310638
2015.805	0.889881771737782
2015.46	0.891423518006458
2016.967	0.89774411046327
2015.652	0.886663426272748
2015.337	0.885955135271516
2015.403	0.884098225615301
2015.381	0.88474257310513
2015.816	0.880993171200712
2015.332	0.885738752105444
2020.156	0.884062438605747
2020.732	0.879674208262781
2018.118	0.885061907674912
2017.858	0.886562082876431
2017.159	0.884643541012104
2017.871	0.884687344466371
2017.701	0.883507021174603
2015.838	0.891576114212641
2013.159	0.897142303876841
2012.844	0.902493562263625
2012.844	0.904925373013086
2012.844	0.905578670860657
2012.844	0.905436959452041
2011.09	0.892120634523527
2012.377	0.882427202974685
2011.178	0.897797971104007
2011.51	0.89426408078027
2011.51	0.89916858971708
2012.751	0.895437621297843
2013.016	0.899219498169889
2012.852	0.898058091004025
2012.749	0.89702003872612
2012.415	0.897138972488768
2013.038	0.898143828724875
2011.351	0.892651084340666
2011.356	0.892009675230707
2011.356	0.892009581216177
2012.691	0.892666908251935
2011.6	0.892363132377975
2011.663	0.894658901894088
2011.663	0.891737679920657
2011.778	0.898817766700434
2011.526	0.89572693878453
2011.526	0.895370643263932
2011.836	0.90062384603891
2011.838	0.905819576183536
2011.737	0.903931387314889
2011.737	0.903931387314889
2011.806	0.903828711353991
2012.883	0.901917145296934
2013.195	0.903611713940975
2011.005	0.895935395981684
2010.932	0.896698162284512
2010.91	0.89598621455741
2010.89	0.896342047049291
2010.91	0.896565017021594
2010.91	0.896275522343835
2011.485	0.895249427298557
2010.91	0.89598621455741
2014.693	0.91453733166698
2016.224	0.914027633227655
2019.66	0.904633290715174
2019.726	0.908624692138411
2018.077	0.917213761439061
2015.97	0.914301684429041
2015.57	0.916987513792839
2017.907	0.907954388878197
2016.951	0.898434711307595
2017.795	0.897520530617532
2017.236	0.903448464974129
2017.219	0.899518904442721
2016.776	0.902793664045455
2016.628	0.901354752323741
2020.71	0.901313849374946
2020.667	0.901438702161412
2020.97	0.906245205299694
2021.241	0.904881244372067
2020.765	0.899341300400821
2021.241	0.905274955338683
2020.844	0.905913140836265
2009.271	0.909339606535815
2015.099	0.911063065761279
2015.099	0.911416841599454
2015.099	0.910739656698087
2015.099	0.910039230699954
2014.556	0.912430272502455
2012.923	0.912607606006485
2012.923	0.91452745638985
2012.923	0.912788538158625
2012.923	0.912379211555835
2012.923	0.912081534814708
2012.923	0.913384158738174
2012.923	0.913384158738174
2012.923	0.913384158738174
2012.923	0.913156153357239
2013.926	0.913740917528904
2019.463	0.908287769329741
2019.718	0.904089489668894
2020.175	0.906370220330142
2021.055	0.899079796961837
2020.631	0.89930452467858
2020.169	0.909281383111953
2017.603	0.900336729436158
2016.511	0.894687117292246
2021.23	0.893611529318869
2019.975	0.894839060097898
2020.276	0.897508818440401
2020.484	0.901467497580105
2018.005	0.893516058472509
2017.775	0.893301590358206
2020.445	0.895329973485397
2020.522	0.896997996602724
2017.625	0.88870343410859
2020.951	0.893003153533185
2020.402	0.883688685236047
2021.167	0.882284677972288
2019.852	0.887728971247841
2020.268	0.890478688547056
2020.402	0.891284674324127
2020.284	0.889474294301105
2021.03	0.892017147282175
2020.402	0.897084863516442
2020.167	0.889637211065046
2019.899	0.893347397711729
2020.689	0.898711282644982
2018.496	0.88997750568741
2018.496	0.887808544640368
2018.581	0.891829987932759
2018.496	0.893126335379188
2018.496	0.89218786513498
2018.581	0.892410689277121
2018.496	0.891336491225214
2018.496	0.890690343096851
2018.496	0.891404323331798
2018.496	0.892410689277121
2018.496	0.891047190189438
2018.496	0.891985606908482
2018.496	0.889682805712737
2018.496	0.893995316540624
2018.496	0.893995316540624
2018.496	0.893995316540624
2018.581	0.894353487741161
2018.581	0.894063301664672
2018.581	0.894353487741161
2018.496	0.894353487741161
2018.414	0.890622851120149
2018.496	0.890405022296084
2018.496	0.890405022296084
2018.496	0.894282768589738
2018.496	0.894282768589738
2018.496	0.893927574129872
2019.249	0.89596015018174
2018.414	0.890555600851871
2018.581	0.890266459423023
2018.581	0.88997750568741
2018.496	0.889971757582081
2018.496	0.892189542553469
2018.581	0.889688739462333
2018.581	0.889332863966548
2020.454	0.894250742290838
2020.713	0.899759779190297
2019.825	0.898649097280256
2018.496	0.895921706481088
2018.496	0.894848843312475
2018.496	0.892207837588145
2018.496	0.891047190189438
2018.496	0.891047190189438
2018.882	0.891472397721078
2018.414	0.892922522160775
2020.361	0.889756299242508
2021.241	0.890679139968055
2021.047	0.889683004307761
2020.842	0.886522154312948
2019.545	0.896085663180946
2017.178	0.905194554317334
2017.586	0.893324068201164
2019.31	0.896191464492701
2015.8	0.892014128808484
2017.414	0.89475567728482
2017.414	0.89475567728482
2017.414	0.89475567728482
2017.414	0.895280811976967
2017.414	0.895045242228925
2017.414	0.89475567728482
2017.414	0.895045242228925
2017.414	0.896265700428916
2017.414	0.894976430379387
2017.414	0.894686793994151
2017.414	0.894686793994151
2017.414	0.894976430379387
2017.414	0.894976430379387
2017.414	0.894976430379387
2017.414	0.896274146871585
2017.414	0.894976430379387
2017.414	0.895763001043864
2017.414	0.894976430379387
2017.414	0.894976430379387
2017.414	0.895983902653038
2017.414	0.895266254352956
2017.414	0.895693846355643
2017.414	0.895334994654379
2017.414	0.893549142129892
2016.497	0.895676355659562
2016.582	0.895745022250241
2016.582	0.895745022250241
2016.497	0.895028999051
2016.811	0.889296198006376
2016.391	0.893524067936283
2016.683	0.895829264317863
2016.161	0.890744338883246
2017.216	0.892023099178993
2017.945	0.894170329970156
2017.778	0.891593472985775
2017.849	0.893155151008922
2017.877	0.886599398265681
