2009.967	43.6127190547934
2010.337	43.8686303851303
2010.359	43.6323540993936
2013.83	43.0022840040955
2013.822	43.0022840040955
2013.773	42.7660077183587
2014.247	42.6084901945341
2016.59	43.2283464566929
2015.841	43.2351551425421
2014.773	43.0810427660077
2017.011	42.8447664802709
2017.214	43.2385602898322
2015.318	43.1666010240252
2016.516	44.0261479089549
2017.743	43.6461041518947
2012.915	43.2487789506854
2016.833	43.3241433635289
2015.611	43.3241433635289
2015.611	43.3173190517445
2015.611	43.3173190517445
2015.019	43.3858267716535
2015.036	43.3858267716535
2014.4	43.3070866141732
2014.419	43.3070866141732
2016.295	42.8515163450177
2015.844	42.7660077183587
2015.915	42.6872489564464
2016.678	43.0022840040955
2015.885	42.7862264596958
2015.951	42.6872489564464
2016.669	42.4576604962584
2016.085	42.7953197627825
2016.415	42.6670865149965
2016.423	42.8447664802709
2016.423	42.7660077183587
2016.423	42.6872489564464
2016.423	42.6872489564464
2016.423	42.6872489564464
2016.423	42.7660077183587
2016.423	42.6872489564464
2016.404	42.6084901945341
2016.404	42.6084901945341
2016.415	42.7600379386658
2016.331	42.6790785736825
2016.415	42.6670865149965
2016.443	42.6872489564464
2016.423	42.6872489564464
2016.423	42.6872489564464
2016.423	42.6872489564464
2017.118	42.9235252421832
2017.833	42.7862264596958
2016.489	42.5431340108721
2015.808	42.9370519183802
2016.262	42.6084901945341
2016.052	42.7660077183587
2016.246	42.4777366222713
2021.132	42.0571788611483
2020.598	42.4576604962584
2017.696	42.5632537242847
2017.945	42.2934551468851
2017.233	42.6872489564464
2017.011	43.0090586845215
2016.227	42.4509726707096
2016.227	42.4509726707096
2016.227	42.4089547532713
2016.383	42.6084901945341
2016.227	42.5297314326219
2016.199	42.4509726707096
2016.306	42.4509726707096
2016.227	42.5297314326219
2016.227	42.4509726707096
2016.536	42.5297314326219
2016.536	42.5297314326219
2016.536	42.5297314326219
2016.536	42.5297314326219
2016.536	42.5297314326219
2016.536	42.5297314326219
2016.306	42.4509726707096
2016.227	42.4509726707096
2016.227	42.4509726707096
2016.227	42.4509726707096
2016.227	42.4509726707096
2016.227	42.4022698612863
2016.15	42.6084901945341
2016.15	42.6084901945341
2016.15	42.6084901945341
2016.15	42.6084901945341
2016.153	42.6084901945341
2016.15	42.6084901945341
2016.15	42.6084901945341
2016.15	42.5297314326219
2016.15	42.5464859754176
2016.15	42.6084901945341
2016.15	42.6084901945341
2016.15	42.6084901945341
2016.15	42.6084901945341
2016.15	42.6084901945341
2016.15	42.6084901945341
2016.15	42.6084901945341
2016.15	42.6084901945341
2016.15	42.6084901945341
2016.15	42.6084901945341
2016.15	42.6084901945341
2016.15	42.6084901945341
2016.15	42.6084901945341
2016.15	42.6084901945341
2016.15	42.6084901945341
2016.074	42.5297314326219
2017.414	42.4509726707096
2017.414	42.4509726707096
2017.414	42.4509726707096
2016.76	42.2213469870028
2016.112	42.5297314326219
2016.052	42.6084901945341
2016.795	42.2146963849728
2016.303	42.3788893265065
2016.257	42.42233086264
2016.913	43.0022840040955
2017.06	42.9235252421832
2016.574	42.6084901945341
2017.638	42.7929702892269
2016.399	42.3722139087974
2016.219	42.7660077183587
2017.104	42.6152028357621
2016.552	42.7660077183587
2016.391	42.8582683368786
2019.312	42.5431340108721
2020.322	42.6084901945341
2019.962	42.3788893265065
2019.888	42.3788893265065
2016.497	42.7660077183587
2017.137	42.6152028357621
2016.582	42.8447664802709
2016.582	42.8447664802709
2016.497	42.8447664802709
2016.497	42.8447664802709
2016.497	42.8447664802709
2016.497	42.8447664802709
2015.951	42.6152028357621
2016.205	42.7660077183587
2015.649	42.9235252421832
2015.748	42.9302875147696
2015.877	42.6872489564464
2015.762	42.779484755377
2016.077	42.7761146998582
2015.852	42.6872489564464
2015.852	42.6872489564464
2016.016	42.7660077183587
2015.953	42.7660077183587
2021.258	42.0571788611483
2020.675	41.8996613373238
2015.953	42.7660077183587
2015.455	42.9235252421832
2015.896	42.8515163450177
2015.805	42.7660077183587
2015.46	42.9370519183802
2016.967	43.2385602898322
2015.652	42.693974005514
2015.337	42.6872489564464
2015.403	42.5297314326219
2015.381	42.6084901945341
2015.816	42.6084901945341
2015.332	42.6872489564464
2020.156	42.8515163450177
2020.732	42.8515163450177
2018.118	42.693974005514
2017.858	42.7727451752659
2017.159	42.6872489564464
2017.871	42.4576604962584
2017.701	42.5297314326219
2015.838	43.0022840040955
2013.159	43.0810427660077
2012.844	43.2835820895522
2012.844	43.3621366849961
2012.844	43.3621366849961
2012.844	43.3621366849961
2011.09	43.2385602898322
2012.377	42.6152028357621
2011.178	43.0878298542733
2011.51	43.15980152792
2011.51	43.15980152792
2012.751	43.15980152792
2013.016	43.3173190517445
2012.852	43.3173190517445
2012.749	43.15980152792
2012.415	43.2385602898322
2013.038	43.2385602898322
2011.351	43.2385602898322
2011.356	43.2453721937771
2011.356	43.2385602898322
2012.691	42.9235252421832
2011.6	43.2385602898322
2011.663	43.15980152792
2011.663	43.0489731437599
2011.778	43.6323540993936
2011.526	43.15980152792
2011.526	43.15980152792
2011.836	43.6461041518947
2011.838	43.7179992122883
2011.737	43.7111128613058
2011.737	43.7111128613058
2011.806	43.6323540993936
2012.883	43.3960778136568
2013.195	43.3960778136568
2011.005	43.2385602898322
2010.932	43.3173190517445
2010.91	43.3173190517445
2010.89	43.3173190517445
2010.91	43.3173190517445
2010.91	43.3173190517445
2011.485	43.0810427660077
2010.91	43.3173190517445
2014.693	43.7795275590551
2016.224	43.7795275590551
2019.66	43.2283464566929
2019.726	43.4645669291339
2018.077	43.8720856962823
2015.97	43.9508506616257
2015.57	44.0944881889764
2017.907	43.15980152792
2016.951	42.7660077183587
2017.795	42.6084901945341
2017.236	43.0878298542733
2017.219	42.7660077183587
2016.776	43.0810427660077
2016.628	43.0158354998818
2020.71	42.3722139087974
2020.667	42.5297314326219
2020.97	42.6872489564464
2021.241	42.5297314326219
2020.765	42.3722139087974
2021.241	42.3722139087974
2020.844	42.5397825744446
2009.271	43.3960778136568
2015.099	42.8706774040739
2015.099	42.8447664802709
2015.099	42.9384785702989
2015.099	42.7660077183587
2014.556	42.8447664802709
2012.923	43.0022840040955
2012.923	43.1666010240252
2012.923	43.0810427660077
2012.923	43.0022840040955
2012.923	43.0022840040955
2012.923	43.0810427660077
2012.923	43.0810427660077
2012.923	43.0810427660077
2012.923	43.0810427660077
2013.926	42.8447664802709
2019.463	42.8447664802709
2019.718	42.5297314326219
2020.175	42.6084901945341
2021.055	42.3722139087974
2020.631	42.3722139087974
2020.169	42.9235252421832
2017.603	42.5364316660102
2016.511	42.3722139087974
2021.23	42.4509726707096
2019.975	42.5297314326219
2020.276	42.6084901945341
2020.484	42.8447664802709
2018.005	42.3001181567546
2017.775	42.5297314326219
2020.445	42.6872489564464
2020.522	42.6084901945341
2017.625	42.3722139087974
2020.951	42.2047244094488
2020.402	41.8209025754115
2021.167	41.663385051587
2019.852	41.978420099236
2020.268	42.1425758172509
2020.402	42.1425758172509
2020.284	42.1359376230606
2021.03	42.1359376230606
2020.402	42.6872489564464
2020.167	42.3722139087974
2019.899	42.4576604962584
2020.689	42.5297314326219
2018.496	42.4509726707096
2018.496	42.2934551468851
2018.581	42.4509726707096
2018.496	42.5297314326219
2018.496	42.4509726707096
2018.581	42.5297314326219
2018.496	42.4509726707096
2018.496	42.4509726707096
2018.496	42.4509726707096
2018.496	42.5297314326219
2018.496	42.4509726707096
2018.496	42.5297314326219
2018.496	42.3722139087974
2018.496	42.6084901945341
2018.496	42.6084901945341
2018.496	42.6084901945341
2018.581	42.6084901945341
2018.581	42.6084901945341
2018.581	42.6084901945341
2018.496	42.6084901945341
2018.414	42.4509726707096
2018.496	42.5297314326219
2018.496	42.5297314326219
2018.496	42.6872489564464
2018.496	42.6872489564464
2018.496	42.6084901945341
2019.249	42.6872489564464
2018.414	42.4509726707096
2018.581	42.4509726707096
2018.581	42.4509726707096
2018.496	42.3722139087974
2018.496	42.6084901945341
2018.581	42.4509726707096
2018.581	42.4509726707096
2020.454	42.5364316660102
2020.713	42.755905511811
2019.825	42.3722139087974
2018.496	42.6872489564464
2018.496	42.6084901945341
2018.496	42.5297314326219
2018.496	42.4509726707096
2018.496	42.4509726707096
2018.882	42.4509726707096
2018.414	42.6084901945341
2020.361	42.4576604962584
2021.241	42.2934551468851
2021.047	42.3855668478689
2020.842	42.2934551468851
2019.545	42.4509726707096
2017.178	43.1048069345942
2017.586	42.7660077183587
2019.31	42.6872489564464
2015.8	42.8447664802709
2017.414	42.7660077183587
2017.414	42.7660077183587
2017.414	42.7660077183587
2017.414	42.796343001261
2017.414	42.7660077183587
2017.414	42.7660077183587
2017.414	42.7660077183587
2017.414	42.8447664802709
2017.414	42.7660077183587
2017.414	42.7660077183587
2017.414	42.7660077183587
2017.414	42.7660077183587
2017.414	42.7660077183587
2017.414	42.7660077183587
2017.414	42.7660077183587
2017.414	42.7660077183587
2017.414	42.7660077183587
2017.414	42.7660077183587
2017.414	42.7660077183587
2017.414	42.7660077183587
2017.414	42.7660077183587
2017.414	42.7660077183587
2017.414	42.7660077183587
2017.414	42.6872489564464
2016.497	42.9235252421832
2016.582	42.9235252421832
2016.582	42.9235252421832
2016.497	42.9235252421832
2016.811	42.7660077183587
2016.391	42.8582683368786
2016.683	43.0946190813834
2016.161	42.7660077183587
2017.216	42.7007011738754
2017.945	42.8515163450177
2017.778	42.7727451752659
2017.849	42.8582683368786
2017.877	42.5431340108721
