2006.414	0.464527191426171
2006.581	0.480327841635614
2007.293	0.480180248904534
2007.329	0.471400001601642
2010.745	0.47359758390306
2010.414	0.472663181718345
2012.038	0.462906190184598
2012.713	0.470102107665297
2012.705	0.467328225120482
2017.225	0.461835402168705
2014.005	0.464272814143507
2014.025	0.462888619650948
2013.932	0.464088139197546
2013.863	0.464121732850261
2013.923	0.468361989157968
2013.921	0.464642605313673
2013.921	0.464827721889495
2015.956	0.479292376942364
2015.956	0.471340492422097
2015.899	0.469882231954342
2015.899	0.466572189413814
2012.954	0.468805834309954
2012.995	0.473381112825578
2013.186	0.470417167591197
2012.38	0.470241895612441
2012.276	0.470920508070581
2011.085	0.481753209233778
2011.085	0.484530731842019
2014.085	0.4816200841582
2013.833	0.478338176639413
2014.085	0.482280541947492
2013.833	0.474995123994986
2011.085	0.482915215415
2011.162	0.481202499258839
2010.247	0.475721945516992
2010.329	0.478284153478846
2010.329	0.478355416076524
2009.915	0.475076875750894
2010.162	0.479751293967176
2009.712	0.477436028768022
2012.645	0.453214941620995
2012.443	0.457498225917527
2012.355	0.454456133041862
2013.693	0.455943598729139
2013.603	0.457793576612115
2013.433	0.456260483445532
2012.844	0.472932239516866
2012.533	0.46876205931273
2012.787	0.46862787766586
2012.71	0.469996775074944
2016	0.462571591762666
2015	0.456410011304319
2016	0.456410011304319
2015.973	0.453907584195328
2016	0.454088136138127
2015	0.454598232792349
2016.104	0.451838959630772
2016	0.453383754338145
2016	0.452842938726609
2016	0.452842938726609
2015.573	0.453051743261385
2015.499	0.452347617779096
2015	0.454459610341053
2015.173	0.454853522457556
2015.54	0.45482100963357
2015.345	0.454427389406604
2015.241	0.454459610341053
2015	0.456698024689464
2015	0.455117987112926
2015	0.454015223499129
2015	0.452987000937404
2015	0.45367579152491
2015.444	0.456740529748921
2015	0.453495331782855
2016	0.452135053313361
2016	0.453648674737095
2016	0.452940400010529
2016	0.454243818947967
2016	0.456011251071931
2016	0.452855874442597
2016	0.453532161459041
2016	0.451370863842506
2016	0.451902905638777
2016	0.449998718652937
2016	0.454417334172057
2016	0.45450170406993
2016	0.454353028340761
2016	0.454565933692715
2015	0.454969449910866
2015.529	0.453315015547554
2015.282	0.45482100963357
2015.285	0.454427389406604
2015	0.454937097610894
2018.641	0.450642833216061
2018.636	0.451892070050849
2018.345	0.450316073364846
2018.362	0.450168284692719
2018.162	0.448896204360269
2018.101	0.449431029067608
2018	0.450226528767697
2018.014	0.450762725506999
2017.995	0.450910371339134
2018.044	0.449399812035333
2018.044	0.450762725506999
2018.085	0.449399812035333
2018.068	0.449547107942261
2018.033	0.449399812035333
2018.022	0.449252612620975
2018.022	0.450762725506999
2018.011	0.449252612620975
2018.044	0.445738893327965
2018.005	0.444914315508259
2019.181	0.450927340936129
2019.474	0.438393178350368
2021.595	0.440166389307473
2021.595	0.437486534510257
2018.373	0.448548668667883
2018.329	0.448771233368351
2018.37	0.447679788347426
2018.364	0.443398923418953
2018.164	0.444097306779894
2018.164	0.444097306779894
2018.164	0.444097306779894
2018.184	0.444243343381926
2018.184	0.44453570491097
2018.23	0.444420262276144
2018.197	0.444420262276144
2018.197	0.444243343381926
2018.195	0.444420262276144
2018.195	0.444420262276144
2017.605	0.450158525527213
2017.581	0.443721843331994
2017.395	0.446396667100742
2017.397	0.446396667100742
2017.395	0.446396667100742
2017.397	0.446396667100742
2017.397	0.446396667100742
2017.77	0.444914315508259
2017.564	0.446574443551201
2017.573	0.446574443551201
2017.83	0.446689674430641
2017.822	0.445383722895035
2017.822	0.445383722895035
2017.83	0.445383722895035
2018.786	0.446125493856229
2018.811	0.446776149797107
2018.805	0.448006044713457
2018.795	0.444956029158783
2018.805	0.446628796185696
2017.833	0.446000358131166
2017.822	0.445853888391222
2017.83	0.446000358131166
2017.83	0.445853888391222
2017.83	0.445853888391222
2017.767	0.445060284771878
2017.375	0.446178189214951
2018.162	0.450844790126945
2018.329	0.450653965044565
2018.329	0.450738375233432
2013.408	0.460733291852161
2014.118	0.45894375223379
2011.833	0.472055149234666
2014.164	0.465579056555133
2010.748	0.472509367494048
