2006.414	22.6969292389853
2006.581	23.4037540249745
2007.293	23.4074306810148
2007.329	23.089609675646
2010.745	22.9253356363351
2010.414	22.7647382055106
2012.038	22.1259842519685
2012.713	22.3722427192087
2012.705	22.2989949748744
2017.225	21.8227490383861
2014.005	22.0582463301672
2014.025	21.9797472329068
2013.932	22.0582463301672
2013.863	22.0582463301672
2013.923	22.1367454274276
2013.921	22.0582463301672
2013.921	22.0582463301672
2015.956	22.6862391082503
2015.956	22.215244524688
2015.899	22.0582463301672
2015.899	21.9012481356464
2012.954	22.2937436219483
2012.995	22.5292409137295
2013.186	22.6862391082503
2012.38	22.5292409137295
2012.276	22.5292409137295
2011.085	23.3142318863333
2011.085	23.4822901123066
2014.085	23.2357327890729
2013.833	23.0002354972918
2014.085	23.3142318863333
2013.833	22.9217364000314
2011.085	23.3982412060301
2011.162	23.2466818503102
2010.247	23.0787345945522
2010.329	23.1572336918125
2010.329	23.1572336918125
2009.915	23.0002354972918
2010.162	23.2357327890729
2009.712	23.1681457629781
2012.645	21.7544961909998
2012.443	21.9901044529961
2012.355	21.8330322783319
2013.693	21.911568365664
2013.603	21.9901044529961
2013.433	21.7544961909998
2012.844	22.8540014136496
2012.533	22.5398570643211
2012.787	22.4613209769889
2012.71	22.5292409137295
2016	21.9901044529961
2015	21.6759601036676
2016	21.6759601036676
2015.973	21.5188879290034
2016	21.5188879290034
2015	21.5188879290034
2016.104	21.3618157543391
2016	21.4403518416712
2016	21.4403518416712
2016	21.4403518416712
2015.573	21.5188879290034
2015.499	21.4403518416712
2015	21.5974240163355
2015.173	21.5974240163355
2015.54	21.5974240163355
2015.345	21.5974240163355
2015.241	21.5974240163355
2015	21.681068342498
2015	21.5974240163355
2015	21.5974240163355
2015	21.5188879290034
2015	21.5188879290034
2015.444	21.6759601036676
2015	21.5188879290034
2016	21.3618157543391
2016	21.4403518416712
2016	21.3618157543391
2016	21.4403518416712
2016	21.5974240163355
2016	21.3618157543391
2016	21.4403518416712
2016	21.283279667007
2016	21.3618157543391
2016	21.283279667007
2016	21.5188879290034
2016	21.5188879290034
2016	21.5188879290034
2016	21.5188879290034
2015	21.5974240163355
2015.529	21.5188879290034
2015.282	21.5974240163355
2015.285	21.5974240163355
2015	21.5974240163355
2018.641	21.283279667007
2018.636	21.3618157543391
2018.345	21.2866232032048
2018.362	21.283279667007
2018.162	21.283279667007
2018.101	21.283279667007
2018	21.3618157543391
2018.014	21.3618157543391
2017.995	21.3618157543391
2018.044	21.283279667007
2018.044	21.3618157543391
2018.085	21.283279667007
2018.068	21.283279667007
2018.033	21.283279667007
2018.022	21.283279667007
2018.022	21.3618157543391
2018.011	21.283279667007
2018.044	21.1123365369466
2018.005	21.1123365369466
2019.181	21.2698912872223
2019.474	20.7184496612573
2021.595	20.7560571383474
2021.595	20.6995003568879
2018.373	21.1911139120845
2018.329	21.1861069543987
2018.37	21.1123365369466
2018.364	20.876004411533
2018.164	21.0335591618087
2018.164	21.0335591618087
2018.164	21.0335591618087
2018.184	21.0335591618087
2018.184	21.0335591618087
2018.23	21.0335591618087
2018.197	21.0335591618087
2018.197	21.0335591618087
2018.195	21.0335591618087
2018.195	21.0335591618087
2017.605	21.3486686623602
2017.581	21.0335591618087
2017.395	21.1911139120845
2017.397	21.1911139120845
2017.395	21.1911139120845
2017.397	21.1911139120845
2017.397	21.1911139120845
2017.77	21.1123365369466
2017.564	21.1911139120845
2017.573	21.1911139120845
2017.83	21.1911139120845
2017.822	21.1123365369466
2017.822	21.1123365369466
2017.83	21.1123365369466
2018.786	21.0335591618087
2018.811	21.0335591618087
2018.805	21.1123365369466
2018.795	20.9547817866709
2018.805	21.0335591618087
2017.833	21.1123365369466
2017.822	21.1123365369466
2017.83	21.1123365369466
2017.83	21.1123365369466
2017.83	21.1123365369466
2017.767	21.1123365369466
2017.375	21.1123365369466
2018.162	21.3486686623602
2018.329	21.3537152312662
2018.329	21.3537152312662
2013.408	22.0686405403283
2014.118	22.0686405403283
2011.833	22.7754653263174
2014.164	22.4613209769889
2010.748	22.9325375009817
