2012.199	0.440954528111011
2013.044	0.440954528111011
2012.199	0.44084571813663
2013.044	0.435141075010154
2013.003	0.434965544120679
2012.219	0.434858332271356
2012.219	0.434824183852846
2013.025	0.434824183852846
2013.118	0.434999657696209
2013.044	0.434858332271356
2013.044	0.434858332271356
2013.044	0.434999657696209
2012.199	0.435713234050285
2011.937	0.440954528111011
2011.89	0.436172420298057
2011.89	0.436490176894428
2013.025	0.436348367220323
2013.044	0.433124292126348
2013.044	0.441097881338616
2013.044	0.437979494061036
2013.003	0.436490176894428
2012.219	0.435668518737439
2013.044	0.435492562146673
2012.519	0.442474706777688
2012.24	0.440954528111011
2013.044	0.441132260689855
2013.044	0.441132260689855
2013.044	0.441344722570174
2013.003	0.442330999500398
2013.025	0.442330999500398
2013.044	0.441275671697882
2012.219	0.442330999500398
2013.044	0.442009299600923
2013.063	0.442330999500398
2013.044	0.443815084503824
2012.519	0.442440247894326
2012.24	0.44399389799476
2011.89	0.440490626941997
2012.577	0.440988942866369
2012.519	0.44084571813663
2012.577	0.442365615037925
2012.664	0.442365615037925
2013.118	0.440880289065773
2013.104	0.44084571813663
2013.118	0.44222203645466
2012.664	0.441166760988493
2012.24	0.441653557709896
2012.219	0.442474706777688
2013.044	0.441796998293757
2013.025	0.441831357048748
2013.025	0.442152855722911
2013.044	0.442152855722911
2013.044	0.442330999500398
2013.044	0.440347610504679
2013.082	0.440490626941997
2012.519	0.442509286884316
2013.044	0.442330999500398
2013.063	0.442509286884316
2012.219	0.441597167584579
2012.664	0.444028643665887
2013.118	0.443670988697167
2012.664	0.444905320532265
2012.664	0.44399389799476
2012.156	0.435679405522948
2016.642	0.441674468031606
2016.011	0.444851692765317
2016.046	0.441735955855
2017.414	0.448110586127182
2017.545	0.445960916242022
2017.545	0.445960916242022
2017.414	0.44639642494929
2017.792	0.451101066268251
2017.581	0.448038751969805
2017.581	0.449570407542579
2017.529	0.446251160899518
2017.529	0.446287040870645
2017.414	0.446105991361164
2017.414	0.446251160899518
2017.414	0.446251160899518
2017.414	0.446613524814175
2017.414	0.446613524814175
2017.414	0.446105991361164
2017.414	0.446034530806648
2017.414	0.445889384522623
2017.414	0.446323044472832
2017.414	0.444645138290603
2017.414	0.444573524956287
2017.414	0.446105991361164
2017.414	0.445960916242022
2017.414	0.44639642494929
2017.414	0.446251160899518
2017.414	0.446070199358196
2017.414	0.44639642494929
2017.414	0.445960916242022
2017.414	0.445960916242022
2017.414	0.445960916242022
2017.414	0.445960916242022
2017.414	0.445960916242022
2017.414	0.445960916242022
2017.414	0.446105991361164
2017.414	0.446251160899518
2017.414	0.445960916242022
2017.414	0.445960916242022
2017.414	0.444789785375278
2017.496	0.446468237395562
2017.496	0.446323044472832
2017.496	0.445780072399264
2017.833	0.445673222964763
2017.581	0.444320187289953
2017.414	0.445526256479603
2017.414	0.445815935450006
2017.496	0.447310470513417
2017.496	0.445635150399134
2018.082	0.441619069371748
2017.926	0.444702657111738
2017.868	0.443187897839274
2016.148	0.446411400468728
2017.197	0.44639642494929
2017.773	0.432969996554637
2019.334	0.435478780885105
2020.32	0.434428828798151
2018.581	0.437678953569931
2018.581	0.43782179918141
2020.686	0.437737396822154
2020.344	0.434595778541016
2020.328	0.442158506345736
2019.726	0.436435108810739
2019.792	0.436461978393397
2020.32	0.434879735273157
2019.786	0.44576724829443
2017.77	0.445851921883771
2017.175	0.438648778329736
2017.986	0.436909394107838
2018.595	0.430419724190283
2017.688	0.440216933882583
2017.66	0.440538568366042
2016.314	0.444587306501629
2016.59	0.442700784765168
2016.607	0.442450738955089
2016.803	0.441984730119369
2016.915	0.446041922763396
2017.775	0.444804464245533
2016.262	0.44375935348698
2016.331	0.449637877600498
2016.331	0.449455616604308
2018.26	0.443888203473474
2019.463	0.442140654759614
2019.718	0.436385360959022
2021.189	0.444139877117107
2020.921	0.446831072208562
2020.251	0.443147153811099
2020.836	0.446914207465915
2020.59	0.446940250415627
2020.459	0.449788902929157
2020.631	0.444464681659804
2021.123	0.444447977158882
2020.806	0.442116675697184
2019.43	0.44021934439434
2019.43	0.439897357600318
2019.43	0.442547072376261
2019.43	0.442547072376261
2019.43	0.442403201416451
2019.43	0.442835095202409
2019.43	0.442835095202409
2019.43	0.442547072376261
2019.43	0.442403201416451
2019.518	0.436752810900261
2019.43	0.441972149255279
2020.29	0.452459276769725
2019.655	0.444207867023287
2017.216	0.447164980381883
2017.2	0.445309332171953
2016.549	0.443188951663528
2017.838	0.445934820870948
2016.117	0.444566208609792
2017.156	0.444753952523233
2016.631	0.446841151039003
2016.639	0.444373748841191
2016.432	0.444515630177842
2016.76	0.433660990798756
2016.721	0.44424785812225
2015.932	0.445175973190536
