2009.967	0.428083884479226
2010.337	0.427385869031519
2010.359	0.430426470960945
2013.83	0.423570322485972
2013.822	0.425853331023131
2013.773	0.425414145493621
2014.247	0.430490774321394
2016.59	0.407200270145696
2015.841	0.405976863419373
2014.773	0.41743048376959
2017.011	0.418641505997393
2017.214	0.421656442775916
2015.318	0.416247709549414
2016.516	0.419075587656463
2017.743	0.446084668704829
2012.915	0.41478028690505
2016.833	0.404706483787811
2015.611	0.408354511420552
2015.611	0.408354511420552
2015.611	0.408090375255338
2015.019	0.414919169378056
2015.036	0.413909534644911
2014.4	0.412500931121816
2014.419	0.41035987540663
2016.295	0.4298883264884
2015.844	0.426540412873765
2015.915	0.428109476052114
2016.678	0.435748912861564
2015.885	0.425690415409608
2015.951	0.427996467725046
2016.669	0.435440096068225
2016.085	0.42497379226173
2016.415	0.424148292117977
2016.423	0.426709531436066
2016.423	0.42698491674193
2016.423	0.426159825115375
2016.423	0.42701757774773
2016.423	0.426879874562388
2016.423	0.426808062284022
2016.423	0.426329948798056
2016.404	0.424800652459235
2016.404	0.424800652459235
2016.415	0.427762501747681
2016.331	0.42508335157233
2016.415	0.425066753098424
2016.443	0.42643450112254
2016.423	0.425139950104969
2016.423	0.426604734456321
2016.423	0.426709531436066
2017.118	0.421636573350825
2017.833	0.426915322580645
2016.489	0.425579117674114
2015.808	0.427904796230004
2016.262	0.42129392213641
2016.052	0.427858715401993
2016.246	0.440127315389581
2021.132	0.414447930905928
2020.598	0.42643590653585
2017.696	0.430099065780655
2017.945	0.441577834036174
2017.233	0.428990920039513
2017.011	0.435338422863856
2016.227	0.433348837209302
2016.227	0.433208911850178
2016.227	0.436772859450727
2016.383	0.434776853741057
2016.227	0.433035697571149
2016.199	0.433555756455342
2016.306	0.432895918456375
2016.227	0.434849854698095
2016.227	0.43394273325237
2016.536	0.437122557496724
2016.536	0.437122557496724
2016.536	0.437122557496724
2016.536	0.437122557496724
2016.536	0.436947638506129
2016.536	0.437297616590636
2016.306	0.435130856219709
2016.227	0.432332291172304
2016.227	0.433488852988691
2016.227	0.433488852988691
2016.227	0.43331552677798
2016.227	0.434990310077519
2016.15	0.432756229550774
2016.15	0.432895918456375
2016.15	0.432650112866817
2016.15	0.432616630767048
2016.153	0.432789677419355
2016.15	0.43247712201801
2016.15	0.432616630767048
2016.15	0.432756229550774
2016.15	0.4312894482091
2016.15	0.432616630767048
2016.15	0.432616630767048
2016.15	0.432756229550774
2016.15	0.434115292934745
2016.15	0.432616630767048
2016.15	0.432789677419355
2016.15	0.432616630767048
2016.15	0.432616630767048
2016.15	0.43247712201801
2016.15	0.432616630767048
2016.15	0.432756229550774
2016.15	0.432756229550774
2016.15	0.432616630767048
2016.15	0.432650112866817
2016.15	0.432650112866817
2016.074	0.431179809716019
2017.414	0.425433875621128
2017.414	0.423300475557094
2017.414	0.421680325372393
2016.76	0.426671151279742
2016.112	0.432265659887143
2016.052	0.434670710438178
2016.795	0.435123455052408
2016.303	0.430784868078273
2016.257	0.43239495052339
2016.913	0.432679972110297
2017.06	0.430868340100517
2016.574	0.433866249960202
2017.638	0.439835490102403
2016.399	0.441633811433621
2016.219	0.436968898007807
2017.104	0.43267871127741
2016.552	0.433555756455342
2016.391	0.429821492972794
2019.312	0.429935302354528
2020.322	0.422413605009616
2019.962	0.429670732754248
2019.888	0.43123711252726
2016.497	0.43589402948498
2017.137	0.433934220573797
2016.582	0.435438882936204
2016.582	0.435612988847014
2016.497	0.435472604383963
2016.497	0.435472604383963
2016.497	0.435472604383963
2016.497	0.435472604383963
2015.951	0.426915322580645
2016.205	0.427320231958763
2015.649	0.430006947977166
2015.748	0.431747355738598
2015.877	0.437186229978484
2015.762	0.433835921726072
2016.077	0.43687002950834
2015.852	0.435577101089543
2015.852	0.435577101089543
2016.016	0.423979964964199
2015.953	0.425853331023131
2021.258	0.436349903163331
2020.675	0.427677199974728
2015.953	0.425990570253238
2015.455	0.433070141972582
2015.896	0.435468508155733
2015.805	0.432377273186659
2015.46	0.429902219363139
2016.967	0.428161843584473
2015.652	0.429973471319532
2015.337	0.434530764942222
2015.403	0.431953638119768
2015.381	0.431469436616783
2015.816	0.43940550274261
2015.332	0.432791461057542
2020.156	0.451497385347207
2020.732	0.465416580809121
2018.118	0.45041189301751
2017.858	0.450344444958158
2017.159	0.445305564096853
2017.871	0.44288525148926
2017.701	0.443110444060871
2015.838	0.437347880854833
2013.159	0.419604778247348
2012.844	0.414133339124604
2012.844	0.414496977491961
2012.844	0.414796217618601
2012.844	0.414731307348319
2011.09	0.435223647542649
2012.377	0.433600389627452
2011.178	0.441235023498399
2011.51	0.428911239878323
2011.51	0.432903349460149
2012.751	0.419676210835439
2013.016	0.413380510460529
2012.852	0.416110209048251
2012.749	0.415510261155475
2012.415	0.419707714883316
2013.038	0.418542882732635
2011.351	0.422482953536084
2011.356	0.423803103113338
2011.356	0.423803103113338
2012.691	0.423954400546686
2011.6	0.428844309769476
2011.663	0.419311238445516
2011.663	0.421402824077838
2011.778	0.426426398449997
2011.526	0.41817829998065
2011.526	0.419644819383022
2011.836	0.427283161865859
2011.838	0.419187425860024
2011.737	0.419941349725005
2011.737	0.419941349725005
2011.806	0.420651580107877
2012.883	0.42204737183647
2013.195	0.421201420264897
2011.005	0.422406472818437
2010.932	0.421997428461286
2010.91	0.421662376910304
2010.89	0.42182983615451
2010.91	0.420305676855895
2010.91	0.421798528791773
2011.485	0.423626324606707
2010.91	0.421662376910304
2014.693	0.420816855398922
2016.224	0.428796820314245
2019.66	0.433094316664367
2019.726	0.435931092332546
2018.077	0.414707916240401
2015.97	0.433937929823237
2015.57	0.423839739466532
2017.907	0.405672910906202
2016.951	0.411729979255664
2017.795	0.412831591639871
2017.236	0.410999988307421
2017.219	0.417193426042984
2016.776	0.402455116158183
2016.628	0.437195151880946
2020.71	0.425259413157375
2020.667	0.435421026943408
2020.97	0.431114461705676
2021.241	0.427035969470607
2020.765	0.434352234902864
2021.241	0.432173171838995
2020.844	0.429233225719734
2009.271	0.428819283302037
2015.099	0.420969719413566
2015.099	0.420260256656257
2015.099	0.419044142230483
2015.099	0.420397821388387
2014.556	0.412346529245529
2012.923	0.412586339640979
2012.923	0.413613090527976
2012.923	0.413581384506095
2012.923	0.414153055398117
2012.923	0.414017932052147
2012.923	0.413851258166458
2012.923	0.41552001323971
2012.923	0.412182503093206
2012.923	0.41207961119637
2013.926	0.417974676921467
2019.463	0.425491802212947
2019.718	0.424989135158627
2020.175	0.428622315723887
2021.055	0.427545538316334
2020.631	0.412617749767962
2020.169	0.423508336778283
2017.603	0.419892534391369
2016.511	0.427118597508333
2021.23	0.425813642687349
2019.975	0.422296812897528
2020.276	0.416142077529577
2020.484	0.417328615098733
2018.005	0.4256909782537
2017.775	0.428184124918673
2020.445	0.427572782078142
2020.522	0.427504178674051
2017.625	0.427563670779891
2020.951	0.417915461719632
2020.402	0.419113610176667
2021.167	0.416696184696279
2019.852	0.421114461477512
2020.268	0.417512876441153
2020.402	0.41789077368281
2020.284	0.422026562379849
2021.03	0.418234247533642
2020.402	0.418486269832063
2020.167	0.423055241143621
2019.899	0.422374991786583
2020.689	0.420797746644375
2018.496	0.424081998914464
2018.496	0.422971835949641
2018.581	0.424964722768203
2018.496	0.424794327931487
2018.496	0.425135254358399
2018.581	0.424453947861029
2018.496	0.424729567307692
2018.496	0.424421672121443
2018.496	0.423109119895097
2018.496	0.424453947861029
2018.496	0.424591712855467
2018.496	0.424251767528921
2018.496	0.424729567307692
2018.496	0.424421672121443
2018.496	0.424421672121443
2018.496	0.426073118316469
2018.581	0.424591712855467
2018.581	0.424453947861029
2018.581	0.424591712855467
2018.496	0.424591712855467
2018.414	0.424389511609287
2018.496	0.426795719844358
2018.496	0.426795719844358
2018.496	0.423774821544452
2018.496	0.423774821544452
2018.496	0.424389511609287
2019.249	0.419613617967447
2018.414	0.424357466273291
2018.581	0.425870348139256
2018.581	0.425732123423858
2018.496	0.421561149349189
2018.496	0.426860607085798
2018.581	0.425593988406524
2018.581	0.425423750811162
2020.454	0.425329080544036
2020.713	0.432208962217805
2019.825	0.417324926527163
2018.496	0.427855369426615
2018.496	0.428132927240061
2018.496	0.426008662640113
2018.496	0.424591712855467
2018.496	0.424591712855467
2018.882	0.423141431713855
2018.414	0.420613437195716
2020.361	0.427275975824448
2021.241	0.416051571813876
2021.047	0.4296875
2020.842	0.422358970842832
2019.545	0.423669689402396
2017.178	0.408518773090472
2017.586	0.41267615658363
2019.31	0.424679297504484
2015.8	0.424423133972218
2017.414	0.421571311251027
2017.414	0.421571311251027
2017.414	0.421571311251027
2017.414	0.421818544267524
2017.414	0.421707742096092
2017.414	0.421571311251027
2017.414	0.421707742096092
2017.414	0.424799535322658
2017.414	0.424969659285542
2017.414	0.423185492493905
2017.414	0.423185492493905
2017.414	0.423322490063505
2017.414	0.423322490063505
2017.414	0.423322490063505
2017.414	0.422286750371491
2017.414	0.423322490063505
2017.414	0.425343153665885
2017.414	0.423322490063505
2017.414	0.423322490063505
2017.414	0.423799022916299
2017.414	0.421811873730342
2017.414	0.423661826728887
2017.414	0.423492090420101
2017.414	0.423427177115842
2016.497	0.417171637649499
2016.582	0.417203619909502
2016.582	0.417203619909502
2016.497	0.418511344770338
2016.811	0.422272463768116
2016.391	0.416934108527132
2016.683	0.417353877673585
2016.161	0.431156998559978
2017.216	0.425993459787793
2017.945	0.42873433703045
2017.778	0.429927026154343
2017.849	0.431529121627669
2017.877	0.429893933899309
