2018.542	0.429647807975177
2018.542	0.434064115496154
2017.507	0.432136919328191
2017.507	0.427979797979798
2017.507	0.429471565157811
2017.507	0.429437428297522
2017.507	0.431101914453714
2017.507	0.432591757187545
2017.507	0.432591757187545
2017.507	0.432591757187545
2017.507	0.432591757187545
2017.507	0.429437428297522
2017.507	0.432591757187545
2017.507	0.432591757187545
2017.507	0.429958168913889
2017.507	0.429958168913889
2017.507	0.431484717324769
2017.507	0.431484717324769
2017.507	0.429958168913889
2017.507	0.429958168913889
2017.507	0.429958168913889
2017.507	0.429958168913889
2017.507	0.431659195576821
2017.507	0.431484717324769
2017.507	0.429818753165214
2017.507	0.429958168913889
2017.507	0.431484717324769
2017.507	0.431484717324769
2018.096	0.431207675254017
2018.096	0.429369508152807
2018.096	0.429335724759112
2018.096	0.427739055014432
2018.096	0.427983106159292
2018.096	0.427844150605345
2018.096	0.427983106159292
2018.096	0.429508913837272
2018.096	0.430859927128812
2018.096	0.427949522102748
2018.096	0.425902827096082
2018.096	0.42770528525299
2018.096	0.427844150605345
2018.096	0.427844150605345
2018.096	0.429302059078683
2018.096	0.427671632802681
2018.096	0.42770528525299
2018.096	0.42770528525299
2018.096	0.429335724759112
2018.096	0.427844150605345
2018.096	0.427877886255917
2018.096	0.427844150605345
2018.096	0.42770528525299
2018.096	0.429335724759112
2018.096	0.426212991756866
2018.096	0.428122152002749
2018.096	0.427566510014426
2018.096	0.426385059981233
2018.096	0.42770528525299
2018.096	0.428016807647558
2018.096	0.427844150605345
2018.096	0.427844150605345
2018.096	0.427877886255917
2018.096	0.42770528525299
2018.096	0.428122152002749
2018.096	0.43096602054798
2018.096	0.429196375286616
2018.096	0.42923019293277
2018.096	0.427911739332161
2018.096	0.427739055014432
2018.096	0.429369508152807
2018.096	0.429682242696771
2018.096	0.42652349668902
2018.096	0.426351372598346
2018.096	0.426351372598346
2018.096	0.426212991756866
2018.096	0.428050626621785
2018.096	0.426351372598346
2018.096	0.427877886255917
2007	0.442858972558666
2015.03	0.445285572935636
2006.329	0.437886606719915
2007.754	0.440975751191774
2010.915	0.445575994384803
2012.735	0.445296280780152
2012.814	0.446728780397148
2012.776	0.448470104009659
2012.749	0.442637527410311
2012.831	0.44439401910585
2012.831	0.443002866826686
2012.008	0.443114154341996
2012.008	0.443940375891121
2012.008	0.44325825650601
2012.831	0.441642983521303
2011.937	0.443081589205689
2012.831	0.444616875008747
2012.008	0.439939130330589
2012.008	0.43841206475937
2012.008	0.438062314408545
2012.831	0.442970145842048
2014.866	0.440429558432946
2016.915	0.434376501119796
2017.126	0.450121653233851
2010.973	0.436365869798766
2013.079	0.441487606176936
2013.156	0.441344405526213
2013.274	0.439873336491365
2016.071	0.434571095629511
2014.46	0.44569873365631
2018.329	0.444667854103512
2017.479	0.437193446946112
2017.329	0.432669573072542
2016.956	0.435892045181848
2017.052	0.437561344109367
2016.071	0.441416176411441
2015.959	0.430548812118807
2016.109	0.425856705217412
2016.339	0.4233172307826
2016.915	0.429574569553849
2017.321	0.426518877495234
2012.814	0.438094788810849
2012.929	0.437287596823126
2015.345	0.438174225916532
2013.074	0.436870094604715
2012.964	0.435430967260962
2013.079	0.436095002831117
2012.929	0.438619872457046
2012.85	0.436654599394216
2013.079	0.44250597168155
2013.693	0.44231742650324
2013.195	0.441212672072598
2015.348	0.437424155647531
2015.34	0.437390838909443
2013.885	0.439673824893867
2013.655	0.443743997981219
2013.351	0.440860968069351
2013.619	0.439917307314569
2013.463	0.444616875008747
2013.23	0.44006023041636
2013.236	0.442858988013167
2013.351	0.444039637910391
2013.23	0.442748115331384
2013.23	0.442924861086007
2013.463	0.443666709928618
2013.962	0.446284827976133
2016.221	0.444400262472348
2015.282	0.442380358274159
2014.94	0.443853631719732
2015.345	0.444751860848983
2015.033	0.44428567613737
2017.299	0.447273161488349
2016.399	0.449857976561265
2016.609	0.448495412314932
2016.383	0.450500424299905
2016.552	0.44267870172016
2016.609	0.44364306406642
2016.762	0.447827044475434
2018.022	0.446425952377293
2017.167	0.454176851178715
2014.633	0.448103129758601
2014.595	0.450781637368908
2013.351	0.443035707481648
2013.236	0.442814299585794
2012.964	0.437733867057844
2013.079	0.438587149449769
2012.964	0.438477463407547
2013.195	0.437908750744243
2013.543	0.44033486897354
2013.543	0.435425217817986
2013.501	0.437068331847488
2013.463	0.437177483560876
2013.195	0.43939109043979
2013.351	0.436035513454793
2013.463	0.433576321898964
2013.389	0.434269489479937
2013.619	0.437856611262714
2011.334	0.435798239399027
2015.227	0.432208962217805
2015.227	0.440388974251209
2012.792	0.445388400555158
2012.792	0.446860026241706
2016.803	0.44921802544675
2017.318	0.448536995713541
2016.664	0.449231737325544
2016.342	0.446014988975701
2012.317	0.443980507425743
2010.932	0.449136989418298
2011.937	0.446244444659611
2012.831	0.446244444659611
2011.937	0.447707317073171
2016.033	0.447440229564864
2013.773	0.43305397685626
2014.052	0.433023016587373
2012.511	0.438446089992482
2012.317	0.437405474272563
2012.451	0.432759643642361
2012.085	0.438178594228731
2012.929	0.44027394349191
2012.776	0.437467726944129
2012.107	0.440193494702538
2012.087	0.439385199123916
2012.415	0.435505452952582
2012.926	0.4408164212709
2016.798	0.441639682072417
2017.564	0.47077564250984
2012.309	0.430758148189261
2013.151	0.438718094578552
2012.664	0.438432656651044
2012.664	0.44003766986452
2012.664	0.439751466502007
2012.664	0.44003766986452
2012.664	0.440242814997288
2012.664	0.43857532917192
2012.664	0.438432656651044
2012.664	0.44003766986452
2012.664	0.439894521630992
2012.907	0.438748953609439
2012.664	0.438606224606963
2012.664	0.438718094578552
2012.664	0.438432656651044
2012.664	0.438606224606963
2012.664	0.438401842095507
2012.664	0.438432656651044
2012.568	0.438718094578552
2012.664	0.438463588436359
2012.664	0.43857532917192
2012.664	0.439034690472747
2013.151	0.440211804280771
2013.137	0.440211804280771
2013.151	0.440355102394143
2013.137	0.440754810786725
2013.137	0.440211804280771
2013.151	0.44170454214844
2013.151	0.438718094578552
2013.137	0.440611195664279
2013.137	0.440211804280771
2013.137	0.440898519561027
2013.151	0.443165112869885
2013.137	0.441848279389621
2013.137	0.440242814997288
2013.137	0.440211804280771
2013.137	0.44107299463802
2013.137	0.440211804280771
2013.137	0.440211804280771
2013.137	0.44170454214844
2013.137	0.440211804280771
2012.664	0.438432656651044
2013.137	0.438748953609439
2012.664	0.436685518719749
2012.664	0.438637237382275
2013.151	0.438748953609439
2013.137	0.438891775534442
2012.369	0.442743576323833
2013.121	0.450694089790612
2013.729	0.447545099381423
2012.292	0.440058515666998
2012.183	0.444751647082498
2012.183	0.443978904779118
2010.992	0.438606224606963
2008.41	0.435851284443832
2009.137	0.443603735406266
2012.221	0.43009924107946
2009.386	0.446682050421565
2015.156	0.447799923023311
2010.159	0.436653645833333
2012.801	0.446686434796716
2012.907	0.446540744504871
2012.929	0.446801778045657
2011.8	0.42702779448312
2012.249	0.424480838398762
2017.299	0.438225870811622
2016.893	0.433847722417791
2017.041	0.434412628306356
2013.545	0.43222061590211
2017.301	0.44374100165284
2017.375	0.427993178559456
2014.167	0.440844078754645
2011.915	0.446849306568211
2014.693	0.439527545933471
2016.798	0.437594333596718
2017.932	0.433842578307083
2017.326	0.436067005313994
2016.686	0.425349201056708
2005	0.437381137112243
2005.417	0.437716296523845
2005	0.437668335324285
2005.526	0.42799429170884
2009.252	0.426305903501999
2006.145	0.435773364293934
2009.405	0.432368764867563
2006.984	0.434110534108338
2007.789	0.430630809175873
2007	0.438388860803907
2005.773	0.440847341869501
2005.764	0.440704857272905
2012.806	0.445554465056055
2005.052	0.43320471306625
2006.491	0.435367645020925
2009.496	0.422293390553116
2005.381	0.438172480705538
2005.304	0.440713281603418
2005.066	0.438487349252242
2005.066	0.438629392449279
2008.459	0.43201965636652
2008.459	0.433637358315825
2013.926	0.43098869095074
2015.082	0.437078701104491
2015.082	0.437078701104491
2015.082	0.437078701104491
2015.082	0.437078701104491
2015.082	0.437078701104491
2015.082	0.436905188321202
2015.082	0.43571940438232
2015.082	0.437078701104491
2015.082	0.437078701104491
2015.082	0.437078701104491
2015.082	0.437078701104491
2015.082	0.437078701104491
2015.082	0.437078701104491
2015.082	0.437078701104491
2015.082	0.437078701104491
2015.082	0.437252351760472
2015.082	0.437078701104491
2015.082	0.437078701104491
2015.082	0.437078701104491
2015.082	0.437078701104491
2015.082	0.43857899450883
2015.082	0.437078701104491
2015.082	0.437078701104491
2015.082	0.437078701104491
2015.082	0.437078701104491
2015.082	0.438547689029176
2015.082	0.437221118406903
2015.082	0.437078701104491
2015.082	0.437078701104491
2015.082	0.433792395081149
2015.082	0.434530904137579
2015.082	0.43442023202741
2015.082	0.434247637576863
2015.082	0.43442023202741
2015.082	0.43410614274546
2015.082	0.434389224677475
2015.082	0.43442023202741
2015.082	0.43442023202741
2015.082	0.436034638407314
2015.515	0.434655491768537
2015.932	0.43044813466788
2015.932	0.43044813466788
2015.932	0.430307786400952
2015.932	0.430588574516059
2015.932	0.430588574516059
2015.932	0.43044813466788
2015.932	0.430619559651818
2015.932	0.430760055429844
2015.932	0.430760055429844
2015.932	0.430619559651818
2015.932	0.43027684611449
2015.932	0.429249682597615
2015.934	0.429109633761531
2015.932	0.433291343942399
2015.934	0.433432619242022
2015.934	0.432159757320133
2015.934	0.431987650686393
2015.934	0.433118992572494
2015.934	0.433291343942399
2015.934	0.432018942801619
2015.932	0.432159757320133
2015.932	0.432159757320133
2015.932	0.431674978675184
2015.932	0.432128500914853
2015.932	0.43233200114529
2015.932	0.432128500914853
2015.932	0.432159757320133
2015.932	0.432128500914853
2015.932	0.433118992572494
2015.932	0.430619559651818
2015.934	0.433463832534733
2014.534	0.429733213819761
2014.534	0.429562549318641
2014.534	0.429452983487958
2014.534	0.429452983487958
2014.534	0.429452983487958
2014.534	0.42780756975812
2014.534	0.429452983487958
2014.534	0.429452983487958
2014.534	0.432430956047359
2014.534	0.429593052954197
2014.534	0.429313005331672
2014.534	0.42797760456327
2014.534	0.42808672641049
2014.534	0.429483638481644
2014.534	0.429904013984237
2014.534	0.429422444116646
2014.534	0.429313005331672
2014.534	0.426331536853411
2014.534	0.429313005331672
2014.534	0.429282430277677
2014.534	0.428597569759429
2014.534	0.428427153230697
2014.534	0.428256872168205
2013.926	0.431784586469238
2013.926	0.431696450724494
2013.926	0.431323338664042
2013.926	0.431916361494347
2012	0.437494425222874
2012	0.435662495059665
2017.986	0.453580926734919
2017.052	0.443100212056172
2012.309	0.445874030617773
2013.121	0.446263604175446
2013.195	0.445343268851777
2013.389	0.448808458693597
2013.619	0.447229849480997
2013.926	0.449623599042713
2013.811	0.449344883146219
2013.773	0.449491011563502
2013.693	0.446794377378289
2013.885	0.449620918556458
2013.849	0.450827046836532
2014.422	0.455614749005964
2014.173	0.450208063319931
2013.619	0.443811299039231
2015.055	0.429935093604259
