1979	21.8978102189781
1980	21.8193234439997
1980	21.8708205491307
1981.145	21.8193234439997
1981	21.8978102189781
1981	21.8978102189781
1981	21.8193234439997
1981	21.8193234439997
1981	21.7408366690213
1980	21.6623498940429
1998	20.563535044345
1989	21.1278667923343
1987	21.3484027941292
1987	21.2699160191508
2005.074	19.621693744604
1992	20.6420218193234
1992.101	20.4065614943882
1992.016	20.4065614943882
1992	20.3280747194098
1994.005	20.8774821442587
1992	20.420986490732
1999.455	21.1914292441724
1993	20.6566132579328
1995.803	20.563535044345
2000.208	20.8774821442587
2000.208	20.0926143944745
2012.538	20.9559689192371
2013.636	20.7989953692803
2004.686	21.8926553672316
2011.896	21.1079723791588
2003.112	21.6572504708098
2001.038	20.4850482693666
1999.863	20.0926143944745
2001.868	19.7001805195824
2005.753	19.3862334196688
2006.34	19.5432069696256
2006	19.7786672945609
1997.31	20.2495879444314
1995.923	20.4065614943882
1998.882	20.563535044345
1998.17	21.505376344086
1994.101	20.097346522217
1992.792	20.563535044345
2005.266	20.3280747194098
2002.175	19.4647201946472
1999	20.420986490732
2006.195	20.0926143944745
2007.847	20.0926143944745
2007.142	20.2495879444314
1993.173	20.1711011694529
1994	20.8136977693999
1994.011	20.788701102912
1998	20.8922400251335
1998.458	20.3280747194098
1997.962	20.4850482693666
1997	20.420986490732
1996.814	20.563535044345
1985	21.9918316054037
1991	20.1853597235313
1994	20.8774821442587
1998	21.8193234439997
1995	20.7989953692803
1995	20.9757247230733
1995	20.8823991207411
1993	21.1278667923343
1998	19.8571540695393
2005.975	20.55385580921
2005.868	20.563535044345
2013.058	19.774011299435
2012.385	19.9356408445177
2012.033	21.2699160191508
2009.233	18.5797512202803
2006.677	20.1711011694529
2011.619	19.621693744604
2011.836	19.621693744604
2011.833	19.7001805195824
2012.26	19.0722863197551
2011.855	19.3862334196688
2012.049	19.3862334196688
2011.948	19.229259869712
2011.641	19.621693744604
2011.562	19.7786672945609
2011.392	19.7001805195824
2012.481	19.3862334196688
2019	20.4065614943882
2019.729	20.7989953692803
2013.655	19.5432069696256
2012.046	19.6266156055529
2012.085	19.621693744604
2011.816	19.9356408445177
2011.855	19.8571540695393
2013.468	19.5432069696256
2011.644	19.8571540695393
2011.63	19.8571540695393
2012.085	19.621693744604
2013.751	19.5432069696256
2012.219	19.7001805195824
2012.079	19.7001805195824
2012.066	19.8571540695393
2012.003	19.7786672945609
2011.951	19.8571540695393
2012.128	19.621693744604
2012.29	19.7001805195824
2012.295	19.621693744604
2011.397	19.7786672945609
2011.244	19.7786672945609
2012.098	19.7786672945609
2012.227	19.3862334196688
2011.836	19.229259869712
2014.148	19.1507730947335
2014.94	19.1507730947335
2014.175	19.621693744604
2011.934	19.3862334196688
2012.107	19.3077466446904
2013.496	19.4647201946472
2012.025	19.5432069696256
2013.016	20.4065614943882
2014.093	20.6420218193234
2014	19.229259869712
2014.808	19.1507730947335
2014.225	19.7001805195824
2013.036	19.7786672945609
2013.496	19.621693744604
2010.89	20.1711011694529
2012.063	19.130845536136
2011.951	19.3077466446904
2015.107	19.209573295544
2013.058	19.130845536136
2013.268	19.288301054952
2007.277	20.2495879444314
2009	19.8571540695393
2006.03	20.2495879444314
2009.03	20.2495879444314
2006.789	19.5432069696256
2009	19.5432069696256
2005.888	20.4065614943882
2016.15	18.6717088158828
2004.24	19.8393953708077
2003	20.0926143944745
2018.315	19.9356408445177
2003	19.7001805195824
2004.153	19.8571540695393
2000	20.3280747194098
2000	20.2495879444314
1999	20.1587301587302
1999	20.0926143944745
2003.099	19.5432069696256
2003.482	19.7001805195824
2004.287	20.2782362650318
2004.721	19.2564646702822
2006.236	19.7001805195824
2006.236	19.4647201946472
2008.369	19.3862334196688
2005.929	18.9937995447767
2007.31	19.0722863197551
2006.312	19.5432069696256
2012.366	19.621693744604
2012.366	19.621693744604
2012.366	19.621693744604
2012.366	19.621693744604
2011.981	19.8571540695393
2011.932	19.8571540695393
2011.882	19.7786672945609
2012.153	19.8571540695393
2011.014	18.9937995447767
2013.666	19.0722863197551
2013.329	18.6013656698846
2015.956	19.0722863197551
2015.956	18.9937995447767
2015.94	19.0722863197551
2015.882	19.0722863197551
2016.896	19.0722863197551
2015.934	19.0722863197551
2014.937	18.9153127697983
2010.915	19.3862334196688
2010.915	19.3077466446904
2012.085	18.9153127697983
2011.748	18.679852444863
2013	18.715105763938
2013.044	18.7583392198415
2013	19.2655500511127
2013	18.7937406621058
2011.748	18.8368259948199
2010.915	19.3862334196688
2011.096	18.8368259948199
2011.096	19.3862334196688
2011.096	19.3862334196688
2011.047	19.3862334196688
2011.096	19.3077466446904
2011.096	19.3077466446904
2011.871	19.621693744604
2011.871	19.621693744604
2011	20.1711011694529
2011	20.7205085943019
2011	20.0926143944745
2012.852	19.7001805195824
2012.852	19.7001805195824
2011.871	19.9356408445177
2011.871	19.9356408445177
2013.038	19.5432069696256
2013.038	19.5432069696256
2013.038	18.8946622579121
2013.038	18.8946622579121
2013.036	19.229259869712
2013.036	19.229259869712
2013.038	18.8946622579121
2013.038	18.8946622579121
2013.036	19.3862334196688
2013.038	19.3862334196688
2013.038	19.3862334196688
2013.038	19.3862334196688
2012.866	20.0926143944745
2012.866	20.0926143944745
2015.438	20.3280747194098
2014.008	19.621693744604
2011.014	19.621693744604
2011.014	19.621693744604
2011.666	19.8571540695393
2011.871	20.1711011694529
2011.871	20.1711011694529
2011.871	20.1711011694529
2011.871	20.1711011694529
2011	19.7786672945609
2010.915	19.7786672945609
2011	20.0926143944745
2013.833	19.9356408445177
2013.038	20.1711011694529
2013.038	20.1711011694529
2012.79	19.5754716981132
2012.863	19.7001805195824
2012.863	19.7001805195824
2012.863	19.621693744604
2012.863	19.621693744604
2012.186	20.0926143944745
2012.011	20.0141276194961
2011	19.9040201400362
2010.915	19.8571540695393
2011	19.9356408445177
2011	20.1711011694529
2011	19.8571540695393
2011.022	19.9356408445177
2012.79	19.9356408445177
2011.175	19.8571540695393
2011.175	19.8571540695393
2010.915	19.7786672945609
2011.833	19.7786672945609
2012.085	19.7001805195824
2011.773	19.7001805195824
2011.858	19.7001805195824
2011.277	19.7001805195824
2011.277	19.7001805195824
2012	19.7786672945609
2012.904	20.0926143944745
2012.904	20.0926143944745
2012.904	20.0141276194961
2012.904	20.0141276194961
2012.904	20.0926143944745
2012.904	20.0926143944745
2012.995	20.0926143944745
2011	20.0141276194961
2010.833	19.9356408445177
2010.833	19.7001805195824
2013.885	19.5432069696256
2010	19.621693744604
2011	20.0926143944745
2011	19.621693744604
2008.962	19.7001805195824
2009.096	19.8571540695393
2010.915	19.9356408445177
2011.852	19.7001805195824
2011.852	19.7001805195824
2009.019	19.8571540695393
2009.019	19.8571540695393
2009.134	19.6401916882709
2009.134	19.7786672945609
2009.134	19.7786672945609
2009.134	19.7786672945609
2009.134	19.8571540695393
2009.134	19.8571540695393
2009.96	19.8571540695393
2009.96	20.0141276194961
2007	20.0141276194961
2008	21.4268895691076
2009	21.9762969939565
2012.085	19.7786672945609
2009.845	19.7786672945609
2009.03	19.3862334196688
2009.019	19.4647201946472
2009.211	19.7280515601666
2013.038	20.2495879444314
2013.038	20.2495879444314
2013.036	19.6955430006277
2013.036	19.6955430006277
2013.038	19.7786672945609
2013.038	19.7786672945609
2013.038	19.774011299435
2013.036	19.774011299435
2013.036	19.5432069696256
2013.036	19.5432069696256
2013.036	19.7001805195824
2013.036	19.7001805195824
2009.481	20.1115562887894
2006.915	19.621693744604
2007.962	19.229259869712
2009.959	19.7001805195824
2009.079	19.3077466446904
2009.079	19.229259869712
2009.627	19.229259869712
2009.627	19.3862334196688
2008.025	19.5432069696256
2007.233	19.3862334196688
2008.809	18.9153127697983
2006.734	18.9937995447767
2007.099	19.1507730947335
2006.951	19.1507730947335
2004.954	19.5708559302051
2005.181	19.621693744604
2005.074	19.621693744604
2005.036	19.621693744604
2005.216	19.3077466446904
2004.24	19.3350624852629
2003.351	19.8571540695393
2002.907	19.9403360025122
2001	19.8159943382873
2004	19.4647201946472
2008.306	19.5432069696256
2017	20.097346522217
2016	20.0188412623646
2020.609	19.1552834039881
2001	19.7786672945609
2013.153	19.7001805195824
2012	18.8604797979798
2005.507	19.5432069696256
2005.507	19.621693744604
2007.23	19.0722863197551
2008.73	18.9937995447767
2010.855	19.9356408445177
2008.306	19.7786672945609
2009.742	19.3862334196688
2008.254	19.8571540695393
2008.407	19.7001805195824
2009.145	19.9356408445177
2009.074	19.3862334196688
2008.287	19.7786672945609
2016.353	20.0282752120641
2011.817	19.5432069696256
2009	20.3280747194098
2010.414	19.669304913408
2010.299	20.0611237363843
2009.668	20.1711011694529
2011.277	19.4647201946472
2010.863	19.7786672945609
2009.608	19.8571540695393
2010.767	20.0141276194961
2010.014	19.593900608359
2010.592	20.0141276194961
2010.592	20.0141276194961
2017.967	20.3280747194098
2009.592	20.2495879444314
2005.679	20.0926143944745
2003	20.0926143944745
2013.162	18.9953902400254
2012.579	18.7583392198415
2006.255	18.5228788949062
2006.219	18.6013656698846
2007.907	18.6754551161331
2007.904	19.0677966101695
2014	19.4647201946472
2015	19.7001805195824
2011.773	18.679852444863
2011.044	19.0722863197551
2015.011	20.6420218193234
2009.249	18.6013656698846
2014	19.3077466446904
2012.415	17.8949846950789
2014	18.6013656698846
2011.893	18.2089317949925
2012.923	19.1507730947335
2012.424	18.2089317949925
2011.236	18.4443921199278
2013.23	18.6013656698846
2011.973	18.3659053449494
2011.879	18.287418569971
2011.833	18.2089317949925
2011.814	18.3659053449494
2012.369	18.4443921199278
2009.09	19.1507730947335
2011.088	18.9153127697983
2012.082	18.9937995447767
2010.86	18.679852444863
2012.087	18.3659053449494
2015	18.2089317949925
2008.074	18.9937995447767
2009.203	18.7583392198415
2005.471	19.3077466446904
2006.137	19.3862334196688
2004	19.6170747018205
2004	19.6032120925838
2005	20.2495879444314
2006	20.0926143944745
2014.816	18.4222957014643
2010.803	19.4457565737679
2010.781	19.4457565737679
2008.415	18.7212438521339
2010.085	18.554062699936
2012	20.0141276194961
2011.466	19.5244843331759
2017.378	17.8599652283863
2019.748	18.7372067390962
2016.298	18.9187049790232
2017.337	18.4131499920974
2018.964	19.0453611506243
2007	18.8946622579121
2007.252	20.4065614943882
2015.058	19.5432069696256
2014.521	18.4443921199278
2013.942	18.0286569044245
2005.912	20.3280747194098
2005.6	20.4850482693666
2004.26	20.4850482693666
2005.792	20.0926143944745
2006.693	19.8571540695393
2009.153	20.1711011694529
2006.805	19.7786672945609
2006.808	19.7786672945609
2006.792	19.3862334196688
2007.211	19.288301054952
2006.838	19.9968508896237
2006.847	20.0755786490316
2005.855	19.6819398519918
2012.06	19.8571540695393
2007.285	19.209573295544
2007.2	19.130845536136
2011.619	18.7372067390962
2008.115	19.130845536136
2008.074	19.130845536136
2008.082	19.130845536136
2009.942	19.209573295544
2009.707	19.209573295544
2012.008	18.0286569044245
2012.046	18.0286569044245
2010.603	18.9733900173201
2011.162	18.5797512202803
2011.688	18.6584789796882
2011.008	18.5010234608723
2011.008	18.5797512202803
2010.858	18.7372067390962
2009.058	19.5244843331759
2010.288	18.6584789796882
2010.285	18.9733900173201
2012.117	18.1861124232404
2010.729	19.130845536136
2013.123	19.288301054952
2009.468	18.6584789796882
2010	18.3595612780162
2010.666	18.5010234608723
2012.385	18.7372067390962
2013.389	18.7372067390962
2010.364	18.9520624303233
2010.364	19.130845536136
2005.926	19.9968508896237
2008.519	19.0722863197551
2007.625	20.3117619272556
2005.471	19.7606676113998
2009.071	19.6032120925838
2008.705	19.9181231302157
2009.605	20.2330341678476
2008.667	19.3670288143599
2008.669	19.288301054952
2007.37	19.6032120925838
2007.844	19.6819398519918
2008.672	19.209573295544
2008.314	19.288301054952
2007.6	19.9968508896237
2007.775	20.0755786490316
2007.77	20.0755786490316
2007.559	19.9968508896237
2007.89	19.8393953708077
2005.784	19.7606676113998
2006.901	19.5244843331759
2006.271	19.3670288143599
2016.779	18.8946622579121
2017.142	18.7372067390962
2005.74	19.7606676113998
2006.718	19.9968508896237
2006.704	19.9968508896237
2006.699	19.9968508896237
2006.693	19.9968508896237
2007.54	20.0141276194961
2009.211	20.1543064084396
2010.493	18.4222957014643
2011.91	18.6584789796882
2011.132	18.1861124232404
2010.841	18.1861124232404
2010.841	18.2648401826484
2010.614	18.9937995447767
2011.8	18.679852444863
2011.545	18.679852444863
2011.255	18.679852444863
2011.247	18.5228788949062
2016.779	19.3862334196688
2017.219	18.0519582450357
2016.377	18.9937995447767
2016.377	18.9937995447767
2016.071	19.0722863197551
2013.811	18.9153127697983
2018.063	18.9937995447767
2017.414	19.5432069696256
2017.603	18.8368259948199
2018.027	18.287418569971
2017.888	18.8368259948199
2017.252	18.679852444863
2016.475	18.9153127697983
2016.227	18.3659053449494
2017.386	19.0722863197551
2017.197	19.0722863197551
2018.874	19.0722863197551
2018.671	19.3862334196688
2018.077	19.621693744604
2018.786	19.7786672945609
2018.948	19.4647201946472
2018.863	19.229259869712
2018.784	19.5432069696256
2017.953	19.3077466446904
2018.819	19.3862334196688
2018.91	19.3862334196688
2018.825	19.7926484448633
2017.693	18.679852444863
2010.027	19.7606676113998
2012.12	18.5228788949062
2009.132	18.7372067390962
2011.658	18.4443921199278
2011.455	19.130845536136
2012.12	19.209573295544
2012.194	18.8946622579121
2012.063	18.6584789796882
2011.504	18.7372067390962
2011.392	19.0521177767281
2012.033	18.9733900173201
2011.238	19.0521177767281
2011.912	18.3435679420564
2012.178	18.8159344985042
2010.89	19.0521177767281
2012.093	20.6420218193234
2012.798	20.4065614943882
2013.595	20.1711011694529
2014.904	20.3280747194098
2014.956	19.9356408445177
2012.312	20.2495879444314
2011.951	19.130845536136
2012.216	18.7583392198415
2010	19.0521177767281
2010.699	19.130845536136
2011.879	19.0521177767281
2010.641	19.130845536136
2012.24	18.5797512202803
2012	18.6805391345472
2012	18.8946622579121
2007.356	19.5244843331759
2006.186	19.7606676113998
2006.178	19.5244843331759
2006.082	19.288301054952
2006.929	19.0521177767281
2006.923	19.0521177767281
2010.148	19.209573295544
2009.838	19.209573295544
2006.953	19.0521177767281
2006.66	18.9733900173201
2006.03	18.6584789796882
2012.754	19.288301054952
2009.233	19.209573295544
2006.693	18.6584789796882
2008.246	19.0722863197551
2009.268	19.1507730947335
2009.266	19.1507730947335
2009.263	19.0722863197551
2009.26	19.1507730947335
2009.189	19.1507730947335
2009.759	18.5228788949062
2008.746	19.229259869712
2011.945	18.679852444863
2011.797	18.5228788949062
2010.685	18.6013656698846
2011.973	18.7583392198415
2011.238	18.5228788949062
2011.066	18.9153127697983
2009.397	18.7583392198415
2010.479	18.9937995447767
2011.663	18.5228788949062
2011.005	18.8368259948199
2011.184	18.6013656698846
2014.942	18.8368259948199
2010.556	18.8368259948199
2010.556	18.7583392198415
2011.247	18.5228788949062
2011.682	18.5228788949062
2009	19.0722863197551
2010.71	18.7372067390962
2010.71	18.8159344985042
2008.328	19.229259869712
2011.616	18.7583392198415
2008.194	19.0521177767281
2010.685	18.8159344985042
2009.214	19.3670288143599
2011.392	20.1711011694529
2011.085	20.3280747194098
2012.771	19.621693744604
2011.449	19.621693744604
2012.292	18.1304450200141
2013.233	19.5432069696256
2012.025	20.0141276194961
2010.893	19.5432069696256
2011.263	19.0722863197551
2017.66	18.8368259948199
2016.74	18.9153127697983
2011.493	18.9863361931999
2014.512	20.0926143944745
2013.964	20.0141276194961
2011.496	18.679852444863
2013.71	18.679852444863
2011.027	18.5228788949062
2013.06	19.5478097032501
2012.601	19.229259869712
2015.762	18.679852444863
2016.432	18.5228788949062
2017.866	19.229259869712
2017.584	18.287418569971
2016.667	19.621693744604
2018.005	18.9153127697983
2018.488	19.7001805195824
2018.003	19.7001805195824
2018.614	19.229259869712
2017.885	19.1507730947335
2018.266	18.7372067390962
2016.91	18.9153127697983
2011.677	19.0722863197551
2014.189	18.8368259948199
2018.46	19.3077466446904
2017.063	19.1507730947335
2016.15	19.5432069696256
2017.392	19.0722863197551
2012.773	17.8949846950789
2017.367	17.9734714700573
2010.953	19.621693744604
2012.702	19.3862334196688
2018.521	19.229259869712
2019	18.9153127697983
2017.312	18.9937995447767
2017.052	19.0722863197551
2017.964	19.3077466446904
2017.704	19.1507730947335
2018.118	18.9153127697983
2018	18.8368259948199
2015.652	19.0722863197551
2015.041	19.4647201946472
2015.825	19.229259869712
2016.915	19.0722863197551
2015.397	19.3077466446904
2015.186	19.4647201946472
2016	18.7583392198415
2011.647	19.1507730947335
2012.052	19.5524146054181
2007	20.1711011694529
2011.096	19.9511079567857
2013.285	18.9153127697983
2010.874	19.8571540695393
2011.34	18.9153127697983
2014.896	20.1711011694529
2015.323	20.4850482693666
2018.044	19.9356408445177
2017.156	20.1711011694529
2018.37	20.0926143944745
2018.332	20.0926143944745
2016.09	20.7989953692803
2016.74	20.6420218193234
2012.279	19.5386064030132
2011.912	18.6584789796882
2011.162	19.0722863197551
2010.756	19.229259869712
2012.795	19.1507730947335
2010.033	19.3862334196688
2014	18.8368259948199
2012.314	19.6032120925838
2006	19.4090837655194
2005.66	20.0141276194961
2005	19.7786672945609
2008.672	18.9153127697983
2008.653	19.229259869712
2011.696	18.6013656698846
2008.038	19.0722863197551
2017.543	18.1861124232404
2017.858	19.4404931247037
2010.978	18.6584789796882
2012	19.9356408445177
2013	20.0141276194961
2014	20.0141276194961
2015	19.4457565737679
2014	18.9153127697983
2011.918	16.7961698453811
2013.082	19.0722863197551
2014	19.1507730947335
2014	18.4443921199278
2016	18.5228788949062
2017.351	18.1304450200141
2014	18.679852444863
2013	18.4443921199278
2013	18.679852444863
2013	18.7583392198415
2015	19.3862334196688
2012.582	19.621693744604
2010.923	19.1507730947335
2013	17.8949846950789
2013	18.3659053449494
2013	19.0722863197551
2014	18.1304450200141
2013	19.229259869712
2014	18.287418569971
2011.085	19.1972076788831
2015.805	19.7285353535354
2007.636	19.5432069696256
2005.951	19.3862334196688
2005.529	19.3077466446904
2005.526	19.3862334196688
2003	20.1711011694529
2003	19.6819398519918
2016	19.229259869712
2015	19.0722863197551
1992	20.7989953692803
1995	20.3376521397723
1983	22.2222222222222
1985	21.9236209335219
1981.129	21.5838631190644
1992	21.604210857098
1984	21.4088941361669
1981.112	21.3484027941292
1979.932	20.8774821442587
1979.932	21.0344556942155
