1979	0.450310166773943
1980	0.448439437472795
1980	0.44890516373476
1981.145	0.449186650855085
1981	0.451164375120653
1981	0.450764186989952
1981	0.449263224385037
1981	0.449328708619429
1981	0.44640348192128
1980	0.445608736907412
1998	0.429926561415127
1989	0.437797918301263
1987	0.44409230266509
1987	0.442638454195758
2005.074	0.420260480354991
1992	0.429600384615385
1992.101	0.428585401397904
1992.016	0.428238789670125
1992	0.427519870445344
1994.005	0.43759896993793
1992	0.428282656824277
1999.455	0.449262747407813
1993	0.432284452008974
1995.803	0.433684609853108
2000.208	0.440548025122281
2000.208	0.424121251209287
2012.538	0.448400159649236
2013.636	0.445258626942356
2004.686	0.458666108014559
2011.896	0.44511731648014
2003.112	0.453479278268773
2001.038	0.43430575617554
1999.863	0.42705469506736
2001.868	0.415111637826408
2005.753	0.413911761398423
2006.34	0.416161284110699
2006	0.418872573832616
1997.31	0.428259533893337
1995.923	0.430061879182921
1998.882	0.433787686463593
1998.17	0.452337724935733
1994.101	0.423660004365314
1992.792	0.430322220027876
2005.266	0.430170809378423
2002.175	0.415041744312099
1999	0.435170411903534
2006.195	0.431781954941962
2007.847	0.434819750281953
2007.142	0.434380684254586
1993.173	0.424254615193855
1994	0.435591411800931
1994.011	0.434189276294664
1998	0.435836895372877
1998.458	0.426886184692572
1997.962	0.430874882803207
1997	0.428164000708795
1996.814	0.430791256832294
1985	0.450285748352997
1991	0.422986861791695
1994	0.439341638173226
1998	0.456880138937045
1995	0.440032847716091
1995	0.435875682738433
1995	0.435852700838374
1993	0.438353829005161
1998	0.419932739851215
2005.975	0.438606912432773
2005.868	0.444109388349822
2013.058	0.43299319342673
2012.385	0.431263007996495
2012.033	0.461704508985879
2009.233	0.401660413763533
2006.677	0.434177227274572
2011.619	0.432026536418742
2011.836	0.427614621258498
2011.833	0.428966076172678
2012.26	0.417006937044009
2011.855	0.421487085288459
2012.049	0.42173386208416
2011.948	0.4189986539619
2011.641	0.427538972789716
2011.562	0.431430312880943
2011.392	0.429456991869569
2012.481	0.426243449966193
2019	0.444329986097335
2019.729	0.452748905192882
2013.655	0.429301049805546
2012.046	0.430720686791972
2012.085	0.428877611033556
2011.816	0.436094778851503
2011.855	0.433461752579815
2013.468	0.428059146879529
2011.644	0.433770606294874
2011.63	0.433593989598499
2012.085	0.430223031185142
2013.751	0.432461025455218
2012.219	0.432759499118037
2012.079	0.431086608212344
2012.066	0.435053411402017
2012.003	0.433554197515477
2011.951	0.435418876873289
2012.128	0.430563936362103
2012.29	0.431219837786453
2012.295	0.428354376859867
2011.397	0.431989828353465
2011.244	0.432132682132682
2012.098	0.431310228614845
2012.227	0.426428676249102
2011.836	0.42227459262554
2014.148	0.423223574154425
2014.94	0.424997323947532
2014.175	0.431068315920533
2011.934	0.42551571534906
2012.107	0.423123777926456
2013.496	0.427347833390272
2012.025	0.428327596437567
2013.016	0.446657511472645
2014.093	0.453738947597618
2014	0.421527361410446
2014.808	0.417946284937148
2014.225	0.429766103373149
2013.036	0.431871349434203
2013.496	0.427920242464627
2010.89	0.437065612225312
2012.063	0.421301122883282
2011.951	0.423156339434923
2015.107	0.419147938846602
2013.058	0.417942722928282
2013.268	0.421070876523004
2007.277	0.434387859470517
2009	0.432779055546956
2006.03	0.433719802887861
2009.03	0.43994235421057
2006.789	0.422040298648038
2009	0.422416575459564
2005.888	0.438362059383049
2016.15	0.412229660398208
2004.24	0.42425187081998
2003	0.425444749898129
2018.315	0.425845591703982
2003	0.420469562480336
2004.153	0.42406083584163
2000	0.431663278680805
2000	0.431078457407571
1999	0.426616701875919
1999	0.427182161976327
2003.099	0.418493632978761
2003.482	0.420545369188061
2004.287	0.430282672797831
2004.721	0.41069210414395
2006.236	0.419113929326027
2006.236	0.416766645246454
2008.369	0.415823047736129
2005.929	0.407012879694911
2007.31	0.409892262487757
2006.312	0.417729784305887
2012.366	0.422501807595442
2012.366	0.422501807595442
2012.366	0.422811442224729
2012.366	0.422811442224729
2011.981	0.428025515766104
2011.932	0.430022018218892
2011.882	0.428355298547606
2012.153	0.429217014259685
2011.014	0.409644873789279
2013.666	0.410349476510224
2013.329	0.40208292054686
2015.956	0.410568883596277
2015.956	0.408682353764522
2015.94	0.410402728645408
2015.882	0.409999846385612
2016.896	0.410537198739984
2015.934	0.410300098729765
2014.937	0.408290776741243
2010.915	0.416525642115027
2010.915	0.41548854024383
2012.085	0.408646685184929
2011.748	0.404184575914216
2013	0.403641439660149
2013.044	0.405014919227089
2013	0.413344036857908
2013	0.405964196070511
2011.748	0.405828738212699
2010.915	0.416116213240078
2011.096	0.40589898453574
2011.096	0.415964740450539
2011.096	0.415964740450539
2011.047	0.416508662961752
2011.096	0.414686830197666
2011.096	0.414686830197666
2011.871	0.422599847796391
2011.871	0.422599847796391
2011	0.431756616703507
2011	0.443593030432512
2011	0.430217085984959
2012.852	0.42204548522896
2012.852	0.42204548522896
2011.871	0.426864573110893
2011.871	0.426864573110893
2013.038	0.417810489601388
2013.038	0.417810489601388
2013.038	0.407959852793576
2013.038	0.407959852793576
2013.036	0.413700300022822
2013.036	0.413700300022822
2013.038	0.408227542985698
2013.038	0.408227542985698
2013.036	0.415699351688937
2013.038	0.41522787330737
2013.038	0.415699351688937
2013.038	0.41522787330737
2012.866	0.430183892398106
2012.866	0.430183892398106
2015.438	0.433316814365672
2014.008	0.423399148456283
2011.014	0.418526730721853
2011.014	0.418526730721853
2011.666	0.422250114847492
2011.871	0.429590872582824
2011.871	0.429590872582824
2011.871	0.429484321651581
2011.871	0.429484321651581
2011	0.422195420605382
2010.915	0.422833269417977
2011	0.428116908072554
2013.833	0.424813339306931
2013.038	0.430144253808515
2013.038	0.430144253808515
2012.79	0.419132452672788
2012.863	0.423177684314381
2012.863	0.423177684314381
2012.863	0.422418713656276
2012.863	0.422418713656276
2012.186	0.429342319736094
2012.011	0.427525805862435
2011	0.425482654600302
2010.915	0.423667791199623
2011	0.426200258468886
2011	0.430778955954323
2011	0.424587839444257
2011.022	0.426266052248385
2012.79	0.426266052248385
2011.175	0.424074225122349
2011.175	0.424074225122349
2010.915	0.422057673322966
2011.833	0.420685128043867
2012.085	0.42003664495114
2011.773	0.421207390827558
2011.858	0.421207390827558
2011.277	0.42038284128597
2011.277	0.42038284128597
2012	0.421605549112545
2012.904	0.428187610388049
2012.904	0.428187610388049
2012.904	0.426238134633292
2012.904	0.426238134633292
2012.904	0.427875639512003
2012.904	0.427875639512003
2012.995	0.426835846560327
2011	0.426525529265255
2010.833	0.42574368662285
2010.833	0.420989478129548
2013.885	0.419365801737895
2010	0.417457611391491
2011	0.428962818003914
2011	0.419510376963378
2008.962	0.420819518711652
2009.096	0.424268464749951
2010.915	0.426497670891561
2011.852	0.42153329410611
2011.852	0.42153329410611
2009.019	0.424406438234423
2009.019	0.424406438234423
2009.134	0.419836023507387
2009.134	0.42356064427751
2009.134	0.423146336506778
2009.134	0.423146336506778
2009.134	0.42520262423513
2009.134	0.424720312710608
2009.96	0.425963579709771
2009.96	0.429577529967712
2007	0.425479545268822
2008	0.454630805007785
2009	0.467683633550547
2012.085	0.420677411366706
2009.845	0.425054211843203
2009.03	0.414542423910317
2009.019	0.415916941080118
2009.211	0.422965239870403
2013.038	0.433567634471232
2013.038	0.433567634471232
2013.036	0.422636304179797
2013.036	0.422636304179797
2013.038	0.427661043606686
2013.038	0.427661043606686
2013.038	0.427018973594931
2013.036	0.427018973594931
2013.036	0.421428932936999
2013.036	0.421428932936999
2013.036	0.424953278926404
2013.036	0.424953278926404
2009.481	0.430639370398406
2006.915	0.419477063121931
2007.962	0.412091023872024
2009.959	0.423730315962197
2009.079	0.412436659773173
2009.079	0.409760898150386
2009.627	0.411387825784413
2009.627	0.414113231560868
2008.025	0.417902125426397
2007.233	0.415726040078975
2008.809	0.427899480764889
2006.734	0.406779835431665
2007.099	0.410474154606275
2006.951	0.411209029444502
2004.954	0.419772132456059
2005.181	0.420501044767371
2005.074	0.42183757892445
2005.036	0.421012603215993
2005.216	0.414719258432131
2004.24	0.414850519792846
2003.351	0.421610191659961
2002.907	0.424207635772058
2001	0.42097666232556
2004	0.414099932271342
2008.306	0.419065338342289
2017	0.441284698653139
2016	0.431582497058289
2020.609	0.419008469356267
2001	0.418815257835506
2013.153	0.421865211443054
2012	0.406775399487953
2005.507	0.422238974203767
2005.507	0.423761960524184
2007.23	0.412606057989162
2008.73	0.414590836334534
2010.855	0.430753614577144
2008.306	0.42935521003387
2009.742	0.420355195088819
2008.254	0.429617679045517
2008.407	0.427511527002482
2009.145	0.430401978973408
2009.074	0.421939513404811
2008.287	0.427360943695986
2016.353	0.434908876579841
2011.817	0.42401782513755
2009	0.43783882757152
2010.414	0.423838173417616
2010.299	0.431964949710436
2009.668	0.435949359403726
2011.277	0.422732249560915
2010.863	0.430383798738901
2009.608	0.430813118960747
2010.767	0.434256480856496
2010.014	0.422725849492254
2010.592	0.437225216496094
2010.592	0.437301132233941
2017.967	0.432933992213819
2009.592	0.436683405069345
2005.679	0.432873876241211
2003	0.432731221004837
2013.162	0.413176422093982
2012.579	0.411987847768336
2006.255	0.403350022455463
2006.219	0.40472860711201
2007.907	0.403253070194682
2007.904	0.412109843366449
2014	0.423453033265348
2015	0.426978808012805
2011.773	0.406545031277614
2011.044	0.414475531112945
2015.011	0.448321185246868
2009.249	0.403470958431876
2014	0.420837193564759
2012.415	0.390172998148358
2014	0.410924269571118
2011.893	0.395208264644467
2012.923	0.413686446090956
2012.424	0.397866853312515
2011.236	0.39999430895482
2013.23	0.403889467380117
2011.973	0.397326258368936
2011.879	0.396007843712691
2011.833	0.394917859716618
2011.814	0.397546498192876
2012.369	0.399275495671377
2009.09	0.41194544857049
2011.088	0.412579298995136
2012.082	0.417500757258887
2010.86	0.411676548950396
2012.087	0.406504577173851
2015	0.408447995118376
2008.074	0.409644873789279
2009.203	0.405004468869536
2005.471	0.413913241453155
2006.137	0.418892265081589
2004	0.420030802258832
2004	0.423752616635208
2005	0.43668108464273
2006	0.434429871528899
2014.816	0.408455419159504
2010.803	0.419520707305724
2010.781	0.420658622821049
2008.415	0.405746706309157
2010.085	0.407259135550323
2012	0.438545127647555
2011.466	0.424448113001622
2017.378	0.39704031970878
2019.748	0.412301355664057
2016.298	0.408483831584826
2017.337	0.405212044947971
2018.964	0.420354399475993
2007	0.412549601684366
2007.252	0.444988748541179
2015.058	0.42908389327101
2014.521	0.408481042913951
2013.942	0.403073814789564
2005.912	0.438627874528613
2005.6	0.439329504163152
2004.26	0.439650881291257
2005.792	0.433298262394389
2006.693	0.429483735840308
2009.153	0.439067589953264
2006.805	0.430910584294273
2006.808	0.430910584294273
2006.792	0.422390476042196
2007.211	0.420081640807445
2006.838	0.433633989788397
2006.847	0.435020506607282
2005.855	0.425916427833354
2012.06	0.429940229338055
2007.285	0.420350905460758
2007.2	0.418522973037105
2011.619	0.411932132514813
2008.115	0.418978142615019
2008.074	0.418562076932183
2008.082	0.418496472809605
2009.942	0.422630604448786
2009.707	0.422630604448786
2012.008	0.404189244114347
2012.046	0.404325151728373
2010.603	0.4199250188276
2011.162	0.410688101140613
2011.688	0.413692027097447
2011.008	0.408924311390568
2011.008	0.410422644665168
2010.858	0.417901262215321
2009.058	0.431047619047619
2010.288	0.413263024198829
2010.285	0.419849801183245
2012.117	0.406283335825732
2010.729	0.42265093962415
2013.123	0.428302460682616
2009.468	0.411814910963955
2010	0.406648602984117
2010.666	0.407031890894176
2012.385	0.41159517371521
2013.389	0.41159517371521
2010.364	0.418466137722891
2010.364	0.421935207649493
2005.926	0.432236861407894
2008.519	0.412578676193096
2007.625	0.442090668143038
2005.471	0.43092959329609
2009.071	0.426572741838898
2008.705	0.433873324779013
2009.605	0.441776109899524
2008.667	0.422873299272776
2008.669	0.421747610077903
2007.37	0.425834267051086
2007.844	0.428492201320493
2008.672	0.422059097490269
2008.314	0.420360024929915
2007.6	0.433810192141013
2007.775	0.435374038103915
2007.77	0.435230065207717
2007.559	0.434273946050719
2007.89	0.431952662721894
2005.784	0.429449940193321
2006.901	0.42309962201566
2006.271	0.421689016813083
2016.779	0.419603809369649
2017.142	0.421904720036342
2005.74	0.429232315214271
2006.718	0.436057690358314
2006.704	0.436090815014582
2006.699	0.436090815014582
2006.693	0.435768623278196
2007.54	0.432226849202225
2009.211	0.440885173001066
2010.493	0.404486730574888
2011.91	0.412281955962253
2011.132	0.401714379595022
2010.841	0.401154177433247
2010.841	0.402858885293933
2010.614	0.42415969299713
2011.8	0.417816041828479
2011.545	0.416945514184924
2011.255	0.417148788980648
2011.247	0.414090566870259
2016.779	0.429602395268763
2017.219	0.400815738668188
2016.377	0.422911190518123
2016.377	0.422911190518123
2016.071	0.422949025843627
2013.811	0.415581745635492
2018.063	0.417435416298589
2017.414	0.430954201210825
2017.603	0.416789395167144
2018.027	0.407956732017916
2017.888	0.419243315337924
2017.252	0.416508319705468
2016.475	0.41907111560462
2016.227	0.40660104084839
2017.386	0.421111884131301
2017.197	0.421187905296684
2018.874	0.42586853887285
2018.671	0.424887214136863
2018.077	0.430203797948933
2018.786	0.433070870389993
2018.948	0.427141596480527
2018.863	0.423667231864854
2018.784	0.42937699030389
2017.953	0.425582304778199
2018.819	0.426276301882305
2018.91	0.426276301882305
2018.825	0.433980110949204
2017.693	0.414766516208453
2010.027	0.433438151288608
2012.12	0.409474489245643
2009.132	0.412554328067837
2011.658	0.409587443386733
2011.455	0.422629180030496
2012.12	0.424751079800831
2012.194	0.419068231381619
2012.063	0.415582317940613
2011.504	0.415306525052946
2011.392	0.421476360988793
2012.033	0.418831607277796
2011.238	0.42001115790679
2011.912	0.40559640665632
2012.178	0.418703975054673
2010.89	0.419838313808886
2012.093	0.451423894023362
2012.798	0.447961794524677
2013.595	0.442869721167267
2014.904	0.444952256799307
2014.956	0.437419079104496
2012.312	0.443461516046313
2011.951	0.420774058192392
2012.216	0.416769635302156
2010	0.419878055926753
2010.699	0.420908556226375
2011.879	0.421310855263158
2010.641	0.419738943658093
2012.24	0.41022219150769
2012	0.411822383339186
2012	0.416661769019296
2007.356	0.426784446551958
2006.186	0.429559182714383
2006.178	0.425530397344123
2006.082	0.419227121603199
2006.929	0.415012012715454
2006.923	0.415287310899677
2010.148	0.422695507487521
2009.838	0.423554145935078
2006.953	0.415012012715454
2006.66	0.41322316503916
2006.03	0.407226245054541
2012.754	0.417422509661645
2009.233	0.420849033929583
2006.693	0.408704736652391
2008.246	0.420208723849631
2009.268	0.420766181097055
2009.266	0.420905924099744
2009.263	0.419351854510623
2009.26	0.420766181097055
2009.189	0.421637712113823
2009.759	0.410123582273747
2008.746	0.423820356525334
2011.945	0.41897859495978
2011.797	0.41279494708264
2010.685	0.414468287781792
2011.973	0.419808093967781
2011.238	0.414582946412358
2011.066	0.419435418347961
2009.397	0.415784013440106
2010.479	0.422886365032829
2011.663	0.413027084540392
2011.005	0.419779139042573
2011.184	0.413958277583537
2014.942	0.422575384870512
2010.556	0.417801859192586
2010.556	0.41554967724644
2011.247	0.412656605316861
2011.682	0.4137947548423
2009	0.420157686205049
2010.71	0.413584266736129
2010.71	0.415770011422185
2008.328	0.422684570955956
2011.616	0.418570769562358
2008.194	0.415012012715454
2010.685	0.411081153435074
2009.214	0.421345341982754
2011.392	0.435969732773172
2011.085	0.439407073509015
2012.771	0.427357594427211
2011.449	0.43059024490213
2012.292	0.402850063620058
2013.233	0.43004615883454
2012.025	0.43866337189772
2010.893	0.446607691625478
2011.263	0.419292052776094
2017.66	0.417343452189632
2016.74	0.417336407900002
2011.493	0.415328029726044
2014.512	0.438301028799948
2013.964	0.435524929422268
2011.496	0.409156080283353
2013.71	0.412109926314149
2011.027	0.40695338371264
2013.06	0.4273243500464
2012.601	0.421124964181622
2015.762	0.409377416131751
2016.432	0.407477955712488
2017.866	0.430208364486181
2017.584	0.405928562442912
2016.667	0.437066175544383
2018.005	0.423752505807899
2018.488	0.440772509059775
2018.003	0.440477579311324
2018.614	0.428229014920099
2017.885	0.422694338462049
2018.266	0.414836246033563
2016.91	0.418298129375974
2011.677	0.418500678833218
2014.189	0.412681677837187
2018.46	0.424221744591463
2017.063	0.420222903848992
2016.15	0.429947022816739
2017.392	0.422050288395162
2012.773	0.395393696671937
2017.367	0.400138321634417
2010.953	0.429031675407585
2012.702	0.428878410129893
2018.521	0.425782704591676
2019	0.414821454504926
2017.312	0.415062991986069
2017.052	0.417122671988196
2017.964	0.422374080941806
2017.704	0.417912911621104
2018.118	0.412276229737
2018	0.414745474961992
2015.652	0.415923891775474
2015.041	0.422644041244527
2015.825	0.418509476156767
2016.915	0.415422905598676
2015.397	0.418253623522017
2015.186	0.423613181665104
2016	0.410490335996648
2011.647	0.421468739662587
2012.052	0.429330572416393
2007	0.438415877694813
2011.096	0.438376613377163
2013.285	0.418135788619653
2010.874	0.437042328720951
2011.34	0.418170467688961
2014.896	0.438742491188804
2015.323	0.445243465250093
2018.044	0.433477637729885
2017.156	0.43774303929055
2018.37	0.437082876600352
2018.332	0.437581827848495
2016.09	0.451504003722901
2016.74	0.448345839109004
2012.279	0.42795137203115
2011.912	0.414679482941021
2011.162	0.412108310402289
2010.756	0.419680506938241
2012.795	0.421476053661663
2010.033	0.42511582179168
2014	0.416756618844818
2012.314	0.425737796341113
2006	0.42053200746204
2005.66	0.430744499612205
2005	0.426646319878302
2008.672	0.410728416760969
2008.653	0.41700487012987
2011.696	0.412812622184794
2008.038	0.414369911574778
2017.543	0.412228083573997
2017.858	0.427830026540744
2010.978	0.409855235604126
2012	0.436359267666056
2013	0.438654132694916
2014	0.438298600824644
2015	0.426741135454049
2014	0.416044547094513
2011.918	0.443566932946018
2013.082	0.423106241783351
2014	0.425839294637456
2014	0.409653233364574
2016	0.415648835651451
2017.351	0.408816562178873
2014	0.417680165289256
2013	0.412690416200332
2013	0.416918341773833
2013	0.418564268144584
2015	0.426791913942563
2012.582	0.430374516694248
2010.923	0.422609698532097
2013	0.392854438131013
2013	0.407000910272869
2013	0.419953317767163
2014	0.400723656979784
2013	0.426167756542738
2014	0.410506687242798
2011.085	0.416836770317508
2015.805	0.429494097167616
2007.636	0.421074531374244
2005.951	0.416908039380581
2005.529	0.415049865664034
2005.526	0.416770891603946
2003	0.426162383681591
2003	0.41515361010415
2016	0.416223758880379
2015	0.412064595933367
1992	0.432037795125666
1995	0.425081272654048
1983	0.456828267540774
1985	0.454116337963318
1981.129	0.444264042162148
1992	0.442715012680167
1984	0.44003025418096
1981.112	0.440113687450948
1979.932	0.433017296385383
1979.932	0.435579908452125
