2009.967	20.228256591893
2010.337	20.4643841007477
2010.359	20.6218024399843
2013.83	20.3856749311295
2013.822	20.4643841007477
2013.773	20.4643841007477
2014.247	20.543093270366
2016.59	19.4365753855839
2015.841	19.3578847969783
2014.773	19.9134199134199
2017.011	19.9921290830382
2017.214	19.9921290830382
2015.318	19.8347107438017
2016.516	20.1495474222747
2017.743	21.3301849665486
2012.915	19.8347107438017
2016.833	19.3624557260921
2015.611	19.4411648957104
2015.611	19.4411648957104
2015.611	19.4411648957104
2015.019	19.9087189172175
2015.036	19.8300283286119
2014.4	19.7513377400063
2014.419	19.6726471514007
2016.295	20.6218024399843
2015.844	20.4643841007477
2015.915	20.543093270366
2016.678	20.9366391184573
2015.885	20.4740530750453
2015.951	20.6218024399843
2016.669	20.857929948839
2016.085	20.4228736184527
2016.415	20.4547242545826
2016.423	20.543093270366
2016.423	20.543093270366
2016.423	20.543093270366
2016.423	20.543093270366
2016.423	20.543093270366
2016.423	20.543093270366
2016.423	20.543093270366
2016.404	20.4643841007477
2016.404	20.4643841007477
2016.415	20.6161137440758
2016.331	20.4982655313781
2016.415	20.4547242545826
2016.443	20.543093270366
2016.423	20.4643841007477
2016.423	20.543093270366
2016.423	20.543093270366
2017.118	20.3069657615112
2017.833	20.4643841007477
2016.489	20.4643841007477
2015.808	20.543093270366
2016.262	20.3069657615112
2016.052	20.6218024399843
2016.246	21.1040239388928
2021.132	19.8347107438017
2020.598	20.3069657615112
2017.696	20.6218024399843
2017.945	21.0940574576938
2017.233	20.6218024399843
2017.011	20.9366391184573
2016.227	20.7792207792208
2016.227	20.7792207792208
2016.227	20.9366391184573
2016.383	20.857929948839
2016.227	20.7792207792208
2016.199	20.7792207792208
2016.306	20.7792207792208
2016.227	20.857929948839
2016.227	20.7792207792208
2016.536	20.9366391184573
2016.536	20.9366391184573
2016.536	20.9366391184573
2016.536	20.9366391184573
2016.536	20.9366391184573
2016.536	20.9366391184573
2016.306	20.857929948839
2016.227	20.7005116096025
2016.227	20.7792207792208
2016.227	20.7792207792208
2016.227	20.7792207792208
2016.227	20.857929948839
2016.15	20.7792207792208
2016.15	20.7792207792208
2016.15	20.7792207792208
2016.15	20.7792207792208
2016.153	20.7792207792208
2016.15	20.7792207792208
2016.15	20.7792207792208
2016.15	20.7792207792208
2016.15	20.7005116096025
2016.15	20.7792207792208
2016.15	20.7792207792208
2016.15	20.7792207792208
2016.15	20.857929948839
2016.15	20.7792207792208
2016.15	20.7792207792208
2016.15	20.7792207792208
2016.15	20.7792207792208
2016.15	20.7792207792208
2016.15	20.7792207792208
2016.15	20.7792207792208
2016.15	20.7792207792208
2016.15	20.7792207792208
2016.15	20.7792207792208
2016.15	20.7792207792208
2016.074	20.7005116096025
2017.414	20.228256591893
2017.414	20.1495474222747
2017.414	20.0708382526564
2016.76	20.4643841007477
2016.112	20.7792207792208
2016.052	20.9366391184573
2016.795	20.7792207792208
2016.303	20.6218024399843
2016.257	20.7005116096025
2016.913	20.7792207792208
2017.06	20.7005116096025
2016.574	20.9366391184573
2017.638	21.2514757969303
2016.399	21.2514757969303
2016.219	21.0153482880756
2017.104	20.7005116096025
2016.552	20.7792207792208
2016.391	20.6218024399843
2019.312	20.543093270366
2020.322	20.1495474222747
2019.962	20.4643841007477
2019.888	20.4643841007477
2016.497	20.9366391184573
2017.137	20.7005116096025
2016.582	20.9366391184573
2016.582	20.9366391184573
2016.497	20.9366391184573
2016.497	20.9366391184573
2016.497	20.9366391184573
2016.497	20.9366391184573
2015.951	20.4643841007477
2016.205	20.543093270366
2015.649	20.7005116096025
2015.748	20.7792207792208
2015.877	20.9366391184573
2015.762	20.7792207792208
2016.077	20.9366391184573
2015.852	20.857929948839
2015.852	20.857929948839
2016.016	20.3856749311295
2015.953	20.4643841007477
2021.258	20.9366391184573
2020.675	20.4643841007477
2015.953	20.4643841007477
2015.455	20.857929948839
2015.896	20.9366391184573
2015.805	20.7792207792208
2015.46	20.7005116096025
2016.967	20.6218024399843
2015.652	20.7005116096025
2015.337	20.9366391184573
2015.403	20.7792207792208
2015.381	20.7792207792208
2015.816	21.2514757969303
2015.332	20.857929948839
2020.156	21.8811491538764
2020.732	22.668240850059
2018.118	21.7237308146399
2017.858	21.7237308146399
2017.159	21.4876033057851
2017.871	21.2514757969303
2017.701	21.3301849665486
2015.838	21.0940574576938
2013.159	20.1495474222747
2012.844	19.8618307426598
2012.844	19.8618307426598
2012.844	19.8618307426598
2012.844	19.8618307426598
2011.09	21.0940574576938
2012.377	20.9366391184573
2011.178	21.1727666273121
2011.51	20.7005116096025
2011.51	20.7792207792208
2012.751	20.228256591893
2013.016	19.9134199134199
2012.852	20.0708382526564
2012.749	19.9921290830382
2012.415	20.228256591893
2013.038	20.1495474222747
2011.351	20.4643841007477
2011.356	20.543093270366
2011.356	20.543093270366
2012.691	20.3856749311295
2011.6	20.7792207792208
2011.663	20.228256591893
2011.663	20.228256591893
2011.778	20.7005116096025
2011.526	20.1495474222747
2011.526	20.228256591893
2011.836	20.7005116096025
2011.838	20.228256591893
2011.737	20.3069657615112
2011.737	20.3069657615112
2011.806	20.3069657615112
2012.883	20.3069657615112
2013.195	20.228256591893
2011.005	20.3856749311295
2010.932	20.3856749311295
2010.91	20.3856749311295
2010.89	20.3856749311295
2010.91	20.3069657615112
2010.91	20.3856749311295
2011.485	20.3856749311295
2010.91	20.3856749311295
2014.693	20.1447906830343
2016.224	20.5382436260623
2019.66	20.6956248032735
2019.726	20.8530059804847
2018.077	19.8300283286119
2015.97	20.8530059804847
2015.57	20.3808624488511
2017.907	19.2837465564738
2016.951	19.5985832349469
2017.795	19.5985832349469
2017.236	19.5985832349469
2017.219	19.8347107438017
2016.776	19.2050373868556
2016.628	20.857929948839
2020.71	19.9921290830382
2020.667	20.543093270366
2020.97	20.3069657615112
2021.241	20.0708382526564
2020.765	20.4643841007477
2021.241	20.228256591893
2020.844	20.1495474222747
2009.271	20.4643841007477
2015.099	19.7933916883527
2015.099	19.7560015741834
2015.099	19.7565987039671
2015.099	19.7560015741834
2014.556	19.3624557260921
2012.923	19.4411648957104
2012.923	19.5198740653286
2012.923	19.5198740653286
2012.923	19.5198740653286
2012.923	19.5198740653286
2012.923	19.5198740653286
2012.923	19.5985832349469
2012.923	19.4411648957104
2012.923	19.4411648957104
2013.926	19.5985832349469
2019.463	20.0708382526564
2019.718	19.9921290830382
2020.175	20.1495474222747
2021.055	20.1495474222747
2020.631	19.4411648957104
2020.169	19.9921290830382
2017.603	19.8347107438017
2016.511	20.228256591893
2021.23	20.228256591893
2019.975	20.0708382526564
2020.276	19.7560015741834
2020.484	19.8347107438017
2018.005	20.1495474222747
2017.775	20.3856749311295
2020.445	20.3856749311295
2020.522	20.3069657615112
2017.625	20.3856749311295
2020.951	19.7513377400063
2020.402	19.8347107438017
2021.167	19.6772924045651
2019.852	19.9134199134199
2020.268	19.7560015741834
2020.402	19.7560015741834
2020.284	19.9921290830382
2021.03	19.7560015741834
2020.402	19.9134199134199
2020.167	20.1495474222747
2019.899	20.0708382526564
2020.689	19.9134199134199
2018.496	20.228256591893
2018.496	20.1495474222747
2018.581	20.228256591893
2018.496	20.228256591893
2018.496	20.228256591893
2018.581	20.228256591893
2018.496	20.228256591893
2018.496	20.228256591893
2018.496	20.1495474222747
2018.496	20.228256591893
2018.496	20.228256591893
2018.496	20.228256591893
2018.496	20.228256591893
2018.496	20.228256591893
2018.496	20.228256591893
2018.496	20.3069657615112
2018.581	20.228256591893
2018.581	20.228256591893
2018.581	20.228256591893
2018.496	20.228256591893
2018.414	20.228256591893
2018.496	20.3856749311295
2018.496	20.3856749311295
2018.496	20.228256591893
2018.496	20.228256591893
2018.496	20.228256591893
2019.249	19.9921290830382
2018.414	20.228256591893
2018.581	20.3069657615112
2018.581	20.3069657615112
2018.496	20.0708382526564
2018.496	20.3856749311295
2018.581	20.3069657615112
2018.581	20.3069657615112
2020.454	20.228256591893
2020.713	20.5382436260623
2019.825	19.6772924045651
2018.496	20.3856749311295
2018.496	20.3856749311295
2018.496	20.3069657615112
2018.496	20.228256591893
2018.496	20.228256591893
2018.882	20.1495474222747
2018.414	20.0708382526564
2020.361	20.3856749311295
2021.241	19.7560015741834
2021.047	20.4643841007477
2020.842	20.1495474222747
2019.545	20.0708382526564
2017.178	19.4411648957104
2017.586	19.7560015741834
2019.31	20.228256591893
2015.8	20.3856749311295
2017.414	20.1495474222747
2017.414	20.1495474222747
2017.414	20.1495474222747
2017.414	20.1638311279143
2017.414	20.1495474222747
2017.414	20.1495474222747
2017.414	20.1495474222747
2017.414	20.3069657615112
2017.414	20.3069657615112
2017.414	20.228256591893
2017.414	20.228256591893
2017.414	20.228256591893
2017.414	20.228256591893
2017.414	20.228256591893
2017.414	20.1495474222747
2017.414	20.228256591893
2017.414	20.3069657615112
2017.414	20.228256591893
2017.414	20.228256591893
2017.414	20.228256591893
2017.414	20.1495474222747
2017.414	20.228256591893
2017.414	20.228256591893
2017.414	20.228256591893
2016.497	19.9921290830382
2016.582	19.9921290830382
2016.582	19.9921290830382
2016.497	20.0708382526564
2016.811	20.3069657615112
2016.391	19.9921290830382
2016.683	20.0708382526564
2016.161	20.7005116096025
2017.216	20.3856749311295
2017.945	20.543093270366
2017.778	20.6218024399843
2017.849	20.7005116096025
2017.877	20.6218024399843
