1918	0.46472361730419
1933.025	0.443998056680162
1933.414	0.443960440469238
1932	0.446003630470016
1932	0.445335499593826
1933	0.444292916974371
1933	0.442963090316581
1935	0.447020637335156
1945	0.454114962807815
1948	0.465499706930014
1943	0.457401346646932
1943	0.455687406457131
1947	0.456753581536536
1947	0.463257916534242
1954	0.450413309215814
1954	0.450558650716045
1954	0.45070408604552
1951	0.45917695527406
1951	0.460860660320943
1951	0.458842983506474
1951	0.460926065359141
1951	0.456230643645923
1957	0.459365528972325
1957	0.45861216197114
1957	0.452830656827577
1953	0.481774706385197
1954	0.45927953611263
1950	0.465209124378579
1950	0.465209124378579
1946	0.453618381214033
1939	0.455332260079172
1940	0.455332260079172
1946	0.447941320046685
1948	0.460166798199774
1942	0.452164161992324
1942	0.45034091029588
1934	0.453429387949512
1935	0.453429387949512
1946	0.456073984426379
1946	0.456034587416419
1935	0.448519693672958
1936	0.439738217338217
1934	0.448404559115276
1934	0.448312852752474
1934	0.446372941348429
1934	0.446372941348429
1993	0.427162155665593
1995.578	0.439665365429328
1996	0.433071436198755
1991	0.441222470035678
1986	0.438124967968493
1987	0.441414446820452
1986	0.441486750579145
1987	0.433615310764616
1987	0.436643955431966
1986	0.441777269241627
1986	0.442437228207036
1989.003	0.448908057241193
1987	0.447511779484341
1986	0.429636764861088
1986	0.432977595891423
1980	0.448058327056991
1980	0.446731773916677
1981	0.454831953372498
1983	0.454684916456062
1983	0.449302930380354
1983	0.447115588396134
1982	0.450738400515029
1982	0.445928338546375
1983	0.444223634028411
1980	0.444149798764861
1978	0.456266307858733
1978	0.457394732909878
1978	0.45541225961324
1978	0.453208480945998
1977	0.456283113662328
1978	0.457921156570204
1977	0.462341429993656
1978	0.459799030613963
1978	0.461185256595428
1978	0.464551572337001
1978	0.459353776549457
1978	0.46163243040596
1977	0.4611459185607
1977	0.462828932862017
1977	0.462828932862017
1977	0.462490716861591
1978	0.459877662352533
1977	0.451431845167041
1951	0.448496555370323
1949	0.451390517382783
1949	0.453029187427086
1948	0.457915510602294
1950	0.459377618751558
1983	0.437431471982776
1983	0.435424878967066
1983	0.436095501106867
1983	0.439415646873583
1983	0.439236147017834
1983	0.438077113766352
1983	0.438435752418638
1983	0.438077113766352
1983	0.439738297823946
1983	0.439881395219919
1983	0.438398928478477
1983	0.438325649153632
1983	0.434822572862761
1983	0.435105660475301
1983	0.433196785270895
1983	0.434576372300321
1983	0.434437736850652
1983	0.438293218038787
1983	0.438040466558217
1983	0.438219624213251
1983	0.438219624213251
1983	0.438219624213251
1983	0.436022475855254
1983	0.436484627689263
1983	0.438541590023703
1983	0.438362227410196
1983	0.439738297823946
1983	0.438362227410196
1983	0.438183011454591
1983	0.438362227410196
1983	0.438219624213251
1983	0.438504923447765
1983	0.437861455333632
1983	0.438362227410196
1983	0.438219624213251
1983	0.438541590023703
1983	0.437089855669651
1983	0.438003941977086
1983	0.438541590023703
1983	0.438900755945098
1983	0.436428490913007
1983	0.44125573018118
1983	0.438790594407666
1983	0.441543006047183
1983	0.442517916749553
1982	0.449969916480572
1984	0.448541850433603
1984	0.444606268663245
1989.005	0.444443468983391
1991.551	0.43687788871326
1996	0.433328264189497
1995	0.427682899545082
1995.964	0.429119117979537
1995.942	0.428914401106915
1996	0.43480139838826
1996.019	0.431532888342691
1996	0.428812459441921
1996.003	0.431888756799597
1995.953	0.430681957981877
1995.929	0.431682791212009
1995.874	0.431757759292664
1995.907	0.429311031461569
1996	0.433495407887628
1996	0.434940745418674
1996	0.431822902471734
1996	0.433270350395257
1995.948	0.427500063147842
1995.871	0.428849851514441
1995.332	0.432745547663372
1996.003	0.419491892829273
1995.934	0.42051404818153
1995.945	0.420340925889154
1995.962	0.42255432820735
1995.918	0.419628224286156
1995.986	0.42098725309645
1995.989	0.420787921631696
1996.104	0.421124115012282
1995.953	0.426401070900217
1995	0.427028715607353
1996	0.438045499842792
1996	0.438045499842792
1996	0.428239054160875
1995.923	0.434471516998178
1996	0.431357310421254
1996	0.435036499465016
1995.975	0.435289455672034
1995	0.426174440983802
1995.986	0.421549704462835
1995.942	0.423763905759733
1995.912	0.418014347049255
1995.951	0.41716335651442
1998	0.422258414635472
2000	0.427212359832681
2000	0.426638184840659
2000	0.429836075447455
2000	0.429836075447455
2000	0.430584411753664
2000	0.429772398432017
2000	0.428660678605802
2000	0.42660059579473
2000	0.428483765407863
2000	0.428168027704782
2000	0.428521593375884
2000.279	0.427953900899939
2001.022	0.424581776426377
2000	0.432000231526888
2000	0.429078476538166
2000	0.429295564985285
2000	0.429369720597791
2000	0.427343060096003
2000	0.426479590354708
1992	0.432517947890888
2001.022	0.395079396674642
2001.584	0.396961374688201
2001.518	0.396804634214706
2001.353	0.395243058396545
2001.058	0.394915870434297
2002.926	0.39436866758837
2003.937	0.391697342011815
2003.937	0.391697342011815
2003.811	0.391697342011815
2003.723	0.391825389524732
2003.696	0.391825389524732
2003.515	0.391697342011815
2003.068	0.391697342011815
2003.973	0.391697342011815
2003.964	0.391825389524732
2003.923	0.391825389524732
2003.819	0.391697342011815
2003.789	0.391825389524732
2003.773	0.391697342011815
2003.715	0.391697342011815
2003	0.391697342011815
2003	0.391825389524732
2003	0.391697342011815
2003	0.391697342011815
2001	0.391979550215329
2002.97	0.398317819284563
2003.153	0.399170142953001
2001	0.391176940390226
2000	0.39954162182503
2000.112	0.404830571036855
2000	0.406517967158699
2000.68	0.404032144295084
2000.587	0.404032144295084
2000.828	0.40393476116669
2000.623	0.407015189994729
2000.68	0.403565908723587
2000.669	0.402042136069724
2000.639	0.403468586387435
2000.642	0.401841268088016
2000.68	0.404032144295084
2000.653	0.404106604764921
2000.626	0.402007455543801
2000.62	0.403600654664484
2000.56	0.403635515881182
2000.678	0.402603899950526
2000.549	0.403600654664484
2000.631	0.401912798737693
2000.713	0.403732809430255
2000.806	0.405325443786982
2000.56	0.402305511199806
2000.467	0.405192811115586
2000.648	0.400578878104528
2000.699	0.401875865541987
2000.705	0.402173780515065
2000.735	0.400779346504127
2000.464	0.405165834449722
2000.563	0.403433808589799
2000.721	0.403732809430255
2000.779	0.402375090219679
2000.76	0.402842581663755
2000.839	0.402805476623832
2000.855	0.402541774184144
2000.68	0.403767638799637
2000.735	0.402139131749351
2000.658	0.400413212728968
2000.639	0.403107887755847
2000.658	0.400413212728968
2000.658	0.403468586387435
2000.568	0.40545816331671
2000.464	0.405298284869614
2000	0.403635515881182
2000.743	0.403635515881182
2000.508	0.405634213825163
2000.719	0.40333660451423
2000.661	0.401875865541987
2000.664	0.403872819496907
2000.544	0.403837643774496
2000.675	0.403670492431874
2000.675	0.403837643774496
2000.541	0.403837643774496
2000.716	0.402042136069724
2000.623	0.401875865541987
2000.751	0.403433808589799
2000.642	0.403614541074072
2000.683	0.399019726299577
2001	0.399362040432755
2001.463	0.400151076419489
1999.997	0.393972238903617
2000	0.401834164954488
2000	0.400911137163078
2001	0.406553254317863
2000	0.393448671162581
2001.019	0.3976722325384
2001.019	0.396209922588156
2001.019	0.398147133858266
1999	0.397108444837128
1999	0.396779167519684
1999	0.396908791553503
1999	0.396450435815028
1999	0.416680136268859
1998.071	0.422187895858845
1998	0.416887224605541
1997.997	0.410090330935742
1997.041	0.412214759219878
1997.041	0.41444503622536
1997	0.423881873522161
1995	0.416073523565546
1996	0.41046248172588
1996	0.412016251374863
1996	0.411881781318931
1996	0.411881781318931
1996	0.411881781318931
1996	0.411881781318931
1996	0.41174739900855
1996	0.412016251374863
1996	0.411881781318931
1996	0.411881781318931
1996	0.412016251374863
1996	0.412016251374863
1996	0.410398222932388
1997	0.410097097147457
1997.86	0.396614733550551
1997.822	0.396286274143884
1997.923	0.396027601641179
2000.68	0.400814127084641
2000.617	0.401980346834898
2000	0.399810009585102
2001.019	0.396927285464516
2000.962	0.399014369506477
2001.038	0.393171780116883
2001.077	0.389485544447593
2001.101	0.392392818422908
2001.063	0.394399891525954
2001.09	0.392650547696092
2001.06	0.390759272075887
2001	0.393368515443437
2001.156	0.397007359053597
2001.592	0.40059188333395
2001.425	0.397878961809776
2001.077	0.397021764313102
2001.074	0.400769255291236
2001.066	0.398703860242322
2001.058	0.39892580823714
2001.06	0.396336821686472
2000	0.399569500078402
2000	0.398980608787266
2000.964	0.398561634836737
2001.06	0.395652860191642
2001.066	0.3957999815878
2001.466	0.395883807793257
2001.54	0.399768845703624
2001.479	0.394836291555055
2001.54	0.396273841101427
2001.622	0.397709151424065
2001.523	0.394673001111897
2001.499	0.396273841101427
2001.479	0.396404023046599
2001.537	0.395861092197981
2001.419	0.396273841101427
2001.556	0.39630764357632
2001.542	0.398749627421759
2001.43	0.395192307692308
2001.542	0.395163278131912
2001.545	0.394966043869072
2001.523	0.394836291555055
2001.622	0.396959251013966
2001.537	0.394447545616537
2001.605	0.394284415945066
2001.427	0.395920488036477
2001.523	0.397482150515932
2001.537	0.39630764357632
2001.592	0.396273841101427
2001.529	0.396110023887247
2001.512	0.396143744633567
2001.521	0.395946342059195
2001.499	0.396143744633567
2001.499	0.395850023871568
2001.504	0.395991010508515
2001.521	0.39601373355886
2001.293	0.395883807793257
2001.405	0.394577042512668
2001.389	0.39601373355886
2001.375	0.394706624464232
2001.499	0.394188806655817
2001.488	0.394610810329126
2001.679	0.397187565651705
2001.54	0.395753967252819
2001.46	0.395979981200482
2001.471	0.394284415945066
2001.425	0.397187565651705
2001.488	0.396143744633567
2001.43	0.394543387646836
2001.616	0.396273841101427
2001.521	0.397970458356669
2001.575	0.395816353109077
2001.414	0.39445048833258
2001.523	0.390987479426918
2001.49	0.393009043452927
2001.504	0.396110023887247
2001.433	0.397709151424065
2001.638	0.393244831498274
2001.501	0.396240152015988
2001.468	0.397873629981312
2002.074	0.396669928643464
2002.005	0.393042744416155
2002.011	0.400573069630237
2002	0.398450020645633
2001.556	0.392555098331272
2001.501	0.396047599190771
2001.616	0.396273841101427
2001.507	0.394740360824966
2001.54	0.39143974584324
2001	0.395265222949904
2001.405	0.396177578711346
2001.54	0.397578626595898
2001.504	0.392683973938078
2001.479	0.393430105859404
2001	0.395753967252819
2001.567	0.39438028579167
2001.548	0.393896595208071
2001.542	0.397317833793933
2001.57	0.396859447051415
2001.518	0.396143744633567
2001.507	0.395590364951351
2001.507	0.39546066319235
2001.545	0.395533799025432
2001.488	0.394577042512668
2001.115	0.396206576263637
2001.049	0.396455008450171
2001.063	0.39578789584704
2001.058	0.397544808799509
2001.068	0.395979981200482
2001.159	0.39699266948281
2001.14	0.395359705922925
2001.14	0.400636754908319
2002	0.393100759926817
2000	0.398948642311474
2001	0.399569500078402
2001.03	0.397228807089534
2001.025	0.399743238616912
2001.025	0.401138855715992
2000	0.39975191923148
2001	0.392568922417533
2000.68	0.400978317760796
2000	0.398434377893659
2000	0.397133523260885
2002	0.401602872497074
2003.06	0.403077545332551
2003.159	0.402708596303574
2003.173	0.402708596303574
2003.052	0.399975837046564
2002.984	0.399609700542313
2003.036	0.401148435927296
2003.038	0.40086818400238
2003.055	0.400807042027958
2003.058	0.39967905314567
2003.074	0.399086479985138
2003	0.394393671667161
2003.227	0.395633253515023
2003	0.39621862844311
2003.071	0.403368774330301
2003.115	0.401637577873948
2003.216	0.401878403259294
2003.036	0.399977978957671
2003.151	0.400875986216833
2003	0.402770609639947
2005	0.399941051869463
2005.603	0.401252008695319
2005.715	0.4008088430602
2005.718	0.398102610840546
2005.699	0.401752322920625
2005.679	0.397828041865461
2005.685	0.400165993621491
2005	0.402743725743013
2005.682	0.401646036854431
2005.759	0.399854441332684
2005	0.402085862747679
2005.496	0.400080881513341
2006.271	0.403383215114979
2005	0.39967905314567
2007.142	0.396650435340179
2007.118	0.395110245901639
2007.137	0.396485370656309
2007.06	0.395135184761661
2007.06	0.396945826378117
2007.077	0.395369504593176
2007.123	0.399736512713848
2007.134	0.397633048620237
2007.082	0.401474497551734
2007.123	0.400559224379624
2007.099	0.398917568419214
2007.099	0.400069626474443
2007.153	0.40587038912667
2007.115	0.407604877969092
2007.121	0.405073576727911
2007.178	0.405675108746293
2007.173	0.402603544106286
2007.096	0.404436350230776
2007.047	0.407979050934174
2007.184	0.407943420226541
2007.099	0.407845287310917
2007.145	0.402040839642951
2007.079	0.403906115749976
2006.989	0.405409440698653
2007.077	0.406109775450019
2007.178	0.40560424460921
2007.181	0.405303127626696
2007.096	0.40560424460921
2007.099	0.40560424460921
2007.156	0.407204086545327
2007.153	0.405303127626696
2007.178	0.407337596081899
2007.079	0.404073850847878
2007.137	0.403420896180398
2007.107	0.404338904210193
2007.153	0.405976668345644
2007.142	0.399202746983737
2007.118	0.401076697754202
2007.118	0.402504078142796
2007.079	0.403773774296584
2007.077	0.402471542944284
2007.077	0.400964793576435
2007.066	0.399298645595149
2007.077	0.399001960677523
2007.104	0.398967139870288
2007.082	0.399464605131972
2007.085	0.402568452293401
2007.079	0.400736751810904
2007.085	0.400999702435451
2007.153	0.40086818400238
2007.145	0.403835786535937
2007.175	0.402102585735353
2007.03	0.399499676220988
2007.153	0.407213153445666
2007.134	0.404303661139493
2007.162	0.405498822087068
2007.079	0.401464749678151
2007.121	0.403217743729891
2007.178	0.400751935532441
2007.118	0.404038543984648
2007.077	0.399858037113389
2006.962	0.402973586448996
2007.134	0.396936768412286
2007.115	0.397171486815175
2007.104	0.394642497498866
2007.14	0.396181856864638
2007.068	0.393618533684958
2007.077	0.396086297364009
2007.115	0.396841061285378
2007.079	0.395135184761661
2007.181	0.39801573871233
2007.041	0.398445581783482
2007.099	0.393645385230885
2007.088	0.392392655872986
2007.079	0.394006973027411
2007.082	0.392392655872986
2007.145	0.392651063944025
2007.118	0.394006973027411
2007.066	0.392971644108726
2007.118	0.394362042188129
2007.077	0.390614790614791
2007.041	0.395846238703382
2007.041	0.395846238703382
2007.153	0.392943849831979
2007.115	0.397206460538575
2007.159	0.390391767310976
2007.085	0.394806590013419
2007.173	0.398643020981406
2007.107	0.395264950011172
2007.077	0.3952996873365
2007.14	0.391274502263551
2007.115	0.391559773023793
2007.011	0.392143384766907
2007.008	0.396184219051727
2007.058	0.397294030471698
2007.134	0.398794755080689
2007.195	0.396079114708474
2007.134	0.398794755080689
2007.175	0.396833471760797
2007.101	0.399422190412466
2007.14	0.395210809072322
2007.088	0.396833471760797
2006.989	0.396799268291783
2007.159	0.394480891552905
2007.137	0.39831192212677
2007.153	0.396848448359937
2007.068	0.396277678717953
2007.085	0.396833471760797
2007.082	0.396277678717953
2007.079	0.396373763271254
2007.115	0.3960111893908
2007.088	0.396470110873043
2007.126	0.396209361046753
2007.118	0.3960111893908
2007.068	0.393318572955891
2007.175	0.400045377328045
2007.137	0.396964052041074
2007.14	0.396538301985771
2007.145	0.397948766843603
2007.14	0.397554926473113
2007.14	0.394894995760508
2007.137	0.394894995760508
2007.153	0.39476509609085
2007.137	0.394894995760508
2007.118	0.394928967031527
2007.137	0.394015077763364
2007.126	0.394274298209261
2007.058	0.404799942184157
2007.162	0.398670800823443
2007.115	0.39558581354634
2007.126	0.401957554765071
2007.118	0.397816303808072
2007.107	0.398078025060578
2007.077	0.396504149377593
2007.137	0.399913696822012
2007.118	0.400022834645347
2007.137	0.400211302411964
2007.121	0.398471253271042
2007.195	0.398865259124639
2007.115	0.396799268291783
2007.173	0.392604736509277
2007.06	0.396882793017456
2007.101	0.396964052041074
2007.123	0.396998338180307
2007.099	0.39670297736035
2007.118	0.396833471760797
2007.14	0.397128972710804
2007.101	0.400148292587009
2007.156	0.397060578313708
2007.099	0.395517326166029
2007.085	0.395222981637385
2007.096	0.395691672814441
2007.068	0.395353074784731
2007.164	0.398277505064656
2007.041	0.396504149377593
2007.153	0.394669316165628
2007.079	0.397128972710804
2007.192	0.394444217141548
2007.03	0.393645385230885
2007.041	0.392257138478548
2007.047	0.392257138478548
2007.058	0.393774959090408
2007.178	0.393645385230885
2007.088	0.397947121402222
2007.066	0.393836949987793
2007.134	0.395188959768216
2007.115	0.395155051734008
2007.079	0.390189695598378
2007.077	0.398346453908601
2007.079	0.396737326781109
2007.126	0.393774959090408
2007.079	0.39670297736035
2007.159	0.396634621292492
2007.134	0.395222981637385
2007.195	0.398754676323341
2007.096	0.39670297736035
2007.173	0.398608437765167
2007.063	0.396538301985771
2007.038	0.395257117398815
2007.096	0.396538301985771
2007.06	0.399753798706707
2006.962	0.396964052041074
2007.077	0.396668742216687
2007.173	0.399064874102675
2007.063	0.396538301985771
2007.06	0.396538301985771
2007.03	0.397424805333605
2006.929	0.396895822887021
2007.107	0.395127141365471
2007.104	0.394928967031527
2007.099	0.393607332813615
2007.063	0.396668742216687
2007.142	0.39670297736035
2007.079	0.394526086298856
2007.142	0.39811224468911
2007.162	0.400411721351056
2007.082	0.398870766450764
2007.115	0.396895822887021
2007.192	0.393155370228523
2007.162	0.396566721873019
2007.058	0.397259693241651
2007.077	0.393774959090408
2007.159	0.396833471760797
2007.096	0.395058920623837
2007.118	0.388770408358738
2007.066	0.3945055529639
2007.115	0.391998819651759
2007.175	0.399396461035872
2007.121	0.398720212852956
2007.178	0.396668742216687
2007.121	0.393448039240603
2007.06	0.394813887917468
2007.134	0.397232423278756
2007.115	0.398643020981406
2007.115	0.398643020981406
2007.115	0.395681714082142
2007.027	0.393877408090539
2007.137	0.395387178970845
2007.156	0.397163341645885
2007.115	0.394833215383305
2007.173	0.394703464080188
2007.181	0.393386493165623
2007.082	0.395100530314828
2007.118	0.395230326809675
2007.063	0.393722193340868
2007.079	0.395724158954794
2007.126	0.395230326809675
2007.126	0.395394800520374
2007.014	0.397101883540577
2007.156	0.398489973580345
2007.173	0.395100530314828
2007.096	0.395230326809675
2007.068	0.393618533684958
2007.162	0.393980880721513
2007.099	0.395230326809675
2007.14	0.395325730828689
2007.066	0.394970819044206
2007.079	0.395394800520374
2007.115	0.395065989875451
2007.063	0.393489224048399
2007.099	0.394512979120954
2007.099	0.394806590013419
2007.123	0.392843948180823
2007.104	0.394642497498866
2007.096	0.394512979120954
2007.096	0.395065989875451
2007.2	0.396902221763146
2007.068	0.392998792942398
2007.058	0.396216332261371
2007.181	0.392998792942398
2007.058	0.394901789547157
2007.195	0.394806590013419
2007.156	0.39493624735004
2007.126	0.3944785413304
2007.192	0.396415683058282
2007.164	0.394806590013419
2007.192	0.3944785413304
2007.173	0.3944785413304
2007.192	0.394608090933464
2007.164	0.394806590013419
2007.189	0.394737725654533
2007.156	0.390101161698795
2007.079	0.396641445007717
2006.274	0.3960111893908
2007.085	0.400397108819244
2007.058	0.397521392644313
2007.153	0.399333870762442
2007.107	0.394950445101171
2007.101	0.394820313158799
2007.096	0.395080662854254
2007.096	0.394894611211752
2007.096	0.395080662854254
2007.104	0.395080662854254
2007.101	0.393660158910049
2006.967	0.393039314831247
2007.173	0.395908282336869
2007.156	0.391808623787457
2007.077	0.393352476394475
2007.077	0.393127941411981
2007.077	0.39670297736035
2007.099	0.393877408090539
2007.142	0.393877408090539
2007.153	0.393877408090539
2007.049	0.393877408090539
2007.077	0.392134587700757
2007.137	0.395750366713372
2007.173	0.394266358789772
2007.134	0.393121661771303
2007.173	0.395222981637385
2007.123	0.392583204262819
2007.068	0.391645844965775
2007.068	0.395812001113449
2007.123	0.392426818450621
2007.121	0.393325611065427
2007.068	0.391842684742093
2007.101	0.395360208612768
2007.099	0.394117585825841
2007.058	0.393843144764197
2007.123	0.395291367110012
2007.096	0.395127141365471
2007.068	0.403865418636184
2007.121	0.402424112322172
2007.115	0.39953856743111
2007.162	0.392852791398281
2007.027	0.390899953409117
2007.162	0.392981595592182
2007.153	0.391318351396206
2007.173	0.390960139924514
2007.178	0.392852791398281
2003.729	0.397328301969014
2005.266	0.400570401976196
2005.449	0.398313952018503
2006.2	0.390308417098028
2006.321	0.391036944397499
2006.271	0.390049033379489
2006	0.39546066319235
2005	0.39641231472969
2005.033	0.39853290691583
2005.055	0.399803057833457
2003.688	0.396245587087916
2003.589	0.396245587087916
2005	0.392672517481259
2004	0.391414940724618
2005.6	0.390554227472154
2005.69	0.389264980521499
2005.663	0.389040831416365
2005.611	0.388648946921195
2003.03	0.405666939343323
2003.17	0.398104060466422
2008.027	0.393844149096292
2008.008	0.407417600527357
2008.481	0.402216228885046
2008.44	0.404026553371843
2008.437	0.404026553371843
2008.437	0.402452121509139
2007	0.404117308314941
2008.469	0.403017429662277
2008.478	0.404524901739673
2007.995	0.398223571509618
2008.122	0.398408517401848
2008.434	0.400440939665548
2007.981	0.395715983277681
2008.036	0.401285593620707
2007.962	0.398340090909861
2007.945	0.399450883338472
2007.849	0.39469743121129
2008.016	0.391952435387776
2008.123	0.397060578313708
2008.484	0.391740840830007
2008.497	0.392863029099085
2008.12	0.397060578313708
2008.077	0.391551109082371
2008.074	0.394205365965718
2008.94	0.394136623232421
2008.123	0.402383123585828
2008.108	0.39284864653605
2008.623	0.401085756386696
2008.88	0.394015077763364
2008.847	0.392537407027723
2008.861	0.394390529269349
2008.842	0.394635281853398
2008.833	0.394308055251529
2008.776	0.392653126056709
2008.776	0.392441965059646
2008.814	0.397554926473113
2008.828	0.3945055529639
2008.839	0.393026042804106
2008.6	0.394404174884944
2008.063	0.394786156230497
2008.016	0.395051290536069
2007.868	0.399071151110625
2008.055	0.398774110432567
2008.333	0.401217605747769
2008.041	0.400252244839757
2008.896	0.398726602400826
2008.915	0.400923773875238
2008.825	0.401431071038032
2009.033	0.399788429719594
2007.948	0.400711401051106
2008.038	0.399404867539693
2008.117	0.398651780071624
2007.997	0.396075722022282
2008.041	0.39769531906744
2008.137	0.39988521021187
2009.023	0.401333035521433
2009.088	0.40599706838315
2008.112	0.402860778291318
2008.921	0.398340090909861
2008.858	0.392925162121922
2008.801	0.394601361086249
2008.148	0.401526640283593
2008.533	0.402394728308767
2008.16	0.399125430665333
2008.342	0.40109643008122
2008.036	0.398449750888267
2007.863	0.400814842000652
2008.71	0.396704122355613
2008.022	0.40052864532017
2007	0.398146578863123
2008.437	0.398146578863123
2008.444	0.398146578863123
2008.984	0.3992329588427
2008.137	0.39788498452747
2007	0.391990007840259
2008.085	0.399387840547427
2008.538	0.400597553924403
2008.828	0.396799268291783
2008.839	0.39801573871233
2008.885	0.397947121402222
2008.866	0.39811224468911
2008.899	0.396964052041074
2008.885	0.396407947514375
2008.883	0.396442245860277
2008.861	0.39611324814587
2008.85	0.396277678717953
2008	0.395983118957912
2008.844	0.394669316165628
2008.56	0.399691914123312
2008.563	0.402366519168721
2008.555	0.39988521021187
2008.022	0.401483702813335
2008.71	0.395490806750339
2007.992	0.397232849604222
2008	0.396407178217822
2009.016	0.401485998460719
2008.989	0.400533397987635
2008.984	0.39749103513052
2009.14	0.408102528463095
2009	0.399593742544562
2009.233	0.408017347476997
2007	0.400190697709989
2009.118	0.400701779608855
2009.134	0.402067745263185
2009.323	0.399513417400479
2009.162	0.397136960704567
2009.121	0.400272953157321
2009.323	0.397572369835675
2009.323	0.401034726662954
2009.023	0.401874017717788
2007	0.400357235661595
2007	0.401658591200544
2007	0.397101883540577
2009.052	0.410624056313013
2009.036	0.400866205131787
2008.489	0.407074776214242
2009.085	0.406672528411659
2008.634	0.404486745385818
2009.414	0.409839134967193
2008.959	0.397589272939108
2008.191	0.400763708032211
2009.129	0.399989353381734
2009.014	0.401790628870235
2009.321	0.397356309009494
2009.326	0.397191362430412
2009	0.398346453908601
2009.325	0.397822498115458
2009.707	0.393882715974764
2009.321	0.410194685158741
2009.323	0.41006032725335
2009.323	0.41006032725335
2009.319	0.406635923179563
2009.319	0.407872510850227
2009.315	0.409608138555973
2009.318	0.408479482539586
2009.326	0.411038211392185
2009.323	0.405730316038614
2009.323	0.405562311766962
2009.323	0.405597071271442
2009.318	0.405863648380395
2009	0.408731751080662
2009.323	0.409332568452022
2008.934	0.398546747495499
2008.934	0.398705122444763
2009.325	0.396833471760797
2009.348	0.399587925761185
2009.348	0.399587925761185
2009.353	0.39801573871233
2009.332	0.399587925761185
2009.323	0.399719282738753
2009.318	0.399587925761185
2009.322	0.394048897804765
2009.329	0.393919446787089
2009.326	0.394212335754912
2009.323	0.394178433931591
2009.373	0.394341925608875
2009.205	0.397128972710804
2009	0.407455847181337
2009.162	0.401052484446918
2009.312	0.400437016035462
2009.162	0.4068263870396
2009.625	0.404884498305226
2009.575	0.407907906885118
2008	0.398723211823566
2009.315	0.402033020188888
2009.322	0.399456655089122
2009.323	0.397981372813802
2009.323	0.399456655089122
2009.162	0.40502835817231
2009	0.403627842957331
2007	0.401193423154727
2008.937	0.405260031043961
2007	0.401359962558278
2008.672	0.412486750554661
2009.112	0.401055656695592
2009.086	0.395914902803537
2009.462	0.405293735780125
2009.473	0.405125981750414
2009.323	0.405359887128785
2009.186	0.402118136346061
2008.842	0.398148318803718
2009.537	0.397941868603302
2009.43	0.404534063732805
2009.163	0.40552766853902
2009.041	0.401812049786585
2009.808	0.402531736057082
2009.67	0.40255648867491
2009.538	0.399341905271971
2008.975	0.398547319655857
2009.153	0.396930652101953
2009.323	0.396101636349667
2009.007	0.39977795797736
2009.527	0.39531459978765
2009.077	0.397816303808072
2008.844	0.396502835473641
2009.5	0.396407947514375
2009.499	0.403588384391424
2009.522	0.403991930854641
2009.456	0.394833215383305
2009.573	0.39592180969899
2008.877	0.397646602498544
2008.861	0.399416909620991
2008.992	0.401021503068801
2009.041	0.39902287781275
2009.329	0.398561634836737
2009.323	0.398527812207523
2009.323	0.399138545511356
2009.318	0.397089829714958
2009.318	0.397351245007726
2009.337	0.395452473793488
2009.326	0.395452473793488
2009.323	0.395616086732583
2009.321	0.395616086732583
2009.323	0.399535599092104
2009	0.397191348201326
2008.943	0.39892580823714
2009.318	0.392733840335817
2009.34	0.394635281853398
2009.326	0.393026042804106
2009.323	0.393026042804106
2009.326	0.393155370228523
2009.049	0.400641205301906
2008.997	0.398306049600532
2009.033	0.398039371589044
2009.085	0.398171756641708
2008.713	0.399154135338346
2009.162	0.3982090148681
2009.126	0.398243202664337
2008.79	0.399353605436299
2009.068	0.399650595705682
2009.326	0.399319485021585
2009.036	0.401618196682141
2009.118	0.39892580823714
2009.326	0.4021595905469
2009.132	0.401187626309509
2009.352	0.403593283770799
2009.319	0.404855232668721
2009.345	0.399553492907671
2009.332	0.401256214815433
2009.323	0.39968488175769
2009.321	0.401554689034906
2009.318	0.401089925459935
2009.314	0.402458391425584
2009	0.399676453952776
2008.117	0.400182828038949
2009.086	0.403524032783072
2009.025	0.406670922438557
2009.011	0.40332768894268
2009.323	0.406670922438557
2009.323	0.40332768894268
2009.121	0.403362472909364
2009.318	0.402630799312674
2009.315	0.402630799312674
2009.321	0.397163503834643
2009.326	0.399491234635306
2009.326	0.399491234635306
2009.319	0.402867806360376
2009.319	0.403696519087395
2009.326	0.403696519087395
2009.329	0.400992490717624
2009.323	0.404366276895918
2009.323	0.403696519087395
2009.323	0.403696519087395
2009.321	0.400992490717624
2009.318	0.400992490717624
2009.118	0.404031120429366
2009.167	0.39968488175769
2009.099	0.401089925459935
2009.052	0.402527007969618
2009.318	0.403229918695461
2009.323	0.40113130719503
2009.326	0.399159844146185
2009.323	0.405429122173607
2009	0.404028430215186
2009	0.405657805600673
2009.162	0.404734877604363
2009.247	0.406563041419015
2009.163	0.410768204653058
2009.163	0.402228105232863
2009.086	0.401089925459935
2009.163	0.40422752404509
2009.137	0.400763708032211
2009.137	0.400930000027245
2009.163	0.406537280991814
2009.137	0.40109643008122
2009.438	0.409450831397965
2009.085	0.408300490313968
2009.148	0.405095410506229
2009.319	0.404996652145655
2009.548	0.410311231242361
2009.326	0.401204092831302
2009.326	0.401336459737548
2009.321	0.401336459737548
2009.323	0.402815603701747
2009.318	0.402948458452308
2009.321	0.403381878885563
2009.318	0.404125041869749
2008.653	0.403662678717549
2008.657	0.402256853755122
2008.802	0.407142529396149
2008.762	0.40356496640522
2008.6	0.403097451573682
2009.153	0.410828615509222
2009.11	0.407177782749033
2009.167	0.40530447057076
2009.145	0.408812000016385
2009.399	0.407049575936241
2009.137	0.408847168512814
2009.112	0.40803520555448
2009.156	0.406403727351541
2009.156	0.411507845601752
2009.151	0.408946566178339
2009.137	0.410011958607129
2009.112	0.407375403461509
2009.107	0.408578366955606
2009.104	0.405402604056849
2009.036	0.4086775223848
2009.142	0.403795462493443
2009.137	0.408847168512814
2009.074	0.406706038684215
2009.115	0.406839735606859
2009.363	0.40756004842095
2009.118	0.408408832363508
2009.216	0.408444098678592
2009.195	0.407848144590899
2009.186	0.407410474463208
2009.184	0.407410474463208
2009.162	0.409841899727574
2009.159	0.407142529396149
2009.323	0.408911548116572
2009.323	0.408911548116572
2009.082	0.408309918619893
2009.077	0.408408832363508
2009.077	0.408578366955606
2009.326	0.409251034665444
2009.167	0.408274619799472
2009.132	0.406839735606859
2009.14	0.408812000016385
2009.118	0.410722049635355
2009.159	0.409151544866896
2009.159	0.409116323989122
2009.167	0.407375403461509
2009.225	0.412055629653101
2009.162	0.410892615270585
2009.134	0.407276457859766
2009.184	0.407107393327653
2009.137	0.407311678764406
2009.145	0.405466169870438
2009.107	0.407107393327653
2009.195	0.405599678652088
2009.148	0.407107393327653
2009.142	0.405599678652088
2009.11	0.408578366955606
2009.162	0.40801765753545
2009.112	0.4086775223848
2009.115	0.407650399495187
2009.145	0.407375403461509
2009.134	0.407749136536743
2009.112	0.409841899727574
2009.093	0.412603626391331
2009.079	0.407615008531303
2009.077	0.407615008531303
2009.058	0.409356953012206
2009.118	0.409591085379749
2009.137	0.409456262771
2009.222	0.409286222794766
2009.093	0.409251034665444
2009.137	0.409016955542927
2009.156	0.409467128796681
2008.146	0.406587527826513
2007	0.40333506352307
2008.486	0.397267136093029
2008.59	0.397267136093029
2008.574	0.403900571366888
2007	0.398078025060578
2006	0.395473869846184
2004	0.38914526705365
2007.395	0.398653689019448
2007.364	0.401892180036034
2007.351	0.401865499268494
2007.351	0.399477987750039
2007.395	0.402946827898749
2007.375	0.402946827898749
2008.82	0.411049653218234
2008.762	0.404974805095699
2008	0.411221838768467
2008	0.411221838768467
2008.781	0.408081882628111
2007.971	0.407593661390533
2008	0.415121968602576
2008	0.410701268766868
2007.499	0.395643541501498
2007.364	0.403318840759229
2007.556	0.403780428589302
2007.354	0.399776506482551
2007.351	0.405072400936443
2007.107	0.394611759484805
2007.088	0.396400347740615
2007.088	0.396400347740615
2007.386	0.406450713358739
2007.444	0.399873249611269
2008.016	0.39719305683717
2008.139	0.396372299394185
2008.011	0.392003223058338
2008.183	0.397288615806259
2008.954	0.390975828533661
2008.861	0.390260645830856
2008.5	0.393237692892819
2008.858	0.389078128773809
2008.536	0.3930139140755
2008.746	0.392097069774792
2008.746	0.392261885693151
2008.678	0.39010882133633
2008.648	0.389944910066861
2008.522	0.390424552023981
2008.055	0.396764488344773
2007.211	0.392370869099646
2007.058	0.401177231120476
2006.504	0.401257177293574
2006.392	0.387203206590595
2006	0.39572325239292
2004	0.3898510685895
2006	0.387121338875648
2006	0.388695621974364
2005.573	0.395553921568627
2005.605	0.399938584998362
2006.334	0.401466182937125
2005.989	0.398479364789275
2006.816	0.407384453078176
2006	0.402046027530233
2007.011	0.39934397276683
2006.759	0.401287416142552
2006.545	0.404604636392506
2006.57	0.401883743373004
2006.564	0.401919371703544
2006.584	0.401955115670243
2006.447	0.401883743373004
2006.384	0.402648898369673
2006.463	0.40527673711741
2006.033	0.404073850847878
2007.101	0.398584891224734
2007.126	0.400686777805066
2008.716	0.402349705116255
2006.008	0.403280771650925
2006	0.406502249306065
2006	0.401823318926101
2006.121	0.405369180036319
2006.493	0.403651782788473
2004.809	0.392347731952889
2001	0.388949649728571
2004.697	0.386672888832274
2005.929	0.402436419347421
2005.912	0.402568452293401
2006.921	0.399595663073288
2006.225	0.398967687556679
2006.244	0.399133440646649
2007.789	0.396538301985771
2007.767	0.396373763271254
2007.104	0.39476509609085
2007.047	0.398891706584014
2007.137	0.403563985758739
2007.14	0.395853075240684
2007.162	0.393858185794612
2007.162	0.400992490717624
2008.096	0.393162134086597
2007.863	0.399719282738753
2007	0.403996425799133
2007	0.403829139494454
2007	0.403829139494454
2007	0.404094641887284
2007	0.403961847065763
2007	0.403961847065763
2007	0.403961847065763
2007	0.404094641887284
2007	0.404360493625368
2007	0.403961847065763
2007	0.403961847065763
2007	0.403961847065763
2007	0.403961847065763
2007	0.403961847065763
2007	0.403961847065763
2007	0.403961847065763
2007	0.403961847065763
2007	0.404094641887284
2007	0.403961847065763
2007	0.403961847065763
2007	0.403661991671816
2007	0.404094641887284
2007	0.403794644314494
2007	0.403961847065763
2007	0.403961847065763
2007	0.403961847065763
2007	0.403961847065763
2007	0.403961847065763
2007	0.403794644314494
2007	0.403961847065763
2007	0.402492641967643
2008.79	0.40086818400238
2007.658	0.40660104084839
2008.138	0.401055656695592
2007.959	0.405332821791675
2007	0.403829139494454
2007	0.403829139494454
2007	0.403829139494454
2008.005	0.40401806872522
2008.116	0.402394728308767
2008.092	0.400660268272954
2008.169	0.396732172072299
2008.094	0.404060211328184
2008.137	0.397947121402222
2008.085	0.405631947110734
2008.074	0.399823175835668
2007.925	0.401929536771937
2007	0.397026879734162
2007.718	0.40821819055629
2008.022	0.408636506388535
2008.003	0.403327354477476
2008.074	0.402763069614682
2007.51	0.397162954514768
2008.066	0.396817271201374
2008.131	0.395257117398815
2007.748	0.406172128557947
2007.929	0.404338904210193
2007.923	0.404338904210193
2007.795	0.402533476230617
2007.997	0.401325264568842
2008.026	0.404346220691586
2008.027	0.404869507763462
2008.563	0.403641519539199
2008.486	0.403773774296584
2008.437	0.402269433281302
2008.434	0.402137541663832
2008.443	0.402510931888582
2008.499	0.402079996298358
2008.434	0.402137541663832
2007	0.397171486815175
2007	0.397919496587729
2007	0.399719282738753
2007.806	0.394954577634861
2007.638	0.400841890667472
2007.827	0.395257117398815
2009.023	0.40233174246953
2009.163	0.392733840335817
