1959.09	20.7075064710958
1960	20.7075064710958
1957	20.8643815201192
1957	20.8643815201192
1957	21.1881032723848
1957	20.942819044631
1957	21.0996940936544
1960	20.1584437995137
1964	20.629068946584
1962	19.8446937014668
1957	19.6878186524433
1964	20.3153188485371
1968	20.080006275002
1968	20.080006275002
1968	20.0015687504902
1963	19.9231312259785
1963	20.0015687504902
1963	19.9231312259785
1963	19.9231312259785
1963	19.8446937014668
1967	19.9231312259785
1961	20.080006275002
1963	20.3937563730489
1966	20.2368813240254
1967	20.0015687504902
1964	20.0015687504902
1964	19.8446937014668
1965	20.4257993558017
1963	20.3153188485371
1967	20.86778486495
1967	20.86778486495
1967	20.86778486495
1967	20.86778486495
1957	21.2565691426779
1957	21.0996940936544
1957	21.0996940936544
1957	21.0996940936544
1957	21.1781316181661
1957.414	21.0996940936544
1957.863	20.8643815201192
1957	21.0212565691427
1958	21.1781316181661
1957	21.2565691426779
1959	21.2565691426779
1957	20.942819044631
1958	21.0996940936544
1958	20.942819044631
1958.077	20.942819044631
1958	21.0996940936544
1957	21.0996940936544
1957	21.0212565691427
1960	20.488573680063
1965	21.2565691426779
1957.668	21.3350066671896
1957	21.1781316181661
1958	20.942819044631
1957.693	21.0212565691427
1957	20.8643815201192
1957	20.8643815201192
1957	20.7859439956075
1957	20.7075064710958
1957	20.7075064710958
1957.414	20.7859439956075
1957	20.7075064710958
1957.564	20.8643815201192
1957.564	21.0212565691427
1957.564	21.0996940936544
