2012.199	20.8530059804847
2013.044	20.8530059804847
2012.199	20.8530059804847
2013.044	20.5382436260623
2013.003	20.5382436260623
2012.219	20.5382436260623
2012.219	20.5382436260623
2013.025	20.5382436260623
2013.118	20.5382436260623
2013.044	20.5382436260623
2013.044	20.5382436260623
2013.044	20.5382436260623
2012.199	20.563535044345
2011.937	20.8530059804847
2011.89	20.6169342146679
2011.89	20.6169342146679
2013.025	20.6169342146679
2013.044	20.4595530374567
2013.044	20.8530059804847
2013.044	20.6956248032735
2013.003	20.6169342146679
2012.219	20.5382436260623
2013.044	20.5382436260623
2012.519	20.9316965690903
2012.24	20.8530059804847
2013.044	20.8530059804847
2013.044	20.8530059804847
2013.044	20.8530059804847
2013.003	20.9316965690903
2013.025	20.9316965690903
2013.044	20.8530059804847
2012.219	20.9316965690903
2013.044	20.9316965690903
2013.063	20.9316965690903
2013.044	21.0103871576959
2012.519	20.9316965690903
2012.24	21.0103871576959
2011.89	20.8530059804847
2012.577	20.8530059804847
2012.519	20.8530059804847
2012.577	20.9316965690903
2012.664	20.9316965690903
2013.118	20.8530059804847
2013.104	20.8530059804847
2013.118	20.9316965690903
2012.664	20.8530059804847
2012.24	20.9316965690903
2012.219	20.9316965690903
2013.044	20.9316965690903
2013.025	20.9316965690903
2013.025	20.9316965690903
2013.044	20.9316965690903
2013.044	20.9316965690903
2013.044	20.8530059804847
2013.082	20.8530059804847
2012.519	20.9316965690903
2013.044	20.9316965690903
2013.063	20.9316965690903
2012.219	20.8530059804847
2012.664	21.0103871576959
2013.118	21.0103871576959
2012.664	21.0890777463015
2012.664	21.0103871576959
2012.156	20.6169342146679
2016.642	20.7743153918791
2016.011	21.0103871576959
2016.046	20.8530059804847
2017.414	21.0103871576959
2017.545	20.9316965690903
2017.545	20.9316965690903
2017.414	20.9316965690903
2017.792	21.1677683349071
2017.581	21.0103871576959
2017.581	21.0890777463015
2017.529	20.9316965690903
2017.529	20.9316965690903
2017.414	20.9316965690903
2017.414	20.9316965690903
2017.414	20.9316965690903
2017.414	20.9316965690903
2017.414	20.9316965690903
2017.414	20.9316965690903
2017.414	20.9316965690903
2017.414	20.9316965690903
2017.414	20.9316965690903
2017.414	20.8530059804847
2017.414	20.8530059804847
2017.414	20.9316965690903
2017.414	20.9316965690903
2017.414	20.9316965690903
2017.414	20.9316965690903
2017.414	20.9316965690903
2017.414	20.9316965690903
2017.414	20.9316965690903
2017.414	20.9316965690903
2017.414	20.9316965690903
2017.414	20.9316965690903
2017.414	20.9316965690903
2017.414	20.9316965690903
2017.414	20.9316965690903
2017.414	20.9316965690903
2017.414	20.9316965690903
2017.414	20.9316965690903
2017.414	20.8530059804847
2017.496	20.9316965690903
2017.496	20.9316965690903
2017.496	20.9316965690903
2017.833	20.9316965690903
2017.581	20.8530059804847
2017.414	20.9316965690903
2017.414	20.9316965690903
2017.496	21.0103871576959
2017.496	20.9316965690903
2018.082	20.6169342146679
2017.926	20.7743153918791
2017.868	20.7743153918791
2016.148	21.0890777463015
2017.197	20.9316965690903
2017.773	20.3021718602455
2019.334	20.3021718602455
2020.32	20.2234812716399
2018.581	20.4595530374567
2018.581	20.4595530374567
2020.686	20.3808624488511
2020.344	20.3021718602455
2020.328	20.6169342146679
2019.726	20.2973802218551
2019.792	20.3808624488511
2020.32	20.3021718602455
2019.786	20.8530059804847
2017.77	20.9316965690903
2017.175	20.6169342146679
2017.986	20.6169342146679
2018.595	20.2234812716399
2017.688	20.6956248032735
2017.66	20.6956248032735
2016.314	20.9316965690903
2016.59	20.8530059804847
2016.607	20.8530059804847
2016.803	20.8530059804847
2016.915	21.0103871576959
2017.775	20.9316965690903
2016.262	20.9316965690903
2016.331	21.1677683349071
2016.331	21.1677683349071
2018.26	20.8530059804847
2019.463	20.7743153918791
2019.718	20.3808624488511
2021.189	20.8530059804847
2020.921	20.9316965690903
2020.251	20.7743153918791
2020.836	20.9465312229309
2020.59	20.9316965690903
2020.459	21.0890777463015
2020.631	20.8530059804847
2021.123	20.7743153918791
2020.806	20.6956248032735
2019.43	20.6169342146679
2019.43	20.6169342146679
2019.43	20.6956248032735
2019.43	20.6956248032735
2019.43	20.6956248032735
2019.43	20.6956248032735
2019.43	20.6956248032735
2019.43	20.6956248032735
2019.43	20.6956248032735
2019.518	20.4595530374567
2019.43	20.6956248032735
2020.29	21.1677683349071
2019.655	20.6956248032735
2017.216	21.0103871576959
2017.2	20.9316965690903
2016.549	20.9316965690903
2017.838	21.0103871576959
2016.117	21.0103871576959
2017.156	20.8530059804847
2016.631	21.0103871576959
2016.639	20.9316965690903
2016.432	20.9316965690903
2016.76	20.3808624488511
2016.721	20.8530059804847
2015.932	21.0103871576959
