2018.542	20.2187082054913
2018.542	20.4547242545826
2017.507	20.4547242545826
2017.507	20.2187082054913
2017.507	20.2973802218551
2017.507	20.2973802218551
2017.507	20.3760522382189
2017.507	20.4547242545826
2017.507	20.4547242545826
2017.507	20.4547242545826
2017.507	20.4547242545826
2017.507	20.2973802218551
2017.507	20.4547242545826
2017.507	20.4547242545826
2017.507	20.2973802218551
2017.507	20.2973802218551
2017.507	20.3760522382189
2017.507	20.3760522382189
2017.507	20.2973802218551
2017.507	20.2973802218551
2017.507	20.2973802218551
2017.507	20.2973802218551
2017.507	20.3760522382189
2017.507	20.3760522382189
2017.507	20.2973802218551
2017.507	20.2973802218551
2017.507	20.3760522382189
2017.507	20.3760522382189
2018.096	20.3760522382189
2018.096	20.2973802218551
2018.096	20.2973802218551
2018.096	20.2187082054913
2018.096	20.2187082054913
2018.096	20.2187082054913
2018.096	20.2187082054913
2018.096	20.2973802218551
2018.096	20.3760522382189
2018.096	20.2187082054913
2018.096	20.1400361891275
2018.096	20.2187082054913
2018.096	20.2187082054913
2018.096	20.2187082054913
2018.096	20.2973802218551
2018.096	20.2187082054913
2018.096	20.2187082054913
2018.096	20.2187082054913
2018.096	20.2973802218551
2018.096	20.2187082054913
2018.096	20.2187082054913
2018.096	20.2187082054913
2018.096	20.2187082054913
2018.096	20.2973802218551
2018.096	20.1400361891275
2018.096	20.2187082054913
2018.096	20.2187082054913
2018.096	20.1400361891275
2018.096	20.2187082054913
2018.096	20.2187082054913
2018.096	20.2187082054913
2018.096	20.2187082054913
2018.096	20.2187082054913
2018.096	20.2187082054913
2018.096	20.2187082054913
2018.096	20.3760522382189
2018.096	20.2973802218551
2018.096	20.2973802218551
2018.096	20.2187082054913
2018.096	20.2187082054913
2018.096	20.2973802218551
2018.096	20.2973802218551
2018.096	20.1400361891275
2018.096	20.1400361891275
2018.096	20.1400361891275
2018.096	20.1400361891275
2018.096	20.2187082054913
2018.096	20.1400361891275
2018.096	20.2187082054913
2007	21.3251495121184
2015.03	21.1677683349071
2006.329	21.1677683349071
2007.754	21.2464589235127
2010.915	21.3251495121184
2012.735	21.3251495121184
2012.814	21.403840100724
2012.776	21.4825306893296
2012.749	21.1677683349071
2012.831	21.2464589235127
2012.831	21.1677683349071
2012.008	21.1677683349071
2012.008	21.1914292441724
2012.008	21.1677683349071
2012.831	21.0890777463015
2011.937	21.1677683349071
2012.831	21.2464589235127
2012.008	21.0344556942155
2012.008	20.9316965690903
2012.008	20.9316965690903
2012.831	21.1677683349071
2014.866	21.0890777463015
2016.915	20.6956248032735
2017.126	21.403840100724
2010.973	20.8530059804847
2013.079	21.0890777463015
2013.156	21.0890777463015
2013.274	21.0103871576959
2016.071	20.6169342146679
2014.46	21.2464589235127
2018.329	21.0890777463015
2017.479	20.6956248032735
2017.329	20.4547242545826
2016.956	20.6956248032735
2017.052	20.8530059804847
2016.071	20.9316965690903
2015.959	20.2234812716399
2016.109	19.9874095058231
2016.339	19.9087189172175
2016.915	20.3808624488511
2017.321	20.1447906830343
2012.814	20.9316965690903
2012.929	20.8530059804847
2015.345	20.8530059804847
2013.074	20.7743153918791
2012.964	20.7743153918791
2013.079	20.7743153918791
2012.929	20.9316965690903
2012.85	20.8530059804847
2013.079	21.1677683349071
2013.693	21.1677683349071
2013.195	21.0890777463015
2015.348	20.6956248032735
2015.34	20.6956248032735
2013.885	20.9316965690903
2013.655	21.1677683349071
2013.351	21.0890777463015
2013.619	21.0103871576959
2013.463	21.2464589235127
2013.23	21.0103871576959
2013.236	21.1677683349071
2013.351	21.2464589235127
2013.23	21.1677683349071
2013.23	21.1677683349071
2013.463	21.1677683349071
2013.962	21.3251495121184
2016.221	21.0103871576959
2015.282	21.0344556942155
2014.94	21.1129424691939
2015.345	21.1129424691939
2015.033	21.1129424691939
2017.299	21.1129424691939
2016.399	21.3484027941292
2016.609	21.2699160191508
2016.383	21.3484027941292
2016.552	21.0344556942155
2016.609	21.1129424691939
2016.762	21.2699160191508
2018.022	21.1129424691939
2017.167	21.505376344086
2014.633	21.4268895691076
2014.595	21.4825306893296
2013.351	21.1677683349071
2013.236	21.1677683349071
2012.964	20.9316965690903
2013.079	20.9316965690903
2012.964	20.9316965690903
2013.195	20.9316965690903
2013.543	21.0103871576959
2013.543	20.8530059804847
2013.501	20.9316965690903
2013.463	20.9316965690903
2013.195	21.0103871576959
2013.351	20.8530059804847
2013.463	20.6956248032735
2013.389	20.6956248032735
2013.619	20.8530059804847
2011.334	20.8530059804847
2015.227	20.5382436260623
2015.227	20.9316965690903
2012.792	21.2464589235127
2012.792	21.3251495121184
2016.803	21.3251495121184
2017.318	21.2464589235127
2016.664	21.3251495121184
2016.342	21.1677683349071
2012.317	21.3251495121184
2010.932	21.5612212779352
2011.937	21.403840100724
2012.831	21.403840100724
2011.937	21.4825306893296
2016.033	21.403840100724
2013.773	20.8530059804847
2014.052	20.8530059804847
2012.511	21.0890777463015
2012.317	21.0890777463015
2012.451	20.8530059804847
2012.085	21.0890777463015
2012.929	21.1677683349071
2012.776	21.0890777463015
2012.107	21.1677683349071
2012.087	21.1677683349071
2012.415	20.9316965690903
2012.926	21.1677683349071
2016.798	21.403840100724
2017.564	22.977651872836
2012.309	20.6169342146679
2013.151	21.0890777463015
2012.664	21.0890777463015
2012.664	21.1677683349071
2012.664	21.1677683349071
2012.664	21.1677683349071
2012.664	21.1677683349071
2012.664	21.0890777463015
2012.664	21.0890777463015
2012.664	21.1677683349071
2012.664	21.1677683349071
2012.907	21.0890777463015
2012.664	21.0890777463015
2012.664	21.0890777463015
2012.664	21.0890777463015
2012.664	21.0890777463015
2012.664	21.0890777463015
2012.664	21.0890777463015
2012.568	21.0890777463015
2012.664	21.0890777463015
2012.664	21.0890777463015
2012.664	21.0890777463015
2013.151	21.1677683349071
2013.137	21.1677683349071
2013.151	21.1677683349071
2013.137	21.1677683349071
2013.137	21.1677683349071
2013.151	21.2464589235127
2013.151	21.0890777463015
2013.137	21.1677683349071
2013.137	21.1677683349071
2013.137	21.1677683349071
2013.151	21.3251495121184
2013.137	21.2464589235127
2013.137	21.1677683349071
2013.137	21.1677683349071
2013.137	21.1677683349071
2013.137	21.1677683349071
2013.137	21.1677683349071
2013.137	21.2464589235127
2013.137	21.1677683349071
2012.664	21.0890777463015
2013.137	21.0890777463015
2012.664	21.0103871576959
2012.664	21.0890777463015
2013.151	21.0890777463015
2013.137	21.0890777463015
2012.369	21.2464589235127
2013.121	21.6399118665408
2013.729	21.2464589235127
2012.292	21.1677683349071
2012.183	21.403840100724
2012.183	21.3251495121184
2010.992	21.0890777463015
2008.41	21.0103871576959
2009.137	21.2464589235127
2012.221	20.6956248032735
2009.386	21.5612212779352
2015.156	21.3251495121184
2010.159	20.9316965690903
2012.801	21.4825306893296
2012.907	21.4825306893296
2012.929	21.4825306893296
2011.8	20.6169342146679
2012.249	20.5382436260623
2017.299	20.9316965690903
2016.893	20.9316965690903
2017.041	20.9316965690903
2013.545	21.0103871576959
2017.301	21.403840100724
2017.375	20.3021718602455
2014.167	21.2464589235127
2011.915	21.403840100724
2014.693	20.7743153918791
2016.798	20.6169342146679
2017.932	20.4595530374567
2017.326	20.5382436260623
2016.686	20.5382436260623
2005	21.1677683349071
2005.417	21.2464589235127
2005	21.2464589235127
2005.526	20.6956248032735
2009.252	20.6169342146679
2006.145	21.0103871576959
2009.405	20.8530059804847
2006.984	20.9316965690903
2007.789	20.7743153918791
2007	21.1677683349071
2005.773	21.403840100724
2005.764	21.403840100724
2012.806	21.4825306893296
2005.052	20.9316965690903
2006.491	21.0103871576959
2009.496	20.3808624488511
2005.381	21.2464589235127
2005.304	21.3251495121184
2005.066	21.2464589235127
2005.066	21.2464589235127
2008.459	20.6169342146679
2008.459	20.6956248032735
2013.926	20.6266729648874
2015.082	20.9415840025193
2015.082	20.9415840025193
2015.082	20.9415840025193
2015.082	20.9415840025193
2015.082	20.9415840025193
2015.082	20.9415840025193
2015.082	20.8628562431113
2015.082	20.9415840025193
2015.082	20.9415840025193
2015.082	20.9415840025193
2015.082	20.9415840025193
2015.082	20.9415840025193
2015.082	20.9415840025193
2015.082	20.9415840025193
2015.082	20.9415840025193
2015.082	20.9415840025193
2015.082	20.9415840025193
2015.082	20.9415840025193
2015.082	20.9415840025193
2015.082	20.9415840025193
2015.082	21.0203117619273
2015.082	20.9415840025193
2015.082	20.9415840025193
2015.082	20.9415840025193
2015.082	20.9415840025193
2015.082	21.0203117619273
2015.082	20.9415840025193
2015.082	20.9415840025193
2015.082	20.9415840025193
2015.082	20.7841284837034
2015.082	20.7841284837034
2015.082	20.7841284837034
2015.082	20.7841284837034
2015.082	20.7841284837034
2015.082	20.7841284837034
2015.082	20.7841284837034
2015.082	20.7841284837034
2015.082	20.7841284837034
2015.082	20.8628562431113
2015.515	20.7841284837034
2015.932	20.5479452054795
2015.932	20.5479452054795
2015.932	20.5479452054795
2015.932	20.5479452054795
2015.932	20.5479452054795
2015.932	20.5479452054795
2015.932	20.5479452054795
2015.932	20.5479452054795
2015.932	20.5479452054795
2015.932	20.5479452054795
2015.932	20.5479452054795
2015.932	20.4692174460715
2015.934	20.4692174460715
2015.932	20.7054007242954
2015.934	20.7054007242954
2015.934	20.6266729648874
2015.934	20.6266729648874
2015.934	20.7054007242954
2015.934	20.7054007242954
2015.934	20.6266729648874
2015.932	20.6266729648874
2015.932	20.6266729648874
2015.932	20.6266729648874
2015.932	20.6266729648874
2015.932	20.6266729648874
2015.932	20.6266729648874
2015.932	20.6266729648874
2015.932	20.6266729648874
2015.932	20.7054007242954
2015.932	20.5479452054795
2015.934	20.7054007242954
2014.534	20.5479452054795
2014.534	20.5479452054795
2014.534	20.5479452054795
2014.534	20.5479452054795
2014.534	20.5479452054795
2014.534	20.4692174460715
2014.534	20.5479452054795
2014.534	20.5479452054795
2014.534	20.7054007242954
2014.534	20.5479452054795
2014.534	20.5479452054795
2014.534	20.4692174460715
2014.534	20.4692174460715
2014.534	20.5479452054795
2014.534	20.5479452054795
2014.534	20.5479452054795
2014.534	20.5479452054795
2014.534	20.3904896866635
2014.534	20.5479452054795
2014.534	20.5479452054795
2014.534	20.4692174460715
2014.534	20.4692174460715
2014.534	20.4692174460715
2013.926	20.6266729648874
2013.926	20.7054007242954
2013.926	20.7054007242954
2013.926	20.7054007242954
2012	20.7743153918791
2012	20.6956248032735
2017.986	21.5612212779352
2017.052	21.0890777463015
2012.309	21.403840100724
2013.121	21.3251495121184
2013.195	21.3251495121184
2013.389	21.4825306893296
2013.619	21.403840100724
2013.926	21.4825306893296
2013.811	21.4825306893296
2013.773	21.4825306893296
2013.693	21.403840100724
2013.885	21.4825306893296
2013.849	21.5612212779352
2014.422	21.797293043752
2014.173	21.5612212779352
2013.619	21.0890777463015
2015.055	20.4595530374567
