1918	22.9331592263119
1933.025	21.2849822625148
1933.414	21.2849822625148
1932	21.3705543726835
1932	21.2900173474215
1933	21.21116543132
1933	21.1323135152184
1935	21.3385826771654
1945	21.3618157543391
1948	22.0959595959596
1943	21.7117684078036
1943	21.5974240163355
1947	21.4084065244667
1947	21.7135690209297
1954	20.8512973269577
1954	20.8512973269577
1954	20.8512973269577
1951	21.4050493962678
1951	21.4784040134828
1951	21.4000156776672
1951	21.4851407511958
1951	21.2432390060359
1957	21.4084065244667
1957	21.4050493962678
1957	21.0914222988866
1953	21.8793370887419
1954	21.3299874529486
1950	21.7135690209297
1950	21.7135690209297
1946	21.2482358475772
1939	21.3266426219225
1940	21.3266426219225
1946	20.8910342644615
1948	21.8130087726231
1942	21.2899677900856
1942	21.2047435796749
1934	21.7579818683484
1935	21.7579818683484
1946	21.8437031779828
1946	21.8368151359874
1935	21.3651716283089
1936	20.8153326525803
1934	21.2011349306431
1934	21.2011349306431
1934	21.0435056746532
1934	21.0435056746532
1993	19.7079145728643
1995.578	20.1790201005025
1996	19.8649497487437
1991	20.4145728643216
2014.871	20.4145728643216
2014.83	20.4145728643216
2014.83	20.4145728643216
2014.964	20.4145728643216
2014.964	20.4145728643216
2014.964	20.4145728643216
2014.964	20.4145728643216
2014.964	20.4145728643216
2014.964	20.3360552763819
2014.964	20.4145728643216
2014.964	20.3360552763819
2014.964	20.3360552763819
2014.964	20.3360552763819
2014.926	20.4145728643216
2014.926	20.4145728643216
2014.926	20.4145728643216
2014.926	20.4145728643216
2014.926	20.4145728643216
2014.926	20.3360552763819
2014.926	20.3360552763819
2014.926	20.4145728643216
2014.926	20.4145728643216
2014.926	20.4145728643216
2014.871	20.4145728643216
2014.871	20.4145728643216
2014.871	20.4145728643216
2014.871	20.3360552763819
2014.871	20.4145728643216
2014.871	20.4145728643216
2014.871	20.3360552763819
2014.871	20.4145728643216
2014.83	20.4145728643216
2014.83	20.4145728643216
2014.83	20.4145728643216
2014.83	20.4145728643216
2014.83	20.3360552763819
2014.83	20.3360552763819
2014.83	20.4145728643216
2014.83	20.4145728643216
2014.8	20.3360552763819
2014.8	20.4145728643216
2014.8	20.4145728643216
2014.8	20.3360552763819
2014.8	20.4145728643216
2014.8	20.3360552763819
2014.8	20.3360552763819
2014.8	20.3360552763819
2014.8	20.3360552763819
2014.8	20.3360552763819
2014	20.3360552763819
2014.871	20.4145728643216
1986	20.1458023046171
1987	20.2241906404327
1986	20.2241906404327
1987	19.9106372971702
1987	19.9890256329858
1986	20.2273618188946
1986	20.3025789762483
1989.003	20.8512973269577
1987	20.6193649549196
1986	19.7569580556644
1986	19.9200062740177
1980	20.7729089911421
1980	20.6945206553265
1981	21.0864623344046
1983	21.008073998589
1983	20.7729089911421
1983	20.6161323195109
1982	20.7729089911421
1982	20.5425748784695
1983	20.4593556478796
1980	20.6161323195109
1978	21.1648506702203
1978	21.2432390060359
1978	21.1648506702203
1978	21.0864623344046
1977	21.2432390060359
1978	21.3216273418515
1977	21.5567923492984
1978	21.4000156776672
1978	21.4784040134828
1978	21.6351806851141
1978	21.4000156776672
1978	21.4784040134828
1977	21.4784040134828
1977	21.5567923492984
1977	21.5567923492984
1977	21.5567923492984
1978	21.4000156776672
1977	20.939534154184
1951	21.0037759597231
1949	21.0864623344046
1949	21.1648506702203
1948	21.4000156776672
1950	21.4784040134828
1983	20.2241906404327
1983	20.1489611916895
1983	20.1458023046171
1983	20.3025789762483
1983	20.3025789762483
1983	20.2241906404327
1983	20.2241906404327
1983	20.2241906404327
1983	20.3025789762483
1983	20.3025789762483
1983	20.2241906404327
1983	20.2241906404327
1983	20.0674139688014
1983	20.0674139688014
1983	19.9890256329858
1983	20.0674139688014
1983	20.0721342323977
1983	20.2241906404327
1983	20.2241906404327
1983	20.2241906404327
1983	20.2241906404327
1983	20.2273618188946
1983	20.1458023046171
1983	20.1458023046171
1983	20.2241906404327
1983	20.2241906404327
1983	20.3025789762483
1983	20.2241906404327
1983	20.2241906404327
1983	20.2241906404327
1983	20.2241906404327
1983	20.2241906404327
1983	20.2241906404327
1983	20.2241906404327
1983	20.2241906404327
1983	20.2241906404327
1983	20.1458023046171
1983	20.2241906404327
1983	20.2241906404327
1983	20.2241906404327
1983	20.1631884512788
1983	20.380967312064
1983	20.2241906404327
1983	20.380967312064
1983	20.5377439836952
1982	20.8512973269577
1984	20.7826837110815
1984	20.6161323195109
1989.005	20.4625637005096
1991.551	20.1821894141668
1996	19.9465996544684
1995	19.786432160804
1995.964	19.786432160804
1995.942	19.786432160804
1996	20.0219849246231
1996.019	19.8696300950287
1996	19.786432160804
1996.003	19.9434673366834
1995.953	19.8649497487437
1995.929	19.9434673366834
1995.874	19.9434673366834
1995.907	19.8472080018902
1996	20.0219849246231
1996	20.1005025125628
1996	19.9434673366834
1996	20.0219849246231
1995.948	19.7079145728643
1995.871	19.786432160804
1995.332	20.0219849246231
1996.003	19.3153266331658
1995.934	19.3938442211055
1995.945	19.3938442211055
1995.962	19.4723618090452
1995.918	19.3153266331658
1995.986	19.3938442211055
1995.989	19.3984135710359
1996.104	19.3938442211055
1995.953	19.7079145728643
1995	19.7110098947699
1996	20.2575376884422
1996	20.2575376884422
1996	19.786432160804
1995.923	20.1005025125628
1996	19.9434673366834
1996	20.1036594942673
1995.975	20.1005025125628
1995	19.6293969849246
1995.986	19.4723618090452
1995.942	19.5508793969849
1995.912	19.3153266331658
1995.951	19.2368090452261
1998	19.3938442211055
2000	19.7079145728643
2000	19.6293969849246
2000	19.786432160804
2000	19.786432160804
2000	19.7895398146694
2000	19.786432160804
2000	19.7079145728643
2000	19.6293969849246
2000	19.7079145728643
2000	19.7079145728643
2000	19.7079145728643
2000.279	19.7079145728643
2001.022	19.5554857457001
2000	19.8649497487437
2000	19.7079145728643
2000	19.786432160804
2000	19.786432160804
2000	19.7079145728643
2000	19.6293969849246
1992	19.9434673366834
2001.022	17.9847639990576
2001.584	18.0633000863897
2001.518	18.0633000863897
2001.353	17.9847639990576
2001.058	17.9847639990576
2002.926	17.9062279117254
2003.937	17.8276918243933
2003.937	17.8276918243933
2003.811	17.8276918243933
2003.723	17.8276918243933
2003.696	17.8276918243933
2003.515	17.8276918243933
2003.068	17.8276918243933
2003.973	17.8276918243933
2003.964	17.8276918243933
2003.923	17.8276918243933
2003.819	17.8276918243933
2003.789	17.8276918243933
2003.773	17.8276918243933
2003.715	17.8276918243933
2003	17.8276918243933
2003	17.8276918243933
2003	17.8276918243933
2003	17.8276918243933
2001	17.8276918243933
2002.97	18.0718158246248
2003.153	18.1546683432883
2001	17.8276918243933
2000	18.220372261054
2000.112	18.4559805230503
2000	18.5345166103825
2000.68	18.3803314743539
2000.587	18.3774444357182
2000.828	18.3803314743539
2000.623	18.5345166103825
2000.68	18.3774444357182
2000.669	18.3017830492499
2000.639	18.3774444357182
2000.642	18.2989083483861
2000.68	18.3774444357182
2000.653	18.3861082737487
2000.626	18.2989083483861
2000.62	18.3774444357182
2000.56	18.3774444357182
2000.678	18.2989083483861
2000.549	18.3774444357182
2000.631	18.3032207384132
2000.713	18.3774444357182
2000.806	18.4559805230503
2000.56	18.2989083483861
2000.467	18.4617801869746
2000.648	18.220372261054
2000.699	18.2989083483861
2000.705	18.3017830492499
2000.735	18.220372261054
2000.464	18.4559805230503
2000.563	18.3774444357182
2000.721	18.3774444357182
2000.779	18.2989083483861
2000.76	18.3032207384132
2000.839	18.2989083483861
2000.855	18.2989083483861
2000.68	18.3774444357182
2000.735	18.2989083483861
2000.658	18.220372261054
2000.639	18.3774444357182
2000.658	18.220372261054
2000.658	18.3774444357182
2000.568	18.4559805230503
2000.464	18.4559805230503
2000	18.3774444357182
2000.743	18.3774444357182
2000.508	18.4559805230503
2000.719	18.3774444357182
2000.661	18.2989083483861
2000.664	18.3774444357182
2000.544	18.3774444357182
2000.675	18.3774444357182
2000.675	18.3774444357182
2000.541	18.3803314743539
2000.716	18.2989083483861
2000.623	18.2989083483861
2000.751	18.3774444357182
2000.642	18.3904432568375
2000.683	18.1489629164048
2001	18.2246661429694
2001.463	18.220372261054
1999.997	17.9062279117254
2000	18.347185196801
2000	18.2730766214415
2001	18.5345166103825
2000	17.9062279117254
2001.019	18.1418361737218
2001.019	18.0633000863897
2001.019	18.1589497681
1999	18.0633000863897
1999	18.0633000863897
1999	18.0633000863897
1999	18.0661377739376
1999	19.0842692217074
1998.071	19.2413413963716
1998	19.0842692217074
1997.997	18.6915887850467
1997.041	18.848660959711
1997.041	18.9271970470431
1997	19.3198774837038
1995	19.0057331343752
1996	18.848660959711
1996	18.848660959711
1996	18.848660959711
1996	18.848660959711
1996	18.848660959711
1996	18.848660959711
1996	18.848660959711
1996	18.848660959711
1996	18.848660959711
1996	18.848660959711
1996	18.848660959711
1996	18.848660959711
1996	18.7701248723789
1997	18.6915887850467
1997.86	18.0633000863897
1997.822	18.0633000863897
1997.923	18.0633000863897
2000.68	18.220372261054
2000.617	18.2989083483861
2000	18.1418361737218
2001.019	18.0633000863897
2000.962	18.1461115475255
2001.038	17.8276918243933
2001.077	17.6733956484172
2001.101	17.8276918243933
2001.063	17.9188934297391
2001.09	17.8276918243933
2001.06	17.7491557370612
2001	17.8304924986254
2001.156	17.9974850675888
2001.592	18.1418361737218
2001.425	17.9847639990576
2001.077	18.0144745122719
2001.074	18.1503889369058
2001.066	18.0718158246248
2001.058	18.0633000863897
2001.06	17.9847639990576
2000	18.1418361737218
2000	18.1461115475255
2000.964	18.0633000863897
2001.06	17.9847639990576
2001.066	18.0017294237874
2001.466	17.9847639990576
2001.54	18.1418361737218
2001.479	17.9062279117254
2001.54	17.9847639990576
2001.622	18.0633000863897
2001.523	17.9062279117254
2001.499	17.9847639990576
2001.479	17.9847639990576
2001.537	17.9932427123438
2001.419	17.9847639990576
2001.556	17.9847639990576
2001.542	18.1418361737218
2001.43	17.9090409237295
2001.542	17.9062279117254
2001.545	17.9062279117254
2001.523	17.9062279117254
2001.622	17.9847639990576
2001.537	17.9062279117254
2001.605	17.9062279117254
2001.427	17.9890023566379
2001.523	18.0633000863897
2001.537	17.9847639990576
2001.592	17.9847639990576
2001.529	17.9847639990576
2001.512	17.9847639990576
2001.521	17.9847639990576
2001.499	17.9847639990576
2001.499	17.9847639990576
2001.504	17.9932427123438
2001.521	17.9847639990576
2001.293	17.9847639990576
2001.405	17.9062279117254
2001.389	17.9847639990576
2001.375	17.9062279117254
2001.499	17.9062279117254
2001.488	17.9062279117254
2001.679	18.0633000863897
2001.54	17.9847639990576
2001.46	17.9847639990576
2001.471	17.9062279117254
2001.425	18.0633000863897
2001.488	17.9847639990576
2001.43	17.9062279117254
2001.616	17.9875893488336
2001.521	18.0633000863897
2001.575	17.9847639990576
2001.414	17.910447761194
2001.523	17.7491557370612
2001.49	17.8276918243933
2001.504	17.9847639990576
2001.433	18.0661377739376
2001.638	17.8360964877819
2001.501	17.9847639990576
2001.468	18.0633000863897
2002.074	17.9904155864561
2002.005	17.8276918243933
2002.011	18.220372261054
2002	18.1418361737218
2001.556	17.8276918243933
2001.501	17.9847639990576
2001.616	17.9847639990576
2001.507	17.9062279117254
2001.54	17.7491557370612
2001	17.9062279117254
2001.405	17.9847639990576
2001.54	18.0633000863897
2001.504	17.8276918243933
2001.479	17.8276918243933
2001	17.9847639990576
2001.567	17.9062279117254
2001.548	17.9062279117254
2001.542	18.0633000863897
2001.57	18.0633000863897
2001.518	17.9847639990576
2001.507	17.9847639990576
2001.507	17.9847639990576
2001.545	17.9932427123438
2001.488	17.9062279117254
2001.115	17.9847639990576
2001.049	18.0017294237874
2001.063	17.9847639990576
2001.058	18.0633000863897
2001.068	17.9847639990576
2001.159	18.0675569520817
2001.14	17.9847639990576
2001.14	18.220372261054
2002	17.8276918243933
2000	18.1418361737218
2001	18.1418361737218
2001.03	18.0633000863897
2001.025	18.1461115475255
2001.025	18.220372261054
2000	18.220372261054
2001	17.9062279117254
2000.68	18.2989083483861
2000	18.1418361737218
2000	18.0633000863897
2002	18.220372261054
2003.06	18.233259981138
2003.159	18.2989083483861
2003.173	18.2989083483861
2003.052	18.1418361737218
2002.984	18.1418361737218
2003.036	18.2246661429694
2003.038	18.1418361737218
2003.055	18.1418361737218
2003.058	18.1418361737218
2003.074	18.1418361737218
2003	17.9062279117254
2003.227	17.9890023566379
2003	17.9847639990576
2003.071	18.2989083483861
2003.115	18.220372261054
2003.216	18.2289620491868
2003.036	18.1461115475255
2003.151	18.220372261054
2003	18.2989083483861
2005	18.1418361737218
2005.603	18.220372261054
2005.715	18.1461115475255
2005.718	18.0760767054385
2005.699	18.220372261054
2005.679	18.0633000863897
2005.685	18.1546683432883
2005	18.2989083483861
2005.682	18.220372261054
2005.759	18.1418361737218
2005	18.3017830492499
2005.496	18.1418361737218
2006.271	18.3118516189877
2005	18.1418361737218
2007.142	17.9062279117254
2007.118	17.8276918243933
2007.137	17.9062279117254
2007.06	17.8276918243933
2007.06	17.9062279117254
2007.077	17.8276918243933
2007.123	18.0661377739376
2007.134	17.9062279117254
2007.082	18.1418361737218
2007.123	18.0633000863897
2007.099	18.0059757823557
2007.099	18.0633000863897
2007.153	18.3774444357182
2007.115	18.4559805230503
2007.121	18.2989083483861
2007.178	18.3774444357182
2007.173	18.220372261054
2007.096	18.2989083483861
2007.047	18.4559805230503
2007.184	18.4559805230503
2007.099	18.4559805230503
2007.145	18.220372261054
2007.079	18.2989083483861
2006.989	18.3774444357182
2007.077	18.3774444357182
2007.178	18.3774444357182
2007.181	18.3774444357182
2007.096	18.3774444357182
2007.099	18.3774444357182
2007.156	18.4559805230503
2007.153	18.3774444357182
2007.178	18.4559805230503
2007.079	18.2989083483861
2007.137	18.233259981138
2007.107	18.2989083483861
2007.153	18.3774444357182
2007.142	18.0633000863897
2007.118	18.220372261054
2007.118	18.1418361737218
2007.079	18.2989083483861
2007.077	18.220372261054
2007.077	18.1418361737218
2007.066	18.0633000863897
2007.077	18.0633000863897
2007.104	18.0633000863897
2007.082	18.0633000863897
2007.085	18.2232346241458
2007.079	18.1418361737218
2007.085	18.1418361737218
2007.153	18.1418361737218
2007.145	18.2989083483861
2007.175	18.220372261054
2007.03	18.0633000863897
2007.153	18.3803314743539
2007.134	18.2989083483861
2007.162	18.3774444357182
2007.079	18.1418361737218
2007.121	18.233259981138
2007.178	18.0633000863897
2007.118	18.2989083483861
2007.077	18.0633000863897
2006.962	18.220372261054
2007.134	17.9062279117254
2007.115	17.9062279117254
2007.104	17.8276918243933
2007.14	17.9062279117254
2007.068	17.7491557370612
2007.077	17.9062279117254
2007.115	17.9062279117254
2007.079	17.8276918243933
2007.181	17.9847639990576
2007.041	17.9062279117254
2007.099	17.7491557370612
2007.088	17.6706196497291
2007.079	17.7491557370612
2007.082	17.6706196497291
2007.145	17.6733956484172
2007.118	17.7491557370612
2007.066	17.6706196497291
2007.118	17.7491557370612
2007.077	17.5920835623969
2007.041	17.8276918243933
2007.041	17.8276918243933
2007.153	17.6706196497291
2007.115	17.9062279117254
2007.159	17.5920835623969
2007.085	17.8276918243933
2007.173	17.9847639990576
2007.107	17.8276918243933
2007.077	17.8276918243933
2007.14	17.5920835623969
2007.115	17.6706196497291
2007.011	17.6706196497291
2007.008	17.8276918243933
2007.058	17.9062279117254
2007.134	18.0633000863897
2007.195	17.9062279117254
2007.134	18.0633000863897
2007.175	17.9062279117254
2007.101	18.0633000863897
2007.14	17.8403017918893
2007.088	17.9062279117254
2006.989	17.9062279117254
2007.159	17.8318931657502
2007.137	17.9847639990576
2007.153	17.9188934297391
2007.068	17.9062279117254
2007.085	17.9062279117254
2007.082	17.9062279117254
2007.079	17.9062279117254
2007.115	17.9062279117254
2007.088	17.9062279117254
2007.126	17.9062279117254
2007.118	17.9062279117254
2007.068	17.7491557370612
2007.175	18.0633000863897
2007.137	17.9062279117254
2007.14	17.9062279117254
2007.145	17.9062279117254
2007.14	17.9847639990576
2007.14	17.8276918243933
2007.137	17.8276918243933
2007.153	17.8276918243933
2007.137	17.8276918243933
2007.118	17.8276918243933
2007.137	17.8276918243933
2007.126	17.8276918243933
2007.058	18.3017830492499
2007.162	17.9847639990576
2007.115	17.8276918243933
2007.126	18.1418361737218
2007.118	17.9847639990576
2007.107	17.9847639990576
2007.077	17.9062279117254
2007.137	18.0633000863897
2007.118	18.0718158246248
2007.137	18.0633000863897
2007.121	17.9847639990576
2007.195	17.9847639990576
2007.115	17.9062279117254
2007.173	17.7491557370612
2007.06	17.9188934297391
2007.101	17.9062279117254
2007.123	17.9062279117254
2007.099	17.9062279117254
2007.118	17.9062279117254
2007.14	17.9062279117254
2007.101	18.0633000863897
2007.156	17.9062279117254
2007.099	17.8276918243933
2007.085	17.8276918243933
2007.096	17.8346951602766
2007.068	17.8276918243933
2007.164	17.9847639990576
2007.041	17.9062279117254
2007.153	17.8276918243933
2007.079	17.9062279117254
2007.192	17.8276918243933
2007.03	17.7491557370612
2007.041	17.6706196497291
2007.047	17.6706196497291
2007.058	17.7491557370612
2007.178	17.7491557370612
2007.088	17.9847639990576
2007.066	17.7491557370612
2007.134	17.8276918243933
2007.115	17.8276918243933
2007.079	17.5920835623969
2007.077	17.9847639990576
2007.079	17.9062279117254
2007.126	17.7491557370612
2007.079	17.9062279117254
2007.159	17.9062279117254
2007.134	17.8276918243933
2007.195	17.9974850675888
2007.096	17.9062279117254
2007.173	17.9875893488336
2007.063	17.9062279117254
2007.038	17.8276918243933
2007.096	17.9062279117254
2007.06	18.0633000863897
2006.962	17.9062279117254
2007.077	17.9062279117254
2007.173	17.9847639990576
2007.063	17.9062279117254
2007.06	17.9062279117254
2007.03	17.9062279117254
2006.929	17.9062279117254
2007.107	17.8276918243933
2007.104	17.8276918243933
2007.099	17.7742823436886
2007.063	17.911854819703
2007.142	17.9062279117254
2007.079	17.7491557370612
2007.142	17.9847639990576
2007.162	18.0633000863897
2007.082	17.9847639990576
2007.115	17.9062279117254
2007.192	17.7491557370612
2007.162	17.9062279117254
2007.058	17.9062279117254
2007.077	17.7491557370612
2007.159	17.9062279117254
2007.096	17.8276918243933
2007.118	17.5135474750648
2007.066	17.8276918243933
2007.115	17.6706196497291
2007.175	17.9847639990576
2007.121	17.9974850675888
2007.178	17.9062279117254
2007.121	17.7491557370612
2007.06	17.8403017918893
2007.134	17.9062279117254
2007.115	17.9847639990576
2007.115	17.9847639990576
2007.115	17.8276918243933
2007.027	17.7491557370612
2007.137	17.8276918243933
2007.156	17.9062279117254
2007.115	17.8276918243933
2007.173	17.8276918243933
2007.181	17.7491557370612
2007.082	17.8276918243933
2007.118	17.8276918243933
2007.063	17.7491557370612
2007.079	17.8276918243933
2007.126	17.8276918243933
2007.126	17.8276918243933
2007.014	17.9062279117254
2007.156	17.9932427123438
2007.173	17.8276918243933
2007.096	17.8276918243933
2007.068	17.7491557370612
2007.162	17.7491557370612
2007.099	17.8276918243933
2007.14	17.8276918243933
2007.066	17.8276918243933
2007.079	17.8276918243933
2007.115	17.8276918243933
2007.063	17.7491557370612
2007.099	17.8276918243933
2007.099	17.8276918243933
2007.123	17.7491557370612
2007.104	17.8276918243933
2007.096	17.8276918243933
2007.096	17.8276918243933
2007.2	17.9062279117254
2007.068	17.7491557370612
2007.058	17.9062279117254
2007.181	17.7491557370612
2007.058	17.8276918243933
2007.195	17.8276918243933
2007.156	17.8276918243933
2007.126	17.8276918243933
2007.192	17.9090409237295
2007.164	17.8276918243933
2007.192	17.8276918243933
2007.173	17.8276918243933
2007.192	17.8276918243933
2007.164	17.8276918243933
2007.189	17.8276918243933
2007.156	17.5920835623969
2007.079	17.9062279117254
2006.274	17.9062279117254
2007.085	18.1418361737218
2007.058	17.9062279117254
2007.153	17.9847639990576
2007.107	17.7491557370612
2007.101	17.7491557370612
2007.096	17.7491557370612
2007.096	17.7575233755009
2007.096	17.7519440735213
2007.104	17.7491557370612
2007.101	17.6706196497291
2006.967	17.6706196497291
2007.173	17.8276918243933
2007.156	17.6706196497291
2007.077	17.7491557370612
2007.077	17.7491557370612
2007.077	17.9062279117254
2007.099	17.7491557370612
2007.142	17.7491557370612
2007.153	17.7491557370612
2007.049	17.7491557370612
2007.077	17.6706196497291
2007.137	17.8276918243933
2007.173	17.7491557370612
2007.134	17.7491557370612
2007.173	17.8276918243933
2007.123	17.6706196497291
2007.068	17.6706196497291
2007.068	17.8276918243933
2007.123	17.6706196497291
2007.121	17.7491557370612
2007.068	17.6706196497291
2007.101	17.8276918243933
2007.099	17.7617101540396
2007.058	17.7491557370612
2007.123	17.8276918243933
2007.096	17.8276918243933
2007.068	18.220372261054
2007.121	18.1418361737218
2007.115	18.0718158246248
2007.162	17.8276918243933
2007.027	17.7491557370612
2007.162	17.8276918243933
2007.153	17.7491557370612
2007.173	17.7491557370612
2007.178	17.8276918243933
2003.729	17.9847639990576
2005.266	18.1418361737218
2005.449	18.0633000863897
2006.2	17.7491557370612
2006.321	17.8276918243933
2006.271	17.7491557370612
2006	17.9847639990576
2005	17.9890023566379
2005.033	18.0633000863897
2005.055	18.1418361737218
2003.688	17.9847639990576
2003.589	17.9847639990576
2005	17.7491557370612
2004	17.7533385703064
2010.112	18.0661377739376
2010.112	18.0633000863897
2005.6	17.5920835623969
2005.69	17.5176747839749
2005.663	17.5135474750648
2005.611	17.5135474750648
2003.03	18.3774444357182
2003.17	18.0803395959437
2008.027	17.837411207577
2008.008	18.4688239936859
2008.481	18.1418361737218
2008.44	18.220372261054
2008.437	18.220372261054
2008.437	18.1446861990417
2007	18.1418361737218
2008.469	18.1418361737218
2008.478	18.220372261054
2007.995	17.9163378058406
2008.122	17.9847639990576
2008.434	18.0633000863897
2007.981	17.8276918243933
2008.036	18.1418361737218
2007.962	17.9875893488336
2007.945	18.0633000863897
2007.849	17.8276918243933
2008.016	17.688679245283
2008.123	17.9062279117254
2008.484	17.6706196497291
2008.497	17.7491557370612
2008.12	17.9062279117254
2008.077	17.6706196497291
2008.074	17.7491557370612
2008.94	17.7491557370612
2008.123	18.1418361737218
2008.108	17.6706196497291
2008.623	18.0633000863897
2008.88	17.8276918243933
2008.847	17.7491557370612
2008.861	17.8403017918893
2008.842	17.8276918243933
2008.833	17.8276918243933
2008.776	17.7617101540396
2008.776	17.7491557370612
2008.814	17.9847639990576
2008.828	17.8276918243933
2008.839	17.7491557370612
2008.6	17.7491557370612
2008.063	17.7491557370612
2008.016	17.837411207577
2007.868	17.9847639990576
2008.055	17.9904155864561
2008.333	18.0633000863897
2008.041	18.0633000863897
2008.896	18.0633000863897
2008.915	18.1418361737218
2008.825	18.220372261054
2009.033	18.0633000863897
2007.948	18.1531176006314
2008.038	18.0741910023678
2008.117	17.9654873532425
2007.997	17.9163378058406
2008.041	17.9952644041042
2008.137	18.0633000863897
2009.023	18.1418361737218
2009.088	18.3774444357182
2008.112	18.220372261054
2008.921	17.9847639990576
2008.858	17.7491557370612
2008.801	17.8276918243933
2008.148	18.1418361737218
2008.533	18.220372261054
2008.16	18.0718158246248
2008.342	18.1418361737218
2008.036	17.9952644041042
2007.863	18.1531176006314
2008.71	17.9847639990576
2008.022	18.1418361737218
2007	17.9847639990576
2008.437	17.9847639990576
2008.444	17.9847639990576
2008.984	18.0741910023678
2008.137	17.9847639990576
2007	17.6493866244559
2008.085	18.0633000863897
2008.538	18.1418361737218
2008.828	17.9062279117254
2008.839	17.9847639990576
2008.885	17.9847639990576
2008.866	17.9847639990576
2008.899	17.9062279117254
2008.885	17.9062279117254
2008.883	17.9062279117254
2008.861	17.9062279117254
2008.85	17.9062279117254
2008	17.9062279117254
2008.844	17.8276918243933
2008.56	18.0633000863897
2008.563	18.220372261054
2008.555	18.0633000863897
2008.022	18.1531176006314
2008.71	17.9062279117254
2007.992	17.9952644041042
2008	17.8866913560791
2009.016	18.1418361737218
2008.989	18.1375628140704
2008.984	17.980527638191
2009.14	18.4516331658291
2009	18.0590452261307
2009.233	18.5301507537688
2007	18.0633000863897
2009.118	18.1418361737218
2009.134	18.220372261054
2009.323	18.1418361737218
2009.162	17.9847639990576
2009.121	18.1418361737218
2009.323	17.9904155864561
2009.323	18.1418361737218
2009.023	18.220372261054
2007	18.0633000863897
2007	18.1418361737218
2007	17.9062279117254
2009.052	18.6086683417085
2009.036	18.1375628140704
2008.489	18.2945979899498
2009.085	18.2945979899498
2008.634	18.21608040201
2009.414	18.5301507537688
2008.959	17.9847639990576
2008.191	18.1418361737218
2009.129	18.0633000863897
2009.014	18.1418361737218
2009.321	17.9062279117254
2009.326	17.9090409237295
2009	17.9875893488336
2009.325	17.9932427123438
2009.707	17.6664572864322
2009.321	18.6130526977146
2009.323	18.6130526977146
2009.323	18.6130526977146
2009.319	18.3774444357182
2009.319	18.458879899458
2009.315	18.5345166103825
2009.318	18.458879899458
2009.326	18.6130526977146
2009.323	18.3774444357182
2009.323	18.3774444357182
2009.323	18.3774444357182
2009.318	18.3774444357182
2009	18.5345166103825
2009.323	18.5345166103825
2008.934	17.9847639990576
2008.934	17.9847639990576
2009.325	17.9062279117254
2009.348	18.0633000863897
2009.348	18.0633000863897
2009.353	17.9847639990576
2009.332	18.0633000863897
2009.323	18.0633000863897
2009.318	18.0633000863897
2009.322	17.8276918243933
2009.329	17.8276918243933
2009.326	17.8304924986254
2009.323	17.8276918243933
2009.373	17.8276918243933
2009.205	17.9062279117254
2009	18.4516331658291
2009.162	18.1375628140704
2009.312	18.0888714117184
2009.162	18.3731155778894
2009.625	18.3239870468367
2009.575	18.4559805230503
2008	18.0017294237874
2009.315	18.220372261054
2009.322	18.0633000863897
2009.323	17.9847639990576
2009.323	18.0633000863897
2009.162	18.2945979899498
2009	18.220372261054
2007	18.1418361737218
2008.937	18.2945979899498
2007	18.1418361737218
2008.672	18.6871859296482
2009.112	18.1418361737218
2009.086	17.9062279117254
2009.462	18.2989083483861
2009.473	18.2989083483861
2009.323	18.3774444357182
2009.186	18.1418361737218
2008.842	17.9932427123438
2009.537	18.0551156160912
2009.43	18.2989083483861
2009.163	18.3774444357182
2009.041	18.1531176006314
2009.808	18.2207082310069
2009.67	18.1418361737218
2009.538	17.9847639990576
2008.975	17.9952644041042
2009.153	17.9163378058406
2009.323	17.8276918243933
2009.007	18.0633000863897
2009.527	17.8304924986254
2009.077	17.9847639990576
2008.844	17.9163378058406
2009.5	17.9062279117254
2009.499	18.220372261054
2009.522	18.220372261054
2009.456	17.8276918243933
2009.573	17.9062279117254
2008.877	17.9847639990576
2010.627	18.2232346241458
2010.104	18.2232346241458
2010.016	18.2232346241458
2008.861	18.0633000863897
2008.992	18.1418361737218
2009.041	18.0633000863897
2009.329	18.0633000863897
2009.323	18.0633000863897
2009.323	18.1418361737218
2009.318	17.9847639990576
2009.318	17.9847639990576
2009.337	17.9062279117254
2009.326	17.9062279117254
2009.323	17.9062279117254
2009.321	17.9062279117254
2009.323	18.1418361737218
2009	17.9847639990576
2008.943	18.0633000863897
2009.318	17.7491557370612
2009.34	17.8276918243933
2009.326	17.7491557370612
2009.323	17.7491557370612
2009.326	17.7491557370612
2009.049	18.0633000863897
2008.997	17.9847639990576
2009.033	18.010224144711
2009.085	17.980527638191
2008.713	18.0633000863897
2009.162	17.9847639990576
2009.126	17.9847639990576
2008.79	18.0633000863897
2009.068	18.0661377739376
2009.326	18.0633000863897
2009.036	18.1418361737218
2009.118	18.0633000863897
2009.326	18.220372261054
2009.132	18.1418361737218
2009.352	18.2989083483861
2009.319	18.2945979899498
2009.345	18.0633000863897
2009.332	18.1418361737218
2009.323	18.0633000863897
2009.321	18.1418361737218
2009.318	18.1418361737218
2009.314	18.220372261054
2009	18.0590452261307
2008.117	18.0633000863897
2009.086	18.220372261054
2009.025	18.3803314743539
2009.011	18.2232346241458
2009.323	18.3774444357182
2009.323	18.220372261054
2009.121	18.220372261054
2009.318	18.220372261054
2009.315	18.220372261054
2009.321	17.9847639990576
2009.326	18.0633000863897
2009.326	18.0633000863897
2009.319	18.220372261054
2009.319	18.2989083483861
2009.326	18.2989083483861
2009.329	18.1418361737218
2009.323	18.2989083483861
2009.323	18.2989083483861
2009.323	18.2989083483861
2009.321	18.1418361737218
2009.318	18.1418361737218
2009.118	18.2989083483861
2009.167	18.0633000863897
2009.099	18.1418361737218
2009.052	18.220372261054
2009.318	18.220372261054
2009.323	18.1446861990417
2009.326	18.0633000863897
2009.323	18.3774444357182
2009	18.2945979899498
2009	18.3731155778894
2009.162	18.2945979899498
2009.247	18.3731155778894
2009.163	18.5739020934991
2009.163	18.220372261054
2009.086	18.1418361737218
2009.163	18.2989083483861
2009.137	18.1418361737218
2009.137	18.1418361737218
2009.163	18.3774444357182
2009.137	18.1418361737218
2009.438	18.4559805230503
2009.085	18.4516331658291
2009.148	18.2989083483861
2009.319	18.2989083483861
2009.548	18.5345166103825
2009.326	18.0633000863897
2009.326	18.0633000863897
2009.321	18.0633000863897
2009.323	18.1418361737218
2009.318	18.1418361737218
2009.321	18.1418361737218
2009.318	18.220372261054
2008.653	18.220372261054
2008.657	18.1418361737218
2008.802	18.3774444357182
2008.762	18.220372261054
2008.6	18.220372261054
2009.153	18.5345166103825
2009.11	18.3774444357182
2009.167	18.2989083483861
2009.145	18.4559805230503
2009.399	18.3861082737487
2009.137	18.4559805230503
2009.112	18.4559805230503
2009.156	18.3774444357182
2009.156	18.6130526977146
2009.151	18.4559805230503
2009.137	18.5345166103825
2009.112	18.3774444357182
2009.107	18.4559805230503
2009.104	18.2989083483861
2009.036	18.4559805230503
2009.142	18.220372261054
2009.137	18.4559805230503
2009.074	18.3774444357182
2009.115	18.3774444357182
2009.363	18.3904432568375
2009.118	18.4559805230503
2009.216	18.4559805230503
2009.195	18.3774444357182
2009.186	18.3774444357182
2009.184	18.3774444357182
2009.162	18.5345166103825
2009.159	18.3803314743539
2009.323	18.4559805230503
2009.323	18.4559805230503
2009.082	18.4559805230503
2009.077	18.4559805230503
2009.077	18.4559805230503
2009.326	18.4559805230503
2009.167	18.4559805230503
2009.132	18.3774444357182
2009.14	18.4559805230503
2009.118	18.5345166103825
2009.159	18.4559805230503
2009.159	18.4559805230503
2009.167	18.3774444357182
2009.225	18.6130526977146
2009.162	18.5345166103825
2009.134	18.3774444357182
2009.184	18.3774444357182
2009.137	18.3774444357182
2009.145	18.2989083483861
2009.107	18.3774444357182
2009.195	18.2989083483861
2009.148	18.3774444357182
2009.142	18.2989083483861
2009.11	18.4559805230503
2009.162	18.3774444357182
2009.112	18.4559805230503
2009.115	18.3774444357182
2009.145	18.3774444357182
2009.134	18.3774444357182
2009.112	18.5345166103825
2009.093	18.5824055198369
2009.079	18.3774444357182
2009.077	18.3774444357182
2009.058	18.4559805230503
2009.118	18.4559805230503
2009.137	18.4559805230503
2009.222	18.4559805230503
2009.093	18.4559805230503
2009.137	18.4559805230503
2009.156	18.5345166103825
2008.146	18.3904432568375
2007	18.220372261054
2008.486	17.9062279117254
2008.59	17.9062279117254
2008.574	18.220372261054
2007	17.9847639990576
2006	17.910447761194
2004	17.6706196497291
2007.395	17.8276918243933
2007.364	17.9847639990576
2007.351	17.9847639990576
2007.351	17.9062279117254
2007.395	18.0633000863897
2007.375	18.0633000863897
2008.82	18.4559805230503
2008.762	18.1418361737218
2008	18.4777480735965
2008	18.4777480735965
2008.781	18.3774444357182
2007.971	18.2989083483861
2008	18.7136342192169
2008	18.4777480735965
2007.499	17.7491557370612
2007.364	18.0633000863897
2007.556	18.0633000863897
2007.354	17.9062279117254
2007.351	18.1418361737218
2007.107	17.6706196497291
2007.088	17.7491557370612
2007.088	17.7491557370612
2007.386	18.220372261054
2007.444	17.9062279117254
2008.016	17.6706196497291
2008.139	17.6706196497291
2008.011	17.4350113877327
2008.183	17.6706196497291
2008.954	17.3564753004005
2008.861	17.3564753004005
2008.5	17.5135474750648
2008.858	17.2779392130684
2008.536	17.5135474750648
2008.746	17.4350113877327
2008.746	17.4350113877327
2008.678	17.3564753004005
2008.648	17.3564753004005
2008.522	17.3564753004005
2008.055	17.6706196497291
2007.211	17.5135474750648
2007.058	17.9062279117254
2006.504	17.9847639990576
2006.392	17.4350113877327
2006	17.7491557370612
2004	17.6706196497291
2006	17.5135474750648
2006	17.5920835623969
2005.573	17.9062279117254
2005.605	18.0633000863897
2006.334	18.220372261054
2005.989	18.0633000863897
2006.816	18.4603299293009
2006	18.3731155778894
2007.011	18.0633000863897
2006.759	18.220372261054
2006.545	18.3774444357182
2006.57	18.220372261054
2006.564	18.220372261054
2006.584	18.220372261054
2006.447	18.220372261054
2006.384	18.220372261054
2006.463	18.3774444357182
2006.033	18.2989083483861
2007.101	18.0633000863897
2007.126	18.1418361737218
2008.716	18.220372261054
2006.008	18.2989083483861
2006	18.4559805230503
2006	18.2989083483861
2006.121	18.4559805230503
2006.493	18.2989083483861
2004.809	17.8276918243933
2001	17.6706196497291
2004.697	17.5135474750648
2005.929	18.220372261054
2005.912	18.220372261054
2006.921	18.0633000863897
2006.225	17.9847639990576
2006.244	17.9847639990576
2007.789	17.9062279117254
2007.767	17.9062279117254
2007.104	17.8276918243933
2007.047	18.0633000863897
2007.137	18.2989083483861
2007.14	17.9062279117254
2007.162	17.8276918243933
2007.162	18.1418361737218
2008.096	17.7491557370612
2007.863	18.0633000863897
2007	18.2989083483861
2007	18.2989083483861
2007	18.2989083483861
2007	18.2989083483861
2007	18.2989083483861
2007	18.2989083483861
2007	18.2989083483861
2007	18.2989083483861
2007	18.2989083483861
2007	18.2989083483861
2007	18.2989083483861
2007	18.2989083483861
2007	18.2989083483861
2007	18.2989083483861
2007	18.2989083483861
2007	18.2989083483861
2007	18.2989083483861
2007	18.2989083483861
2007	18.2989083483861
2007	18.2989083483861
2007	18.2989083483861
2007	18.2989083483861
2007	18.2989083483861
2007	18.2989083483861
2007	18.2989083483861
2007	18.2989083483861
2007	18.2989083483861
2007	18.2989083483861
2007	18.2989083483861
2007	18.2989083483861
2007	18.220372261054
2008.79	18.1418361737218
2007.658	18.3803314743539
2008.138	18.1418361737218
2007.959	18.3898973954223
2007	18.2989083483861
2007	18.2989083483861
2007	18.2989083483861
2008.005	18.3118516189877
2008.116	18.2232346241458
2008.092	18.1418361737218
2008.169	17.9847639990576
2008.094	18.2989083483861
2008.137	17.9904155864561
2008.085	18.3774444357182
2008.074	18.0675569520817
2007.925	18.220372261054
2007	17.9847639990576
2007.718	18.5345166103825
2008.022	18.4688239936859
2008.003	18.232044198895
2008.074	18.2232346241458
2007.51	17.9998385664703
2008.066	17.9231192516312
2008.131	17.8304924986254
2007.748	18.3774444357182
2007.929	18.2989083483861
2007.923	18.2989083483861
2007.795	18.220372261054
2007.997	18.1418361737218
2008.026	18.3118516189877
2008.027	18.3109707971586
2008.563	18.2989083483861
2008.486	18.2989083483861
2008.437	18.2232346241458
2008.434	18.220372261054
2008.443	18.2289620491868
2008.499	18.2289620491868
2008.434	18.2260978867154
2007	17.9062279117254
2007	17.9847639990576
2007	18.0633000863897
2007.806	17.837411207577
2007.638	18.0633000863897
2007.827	17.8276918243933
2009.023	18.220372261054
2009.163	17.7491557370612
