1918	0.465027035972143
1933.025	0.444278071221229
1933.414	0.444240431287035
1932	0.446285009666831
1932	0.445616424053434
1933	0.444573183756881
1933	0.443242518224051
1935	0.447302225138202
1945	0.454400278106839
1948	0.465756894825039
1943	0.457689201490637
1943	0.455973709704728
1947	0.457004317298638
1947	0.463512114654155
1954	0.450660459263984
1954	0.450805880515763
1954	0.450951395648273
1951	0.459428973361477
1951	0.461113543022381
1951	0.459094759071618
1951	0.461179085928016
1951	0.456480985772248
1957	0.459617698568024
1957	0.45886387007321
1957	0.453079191765462
1953	0.466085614970688
1954	0.459531658502382
1950	0.465464393162043
1950	0.465464393162043
1946	0.453867348492416
1939	0.455582168015549
1940	0.455582168015549
1946	0.448224894515338
1948	0.460457746648764
1942	0.452448352050582
1942	0.450623854400362
1934	0.453715350511877
1935	0.453715350511877
1946	0.456361716908043
1946	0.456322192989878
1935	0.448801540562617
1936	0.440014546004649
1934	0.44868728582342
1934	0.448595521638194
1934	0.446654387086984
1934	0.446654387086984
1993	0.427430473602569
1995.578	0.439941537141281
1996	0.433343465995363
1991	0.441499619828414
2014.871	0.442217738923776
2014.83	0.441930211135139
2014.83	0.441462055748978
2014.964	0.442217738923776
2014.964	0.442255254744681
2014.964	0.442217738923776
2014.964	0.442217738923776
2014.964	0.442217738923776
2014.964	0.439583967401639
2014.964	0.441281202797012
2014.964	0.439764124765328
2014.964	0.439621297832959
2014.964	0.439583967401639
2014.926	0.442217738923776
2014.926	0.442217738923776
2014.926	0.442217738923776
2014.926	0.442217738923776
2014.926	0.442217738923776
2014.926	0.439981938766374
2014.926	0.439441198980917
2014.926	0.441462055748978
2014.926	0.441462055748978
2014.926	0.441137883146867
2014.871	0.442217738923776
2014.871	0.442399124378626
2014.871	0.441892750437513
2014.871	0.439621297832959
2014.871	0.441318677361271
2014.871	0.441318677361271
2014.871	0.439298523266962
2014.871	0.441318677361271
2014.83	0.441318677361271
2014.83	0.441318677361271
2014.83	0.441318677361271
2014.83	0.441318677361271
2014.83	0.439441198980917
2014.83	0.439621297832959
2014.83	0.441318677361271
2014.83	0.441424615602601
2014.8	0.439621297832959
2014.8	0.441318677361271
2014.8	0.441318677361271
2014.8	0.439621297832959
2014.8	0.441318677361271
2014.8	0.439621297832959
2014.8	0.439621297832959
2014.8	0.439621297832959
2014.8	0.439907044532882
2014.8	0.439621297832959
2014	0.439621297832959
2014.871	0.441462055748978
1986	0.438365375178322
1987	0.44165665902769
1986	0.441729002460783
1987	0.433853243442781
1987	0.436883549983038
1986	0.442019726686348
1986	0.44268000163319
1989.003	0.449154381329983
1987	0.447757384159119
1986	0.429872559320014
1986	0.43321533033846
1980	0.448304184883235
1980	0.446976903838871
1981	0.455081528011802
1983	0.454934410413513
1983	0.449549471143282
1983	0.447360928924375
1982	0.450985728946761
1982	0.446173085164677
1983	0.444467387688221
1980	0.444393511909908
1978	0.456516669554665
1978	0.457645713793344
1978	0.455662152677228
1978	0.45345716475619
1977	0.456533484579913
1978	0.458172426311992
1977	0.462595125220587
1978	0.4600513307797
1978	0.461438317408799
1978	0.464806480309593
1978	0.459605832396117
1978	0.461885736591807
1977	0.461398957788569
1977	0.463082895590717
1977	0.463082895590717
1977	0.462744494004966
1978	0.460130005664947
1977	0.451679670664349
1951	0.448743524839139
1949	0.451638203643007
1949	0.453277772855634
1948	0.458166777246036
1950	0.459629687680872
1983	0.437671498658631
1983	0.435663850075072
1983	0.436334794710986
1983	0.439656762302611
1983	0.439477163951997
1983	0.438317494717702
1983	0.438676330161597
1983	0.438317494717702
1983	0.439979590297472
1983	0.440122766213612
1983	0.438639486015465
1983	0.43856616648091
1983	0.435061167987793
1983	0.435344410935702
1983	0.433434488296441
1983	0.434814832330587
1983	0.434676176881855
1983	0.438533717570517
1983	0.438280827400571
1983	0.438460083362698
1983	0.438460083362698
1983	0.438460129141212
1983	0.436261729389077
1983	0.436724134814279
1983	0.438782225841698
1983	0.438602764808634
1983	0.439979590297472
1983	0.438602764808634
1983	0.438423450513945
1983	0.438602764808634
1983	0.438460083362698
1983	0.438745539146137
1983	0.438101717949242
1983	0.438602764808634
1983	0.438460083362698
1983	0.438782225841698
1983	0.437329694894366
1983	0.438244282777732
1983	0.438782225841698
1983	0.439141588844026
1983	0.436668181959175
1983	0.441497855297686
1983	0.439031366858936
1983	0.441785288797229
1983	0.442760734450991
1982	0.450216823231012
1984	0.44878808939157
1984	0.444850232281701
1989.005	0.444687389699362
1991.551	0.437152355290201
1996	0.433600500730729
1995	0.427951544582484
1995.964	0.429388665164197
1995.942	0.429183819700575
1996	0.435074514844534
1996.019	0.431804015579535
1996	0.429081814001872
1996.003	0.432160043707134
1995.953	0.430952486849956
1995.929	0.431953948744178
1995.874	0.432028963915336
1995.907	0.429581527504075
1996	0.433767703998111
1996	0.435213949404489
1996	0.432094148013488
1996	0.433542505137967
1995.948	0.427768593338261
1995.871	0.429119229561874
1995.332	0.433017372756126
1996.003	0.419755392761954
1995.934	0.420778190171594
1995.945	0.420604959134059
1995.962	0.422819751780344
1995.918	0.419891809854175
1995.986	0.421251692325782
1995.989	0.421052297927389
1996.104	0.421388640210154
1995.953	0.426668910768873
1995	0.427296994485402
1996	0.438320654051236
1996	0.438320654051236
1996	0.428508048541629
1995.923	0.434744426242524
1996	0.43162826350569
1996	0.435309809197409
1995.975	0.435562878696954
1995	0.426442138496983
1995.986	0.421814496990764
1995.942	0.424030089117622
1995.912	0.418276918875291
1995.951	0.417425393798662
1998	0.422523652333107
2000	0.427480709304937
2000	0.426906173650232
2000	0.430106072982284
2000	0.430106072982284
2000	0.430854924481892
2000	0.430042355968721
2000	0.428929937826032
2000	0.426868560993094
2000	0.428752913501712
2000	0.428436977470928
2000	0.42879076523102
2000.279	0.428222716164324
2001.022	0.424848536358161
2000	0.432271588456239
2000	0.429347998194283
2000	0.429565223003492
2000	0.429639425196156
2000	0.427611491666415
2000	0.426747479544629
1992	0.43278963001896
2001.022	0.395327620594645
2001.584	0.397210781033721
2001.518	0.397053942081958
2001.353	0.395491385143359
2001.058	0.395163991612611
2002.926	0.39461644496532
2003.937	0.391943441025095
2003.937	0.391943441025095
2003.811	0.391943441025095
2003.723	0.392071568988817
2003.696	0.392071568988817
2003.515	0.391943441025095
2003.068	0.391943441025095
2003.973	0.391943441025095
2003.964	0.392071568988817
2003.923	0.392071568988817
2003.819	0.391943441025095
2003.789	0.392071568988817
2003.773	0.391943441025095
2003.715	0.391943441025095
2003	0.391943441025095
2003	0.392071568988817
2003	0.391943441025095
2003	0.391943441025095
2001	0.392225826536834
2002.97	0.398568195850469
2003.153	0.399421114435524
2001	0.391422712441049
2000	0.399792649310665
2000.112	0.405084921509508
2000	0.406773377803266
2000.68	0.404286035494954
2000.587	0.404285993125239
2000.828	0.404188591171628
2000.623	0.407270913038784
2000.68	0.403819464623202
2000.669	0.402294776761229
2000.639	0.403722081140525
2000.642	0.40209374041541
2000.68	0.404285993125239
2000.653	0.404360620073959
2000.626	0.402260032284895
2000.62	0.403854232394581
2000.56	0.403889115514187
2000.678	0.402856851430901
2000.549	0.403854232394581
2000.631	0.402165375516161
2000.713	0.403986470191697
2000.806	0.405580105182592
2000.56	0.4025582752059
2000.467	0.405447479172624
2000.648	0.400830557286562
2000.699	0.40212835960657
2000.705	0.402426503931092
2000.735	0.40103115163819
2000.464	0.405420395564589
2000.563	0.403687281492392
2000.721	0.403986470191697
2000.779	0.402627897941485
2000.76	0.403095742751996
2000.839	0.403058554752552
2000.855	0.402794686631601
2000.68	0.404021321443979
2000.735	0.402391791221117
2000.658	0.400664787825318
2000.639	0.403361155886064
2000.658	0.400664787825318
2000.658	0.403722081140525
2000.568	0.4057129080985
2000.464	0.405552929201583
2000	0.403889115514187
2000.743	0.403889115514187
2000.508	0.405889069217498
2000.719	0.403590016344601
2000.661	0.40212835960657
2000.664	0.404126568225091
2000.544	0.404091370402172
2000.675	0.40392411404025
2000.675	0.404091370402172
2000.541	0.40409141275149
2000.716	0.402294734600201
2000.623	0.40212835960657
2000.751	0.403687281492392
2000.642	0.403868306896816
2000.683	0.399270526828768
2001	0.39961301422093
2001.463	0.400402486818559
1999.997	0.394219767208905
2000	0.402054710599359
2000	0.401131227976359
2001	0.406808687132953
2000	0.393695870516174
2001.019	0.397922085507874
2001.019	0.396458856804813
2001.019	0.398397521176155
1999	0.397357943585161
1999	0.3970284593865
1999	0.397158164861634
1999	0.396699562718071
1999	0.416941931689431
1998.071	0.422453151742523
1998	0.417149150137375
1997.997	0.410347986056098
1997.041	0.412473749094516
1997.041	0.414705427357835
1997	0.424148193712861
1995	0.416334937858213
1996	0.410720370664371
1996	0.412275116529265
1996	0.412140561987317
1996	0.412140561987317
1996	0.412140561987317
1996	0.412140561987317
1996	0.412006095246048
1996	0.412275116529265
1996	0.412140561987317
1996	0.412140561987317
1996	0.412275116529265
1996	0.412275116529265
1996	0.410656071497805
1997	0.410354756518947
1997.86	0.396863922105361
1997.822	0.396535256331361
1997.923	0.396276421307646
2000.68	0.401065954070951
2000.617	0.402232906543897
2000	0.400061205695734
2001.019	0.397176670392161
2000.962	0.39926512480546
2001.038	0.393418805502961
2001.077	0.389730294657714
2001.101	0.392639354396157
2001.063	0.394647863793497
2001.09	0.392897245597731
2001.06	0.391004781710427
2001	0.393615705687548
2001.156	0.397256970722288
2001.592	0.400843570687023
2001.425	0.398128944664914
2001.077	0.397271620678308
2001.074	0.401021172792794
2001.066	0.398954479467743
2001.058	0.399176448814058
2001.06	0.396585835632399
2000	0.39982054507963
2000	0.399231342869772
2000.964	0.398812046607624
2001.06	0.395901444412292
2001.066	0.396048892825336
2001.466	0.396132537115674
2001.54	0.400020015951455
2001.479	0.395084362734859
2001.54	0.396522815477365
2001.622	0.397959027589257
2001.523	0.394920969698161
2001.499	0.396522815477365
2001.479	0.396653079214381
2001.537	0.39610992450234
2001.419	0.396522815477365
2001.556	0.396556639189971
2001.542	0.399000157306261
2001.43	0.395440643995733
2001.542	0.395411554753687
2001.545	0.395214196570789
2001.523	0.395084362734859
2001.622	0.397208656025206
2001.537	0.39469537255166
2001.605	0.394532140387661
2001.427	0.396169299026602
2001.523	0.397731884059019
2001.537	0.396556639189971
2001.592	0.396522815477365
2001.529	0.39635889533868
2001.512	0.396392637271364
2001.521	0.396195110671185
2001.499	0.396392637271364
2001.499	0.39609873196793
2001.504	0.396239924477563
2001.521	0.396262544512168
2001.293	0.396132537115674
2001.405	0.394824950809228
2001.389	0.396262544512168
2001.375	0.394954614175668
2001.499	0.394436471028176
2001.488	0.394858739841624
2001.679	0.397437114110451
2001.54	0.396002614997893
2001.46	0.396228770947565
2001.471	0.394532140387661
2001.425	0.397437114110451
2001.488	0.396392637271364
2001.43	0.394791274798424
2001.616	0.396522857033488
2001.521	0.398220498698054
2001.575	0.396065040050479
2001.414	0.394698375520848
2001.523	0.391233132441558
2001.49	0.393255966593399
2001.504	0.39635889533868
2001.433	0.397959069295897
2001.638	0.393492019260668
2001.501	0.396489105225454
2001.468	0.398123609486523
2002.074	0.396919239976839
2002.005	0.393289688730561
2002.011	0.400824745162872
2002	0.398700362290584
2001.556	0.392801736263153
2001.501	0.396296431421473
2001.616	0.396522815477365
2001.507	0.394988371732577
2001.54	0.391685683011759
2001	0.395513563622456
2001.405	0.396426492606712
2001.54	0.397828420753816
2001.504	0.392930692841047
2001.479	0.393677293548627
2001	0.396002614997893
2001.567	0.394628070468206
2001.548	0.394144075987279
2001.542	0.397567464098681
2001.57	0.397108789356953
2001.518	0.396392637271364
2001.507	0.395838909906947
2001.507	0.395709126657797
2001.545	0.395782425598246
2001.488	0.394824950809228
2001.115	0.396455508377837
2001.049	0.396704331621903
2001.063	0.396036564909066
2001.058	0.397794581710088
2001.068	0.396228770947565
2001.159	0.397242154271173
2001.14	0.39560810595806
2001.14	0.400888470453695
2002	0.393347740691712
2000	0.399199297234783
2001	0.39982054507963
2001.03	0.39747838145981
2001.025	0.39999445196404
2001.025	0.40139088672563
2000	0.400003078844599
2001	0.392815569034932
2000.68	0.401230247906252
2000	0.398684709710447
2000	0.397383037765408
2002	0.401855195043212
2003.06	0.403330973528296
2003.159	0.402961613563483
2003.173	0.402961613563483
2003.052	0.400227137344716
2002.984	0.399860770801038
2003.036	0.401400532352073
2003.038	0.40112004495204
2003.055	0.401058864562806
2003.058	0.399930166977852
2003.074	0.3993372215103
2003	0.394641464753891
2003.227	0.395881883996415
2003	0.396467568129559
2003.071	0.403622206372604
2003.115	0.401889922225082
2003.216	0.402131017954515
2003.036	0.400229339824258
2003.151	0.401127852068536
2003	0.403023665862135
2005	0.400192330312482
2005.603	0.401504110797696
2005.715	0.401060726072335
2005.718	0.398352911130292
2005.699	0.402004739364775
2005.679	0.398077992728174
2005.685	0.400417591228295
2005	0.402996765074352
2005.682	0.401898386520247
2005.759	0.400105665359281
2005	0.402338530916747
2005.496	0.400332247809744
2006.271	0.403636835495435
2005	0.399930166977852
2007.142	0.396899646326021
2007.118	0.395358489203863
2007.137	0.396734477933875
2007.06	0.395383443732689
2007.06	0.397195222954809
2007.077	0.395617910784705
2007.123	0.399987704566471
2007.134	0.397882876970897
2007.082	0.401726739441345
2007.123	0.400810891213445
2007.099	0.39916849942624
2007.099	0.400320985699433
2007.153	0.406125392905278
2007.115	0.407860971507437
2007.121	0.405328079878294
2007.178	0.405929989832445
2007.173	0.402856495363087
2007.096	0.404690453018952
2007.047	0.408235379561165
2007.184	0.408199726467161
2007.099	0.408101531895735
2007.145	0.402293437358897
2007.079	0.40415988539782
2006.989	0.405664154868573
2007.077	0.406364929632349
2007.178	0.405859081172225
2007.181	0.405557775001314
2007.096	0.405859081172225
2007.099	0.405859081172225
2007.156	0.40745992827095
2007.153	0.405557775001314
2007.178	0.407593521690056
2007.079	0.404327725881789
2007.137	0.403674540252187
2007.107	0.404592945774135
2007.153	0.406231738898284
2007.142	0.39945356155814
2007.118	0.401328689710696
2007.118	0.402756966906256
2007.079	0.404027460795789
2007.077	0.402724411266247
2007.077	0.401216715224798
2007.066	0.399549520421566
2007.077	0.399252649100159
2007.104	0.399217806415404
2007.082	0.39971558422889
2007.085	0.402821423718634
2007.079	0.400988530183203
2007.085	0.401251646016656
2007.153	0.40112004495204
2007.145	0.404089511996731
2007.175	0.402355222245672
2007.03	0.399750677352674
2007.153	0.407469043571219
2007.134	0.404557680560613
2007.162	0.405753592414304
2007.079	0.401716985443283
2007.121	0.403471260073009
2007.178	0.401003723444501
2007.118	0.404292396835655
2007.077	0.400109263399174
2006.962	0.403226770199219
2007.134	0.397186159297961
2007.115	0.397421025171769
2007.104	0.394890446920054
2007.14	0.396430773447919
2007.068	0.393865839761254
2007.077	0.396335153908335
2007.115	0.397090392039347
2007.079	0.395383443732689
2007.181	0.39826580750285
2007.041	0.398695920639547
2007.099	0.393892708177704
2007.088	0.392639191744107
2007.079	0.394254523155756
2007.082	0.392639191744107
2007.145	0.392897803346229
2007.118	0.394254523155756
2007.066	0.393218543751612
2007.118	0.394609815402415
2007.077	0.390860209473262
2007.041	0.396094944421565
2007.041	0.396094944421565
2007.153	0.393190732012035
2007.115	0.397456020868765
2007.159	0.390637046046427
2007.085	0.395054642532079
2007.173	0.398893483886287
2007.107	0.39551329051224
2007.077	0.395548049662636
2007.14	0.391520335611396
2007.115	0.391805785604032
2007.011	0.39238976402381
2007.008	0.396433137119144
2007.058	0.397543645821088
2007.134	0.39904531331839
2007.195	0.396327966740019
2007.134	0.39904531331839
2007.175	0.397082797746354
2007.101	0.399673142860695
2007.14	0.395459291190569
2007.088	0.397082797746354
2006.989	0.397048572787687
2007.159	0.394728797847675
2007.137	0.398562177005983
2007.153	0.397097960116215
2007.068	0.396526655505021
2007.085	0.397082797746354
2007.082	0.396526655505021
2007.079	0.396622800427162
2007.115	0.396259998745636
2007.088	0.39671920856306
2007.126	0.396458294910601
2007.118	0.396259998745636
2007.068	0.393565690570251
2007.175	0.40029672131757
2007.137	0.397213460068745
2007.14	0.396787442519493
2007.145	0.398198793556455
2007.14	0.397804705740512
2007.14	0.3951431038235
2007.137	0.3951431038235
2007.153	0.395013122539348
2007.137	0.3951431038235
2007.118	0.395177096438285
2007.137	0.394262632983824
2007.126	0.394522016294997
2007.058	0.40505431586328
2007.162	0.398921281182085
2007.115	0.39583435564234
2007.126	0.40221010015407
2007.118	0.398066247295896
2007.107	0.398328132984907
2007.077	0.396753268453618
2007.137	0.400164958078164
2007.118	0.400274282958159
2007.137	0.400462750650344
2007.121	0.398721608256212
2007.195	0.399115861659234
2007.115	0.397048572787687
2007.173	0.392851405628265
2007.06	0.397132326367357
2007.101	0.397213460068745
2007.123	0.397247767749572
2007.099	0.396952221357749
2007.118	0.397082797746354
2007.14	0.397378484356268
2007.101	0.400399701237029
2007.156	0.397310046987744
2007.099	0.395765825232183
2007.085	0.395471295770197
2007.096	0.395940381523303
2007.068	0.395601470653598
2007.164	0.398527738320017
2007.041	0.396753268453618
2007.153	0.394917282436682
2007.079	0.397378484356268
2007.192	0.394692041985429
2007.03	0.393892708177704
2007.041	0.392503589205621
2007.047	0.392503589205621
2007.058	0.394022363447019
2007.178	0.393892708177704
2007.088	0.398197147081262
2007.066	0.394084393292584
2007.134	0.395437252525473
2007.115	0.39540332318723
2007.079	0.390434847374455
2007.077	0.398596730483742
2007.079	0.396986592359861
2007.126	0.394022363447019
2007.079	0.396952221357749
2007.159	0.396883822342546
2007.134	0.395471295770197
2007.195	0.399005386588241
2007.096	0.396952221357749
2007.173	0.39885892074275
2007.063	0.396787442519493
2007.038	0.39550545297874
2007.096	0.396787442519493
2007.06	0.400004959500679
2006.962	0.397213460068745
2007.077	0.396917964704533
2007.173	0.399315602053105
2007.063	0.396787442519493
2007.06	0.396787442519493
2007.03	0.397674502847362
2006.929	0.397145188047085
2007.107	0.395375395282924
2007.104	0.395177096438285
2007.099	0.393854981941615
2007.063	0.39691805280438
2007.142	0.396952221357749
2007.079	0.394773962580203
2007.142	0.398362374113246
2007.162	0.400663295510391
2007.082	0.39912137244555
2007.115	0.397145188047085
2007.192	0.393402385304454
2007.162	0.396815880262635
2007.058	0.397509287017346
2007.077	0.394022363447019
2007.159	0.397082797746354
2007.096	0.395307131678969
2007.118	0.389014668412682
2007.066	0.394753416344384
2007.115	0.392245108080033
2007.175	0.399647397318625
2007.121	0.398970901449531
2007.178	0.396917964704533
2007.121	0.393695238197166
2007.06	0.395062120478246
2007.134	0.397481999921042
2007.115	0.398893483886287
2007.115	0.398893483886287
2007.115	0.395930316431365
2007.027	0.394124876814698
2007.137	0.395635596266986
2007.156	0.397412874884962
2007.115	0.395081284630385
2007.173	0.394951451805991
2007.181	0.393633653453483
2007.082	0.395348767512859
2007.118	0.395478645557377
2007.063	0.393969564545355
2007.079	0.395972787971651
2007.126	0.395478645557377
2007.126	0.395643222605049
2007.014	0.397351378166221
2007.156	0.398740458359841
2007.173	0.395348767512859
2007.096	0.395478645557377
2007.068	0.393865839761254
2007.162	0.394228414456357
2007.099	0.395478645557377
2007.14	0.395574109517657
2007.066	0.395218974746111
2007.079	0.395643222605049
2007.115	0.395314205372114
2007.063	0.393736448880912
2007.099	0.394760847167209
2007.099	0.395054642532079
2007.123	0.3930907675938
2007.104	0.394890446920054
2007.096	0.394760847167209
2007.096	0.395314205372114
2007.2	0.397151590943552
2007.068	0.39324570964259
2007.058	0.396465270505154
2007.181	0.39324570964259
2007.058	0.395149901878609
2007.195	0.395054642532079
2007.156	0.395184381330941
2007.126	0.39472638773978
2007.192	0.396664788122916
2007.164	0.395054642532079
2007.192	0.39472638773978
2007.173	0.39472638773978
2007.192	0.394856018737396
2007.164	0.395054642532079
2007.189	0.394985734906495
2007.156	0.390346257850023
2007.079	0.396890650345035
2006.274	0.396259998745636
2007.085	0.40064867379769
2007.058	0.397771150842786
2007.153	0.399584767720433
2007.107	0.395198588002358
2007.101	0.395068374299556
2007.096	0.395328887569784
2007.096	0.395142836000759
2007.096	0.395328929000782
2007.104	0.395328887569784
2007.101	0.393907491139003
2006.967	0.393286256990883
2007.173	0.396157027036366
2007.156	0.392054792717819
2007.077	0.393599615309982
2007.077	0.393374939254697
2007.077	0.396952221357749
2007.099	0.394124876814698
2007.142	0.394124876814698
2007.153	0.394124876814698
2007.049	0.394124876814698
2007.077	0.392380961430562
2007.137	0.395999012196268
2007.173	0.39451407188726
2007.134	0.393368655668591
2007.173	0.395471295770197
2007.123	0.39282985985334
2007.068	0.391891911624043
2007.068	0.396060685320542
2007.123	0.392673375785703
2007.121	0.393572733101752
2007.068	0.392088875072568
2007.101	0.395608608963738
2007.099	0.394365380598444
2007.058	0.394090591961096
2007.123	0.395539724208644
2007.096	0.395375395282924
2007.068	0.404119162714492
2007.121	0.402676950844011
2007.115	0.399789711340865
2007.162	0.393099616367352
2007.027	0.391145551432149
2007.162	0.393228501487473
2007.153	0.391564212293965
2007.173	0.391205775762054
2007.178	0.393099616367352
2003.729	0.397577938850798
2005.266	0.400822075832774
2005.449	0.398564208173074
2006.2	0.390553643465482
2006.321	0.391282628490421
2006.271	0.390294096779083
2006	0.395709126657797
2005	0.396661434801791
2005.033	0.398783300637288
2005.055	0.400054249576382
2003.688	0.396494543712176
2003.589	0.396494543712176
2005	0.392919229186265
2004	0.391660920263173
2010.112	0.400600662754727
2010.112	0.400600620771244
2005.6	0.390799608279488
2005.69	0.389509608946021
2005.663	0.38928526137406
2005.611	0.388893130662291
2003.03	0.405921815296731
2003.17	0.398354420696257
2008.027	0.394092827327766
2008.008	0.407674849209615
2008.481	0.402468936796071
2008.44	0.404280398689284
2008.437	0.404280398689284
2008.437	0.402705019832856
2007	0.404371210652687
2008.469	0.403270640958695
2008.478	0.404779060163761
2007.995	0.398475014964399
2008.122	0.398658832970781
2008.434	0.40069253218242
2007.981	0.395964607157853
2008.036	0.401537716824113
2007.962	0.398590405260006
2007.945	0.399701853814142
2007.849	0.39494541514671
2008.016	0.392198956034192
2008.123	0.397310046987744
2008.484	0.391986967173103
2008.497	0.393109860500388
2008.12	0.397310046987744
2008.077	0.391797116219154
2008.074	0.394453040742104
2008.94	0.394384254818525
2008.123	0.402635936354907
2008.108	0.393095468900951
2008.623	0.401337754034626
2008.88	0.394262632983824
2008.847	0.392784033844358
2008.861	0.394638495650531
2008.842	0.394883226741078
2008.833	0.394555794546433
2008.776	0.392900000074978
2008.776	0.392688531911172
2008.814	0.397804705740512
2008.828	0.394753416344384
2008.839	0.393272976625077
2008.6	0.394651974570727
2008.063	0.395034195910843
2008.016	0.395300730972082
2007.868	0.399321883004828
2008.055	0.399024744266917
2008.333	0.401469686235163
2008.041	0.400503718801802
2008.896	0.398977117818968
2008.915	0.401175669751387
2008.825	0.401683285643255
2009.033	0.400039612271841
2007.948	0.400964415353269
2008.038	0.399657056879891
2008.117	0.398903077387878
2007.997	0.396325809297434
2008.041	0.397946428976875
2008.137	0.400136453570206
2009.023	0.401585188532048
2009.088	0.406252151752903
2008.112	0.40311389116545
2008.921	0.398590363487201
2008.858	0.393172032560701
2008.801	0.394849284661895
2008.148	0.401778914933893
2008.533	0.402647548368963
2008.16	0.399376337036036
2008.342	0.401348434435312
2008.036	0.3987013371556
2007.863	0.401067921616753
2008.71	0.3969533670724
2008.022	0.400780292941513
2007	0.398396729859031
2008.437	0.398396729859031
2008.444	0.398396729859031
2008.984	0.39948503963755
2008.137	0.398134971166614
2007	0.392238203413059
2008.085	0.399638771414024
2008.538	0.400849244840243
2008.828	0.397048572787687
2008.839	0.39826580750285
2008.885	0.398197147081262
2008.866	0.398362374113246
2008.899	0.397213460068745
2008.885	0.396657006147856
2008.883	0.396691326043022
2008.861	0.396362121623069
2008.85	0.396526655505021
2008	0.396231910676412
2008.844	0.394917282436682
2008.56	0.399943036035901
2008.563	0.402619321505433
2008.555	0.400136453570206
2008.022	0.401737204756706
2008.71	0.395739289154643
2007.992	0.397483667504524
2008	0.396657060608945
2009.016	0.401738247576221
2008.989	0.400784989318029
2008.984	0.397740715428969
2009.14	0.408358874272431
2009	0.399844743639125
2009.233	0.408273639780689
2007	0.400442133002668
2009.118	0.400953536008515
2009.134	0.402320359883629
2009.323	0.399764427165594
2009.162	0.397386477368797
2009.121	0.400524440130168
2009.323	0.397822248363083
2009.323	0.401286692249485
2009.023	0.402126510621404
2007	0.400608775588187
2007	0.401910948754114
2007	0.397351378166221
2009.052	0.410881985996626
2009.036	0.401118005511895
2008.489	0.407330476450558
2009.085	0.406927975979757
2008.634	0.404740819974628
2009.414	0.410096571609761
2008.959	0.397839073786003
2008.191	0.401015503340799
2009.129	0.400240662172047
2009.014	0.402043069381581
2009.321	0.397605963487785
2009.326	0.397440954926972
2009	0.398596772257214
2009.325	0.398072563329957
2009.707	0.39413012974108
2009.321	0.410452405843675
2009.323	0.410317963522731
2009.323	0.410317963522731
2009.319	0.406891407934564
2009.319	0.408128815311731
2009.315	0.409865490720306
2009.318	0.408736168418193
2009.326	0.411296462055119
2009.323	0.405985231810884
2009.323	0.405817121984047
2009.323	0.40585190332753
2009.318	0.406118647923868
2009	0.408988552620648
2009.323	0.409589747478773
2008.934	0.398797149912837
2008.934	0.398955624367292
2009.325	0.397082797746354
2009.348	0.399838982339061
2009.348	0.399838982339061
2009.353	0.39826580750285
2009.332	0.399838982339061
2009.323	0.399970421846733
2009.318	0.399838982339061
2009.322	0.394296474273974
2009.329	0.394166941923687
2009.326	0.394460056250278
2009.323	0.394426091786885
2009.373	0.394589686184142
2009.205	0.397378484356268
2009	0.407711786783837
2009.162	0.401304401836646
2009.312	0.40068896225082
2009.162	0.407081931252564
2009.625	0.405140329281171
2009.575	0.408164190813107
2008	0.398973961426159
2009.315	0.402285612991959
2009.322	0.399707629191117
2009.323	0.398231420012617
2009.323	0.399707629191117
2009.162	0.405282772970157
2009	0.403881437769525
2007	0.40144548844847
2008.937	0.405514591364968
2007	0.401612132486847
2008.672	0.412745850272346
2009.112	0.401307635432226
2009.086	0.396163651662598
2009.462	0.405548377253952
2009.473	0.40538051782628
2009.323	0.405614570164757
2009.186	0.402370782626652
2008.842	0.398398588824181
2009.537	0.398193969882114
2009.43	0.40478822791327
2009.163	0.405782456990156
2009.041	0.402065759052432
2009.808	0.402786848609721
2009.67	0.402809410367315
2009.538	0.399592807277953
2008.975	0.398798967529357
2009.153	0.397181279190889
2009.323	0.396350502531305
2009.007	0.40002913395033
2009.527	0.395563012938641
2009.077	0.398066247295896
2008.844	0.396753192433688
2009.5	0.396657006147856
2009.499	0.403841954412246
2009.522	0.404245754419145
2009.456	0.395081284630385
2009.573	0.396170562897576
2008.877	0.397896439364954
2010.627	0.403281131227928
2010.104	0.403281131227928
2010.016	0.403281131227928
2008.861	0.399667858751359
2008.992	0.401273460347098
2009.041	0.399273579377385
2009.329	0.398812046607624
2009.323	0.398778202728033
2009.323	0.399389319748699
2009.318	0.397339316767319
2009.318	0.397600896304362
2009.337	0.395700932113628
2009.326	0.395700932113628
2009.323	0.395864647848884
2009.321	0.395864647848884
2009.323	0.399786622793724
2009	0.397440899036606
2008.943	0.399176448814058
2009.318	0.39298059056928
2009.34	0.394883226741078
2009.326	0.393272976625077
2009.323	0.393272976625077
2009.326	0.393402385304454
2009.049	0.400892923643414
2008.997	0.398556300790103
2009.033	0.398289809258939
2009.085	0.398421864529046
2008.713	0.399404919370601
2009.162	0.398459205091845
2009.126	0.398493414367888
2008.79	0.399604514793363
2009.068	0.39990173356861
2009.326	0.399570372941177
2009.036	0.401870528856292
2009.118	0.399176448814058
2009.326	0.402412262872697
2009.132	0.40143968796116
2009.352	0.403846856869846
2009.319	0.405109538719393
2009.345	0.399804527851774
2009.332	0.401508319560467
2009.323	0.399935999251922
2009.321	0.401806981307919
2009.318	0.401341925727247
2009.314	0.402711251484596
2009	0.399927507001741
2008.117	0.400434258387203
2009.086	0.403777562372506
2009.025	0.406926471829634
2009.011	0.403581137467338
2009.323	0.406926429183198
2009.323	0.403581095171498
2009.121	0.403615900992556
2009.318	0.402883767693613
2009.315	0.402883767693613
2009.321	0.397413037175621
2009.326	0.39974223046324
2009.326	0.39974223046324
2009.319	0.403120923650165
2009.319	0.403950157048025
2009.326	0.403950157048025
2009.329	0.401244429767789
2009.323	0.40462033565781
2009.323	0.403950157048025
2009.323	0.403950157048025
2009.321	0.401244429767789
2009.318	0.401244429767789
2009.118	0.404284968616237
2009.167	0.399935999251922
2009.099	0.401341925727247
2009.052	0.40277991113963
2009.318	0.403483263496337
2009.323	0.40138337552753
2009.326	0.39941063176522
2009.323	0.405683848709175
2009	0.404282216917582
2009	0.40591261578007
2009.162	0.404989108055119
2009.247	0.406818420213876
2009.163	0.4110268340909
2009.163	0.402480820605663
2009.086	0.401341925727247
2009.163	0.404481495630133
2009.137	0.401015503340799
2009.137	0.401181899815214
2009.163	0.406792703771044
2009.137	0.401348434435312
2009.438	0.409708084727989
2009.085	0.4085569604712
2009.148	0.405349927374528
2009.319	0.405251106965192
2009.548	0.410569025151883
2009.326	0.401456164828683
2009.326	0.40158861489956
2009.321	0.40158861489956
2009.323	0.403068688193195
2009.318	0.403201626414895
2009.321	0.40363531916131
2009.318	0.4043789490664
2008.653	0.403916295416657
2008.657	0.402509587190294
2008.802	0.407398332446111
2008.762	0.403818521712786
2008.6	0.403350713146963
2009.153	0.411086734485431
2009.11	0.407433607948279
2009.167	0.405559118789134
2009.145	0.40906885197587
2009.399	0.407305441152513
2009.137	0.409104042568268
2009.112	0.408291569462784
2009.156	0.406659066220528
2009.156	0.411766391330552
2009.151	0.409203502684223
2009.137	0.410269564487036
2009.112	0.407631352823615
2009.107	0.40883507212608
2009.104	0.405657313931384
2009.036	0.40893428985351
2009.142	0.404049162619097
2009.137	0.409104042568268
2009.074	0.406961567491995
2009.115	0.407095348414905
2009.363	0.40781629491477
2009.118	0.408665431017314
2009.216	0.408700719489824
2009.195	0.408104390970913
2009.186	0.407666445860027
2009.184	0.407666445860027
2009.162	0.410099398761409
2009.159	0.407398375142003
2009.323	0.409168462621004
2009.323	0.409168462621004
2009.082	0.408566455127311
2009.077	0.408665431017314
2009.077	0.40883507212608
2009.326	0.409508162465438
2009.167	0.40853113412904
2009.132	0.407095348414905
2009.14	0.40906885197587
2009.118	0.41098010165743
2009.159	0.409408610158574
2009.159	0.409373367151921
2009.167	0.407631352823615
2009.225	0.41231451954843
2009.162	0.411150774457122
2009.134	0.407532345055468
2009.184	0.40736317430202
2009.137	0.407567588089005
2009.145	0.405720919682655
2009.107	0.40736317430202
2009.195	0.405854512346364
2009.148	0.40736317430202
2009.142	0.405854512346364
2009.11	0.40883507212608
2009.162	0.408274010418532
2009.112	0.40893428985351
2009.115	0.407906521634193
2009.145	0.407631352823615
2009.134	0.408005320711116
2009.112	0.410099398761409
2009.093	0.412830082827331
2009.079	0.407871108434566
2009.077	0.407871108434566
2009.058	0.409614147359501
2009.118	0.409848426829763
2009.137	0.409713519513493
2009.222	0.409543372703064
2009.093	0.409508162465438
2009.137	0.409273936273654
2009.156	0.409724392366175
2008.146	0.406843162864442
2007	0.403588474385254
2008.486	0.397516734544984
2008.59	0.397516734544984
2008.574	0.404154337531258
2007	0.398328132984907
2006	0.395722400165019
2004	0.389389762627076
2007.395	0.398904158626937
2007.364	0.402144684350829
2007.351	0.402117986820064
2007.351	0.399728975255105
2007.395	0.403199994836878
2007.375	0.403199994836878
2008.82	0.411307911069938
2008.762	0.405229246188981
2008	0.411480509527246
2008	0.411480509527246
2008.781	0.408338275863093
2007.971	0.407849747881629
2008	0.415383092658939
2008	0.410959612071643
2007.499	0.39589211986732
2007.364	0.403572241428834
2007.556	0.404034119269323
2007.354	0.400027681543562
2007.351	0.40532690334809
2007.107	0.394859689593647
2007.088	0.396649401599244
2007.088	0.396649401599244
2007.386	0.406706081748503
2007.444	0.400124485454895
2008.016	0.397442608745966
2008.139	0.396621335630355
2008.011	0.392249514253223
2008.183	0.397538227753675
2008.954	0.391221474228176
2008.861	0.390505842184162
2008.5	0.39348475969115
2008.858	0.389322582165012
2008.536	0.393260840276129
2008.746	0.392343419932508
2008.746	0.392508339402845
2008.678	0.390353922300022
2008.648	0.390189908046955
2008.522	0.390669851357696
2008.055	0.397013770988828
2007.211	0.392617391282383
2007.058	0.401429286240947
2006.504	0.401509282643323
2006.392	0.38744648198938
2006	0.395971880840195
2004	0.390096007610054
2006	0.387364562837873
2006	0.388939835040868
2005.573	0.395802443627258
2005.605	0.400189861891474
2006.334	0.401718419602757
2005.989	0.39872972487082
2006.816	0.407640468445389
2006	0.402298569004813
2007.011	0.399594876071796
2006.759	0.401539540491028
2006.545	0.404858844912975
2006.57	0.402136242387139
2006.564	0.402171893102557
2006.584	0.402207659526786
2006.447	0.402136242387139
2006.384	0.402901878122045
2006.463	0.40553136791117
2006.033	0.404327725881789
2007.101	0.398835317607346
2007.126	0.400938524779263
2008.716	0.402602496888887
2006.008	0.403534148402139
2006	0.406757650075283
2006	0.402075779976239
2006.121	0.40562386891092
2006.493	0.403905392641792
2004.809	0.392594239598819
2001	0.389194022397842
2004.697	0.386915831038405
2005.929	0.402689265601625
2005.912	0.402821381502413
2006.921	0.399846724512429
2006.225	0.3992183544459
2006.244	0.399384211676663
2007.789	0.396787442519493
2007.767	0.396622800427162
2007.104	0.395013122539348
2007.047	0.399142325735249
2007.137	0.403817540450176
2007.14	0.396101785254187
2007.162	0.39410564244162
2007.162	0.401244429767789
2008.096	0.393409153412183
2007.863	0.399970421846733
2007	0.40425025218776
2007	0.404082860778987
2007	0.404082860778987
2007	0.40434852998397
2007	0.404215651728963
2007	0.404215651728963
2007	0.404215651728963
2007	0.40434852998397
2007	0.404614548753696
2007	0.404215651728963
2007	0.404215651728963
2007	0.404215651728963
2007	0.404215651728963
2007	0.404215651728963
2007	0.404215651728963
2007	0.404215651728963
2007	0.404215651728963
2007	0.40434852998397
2007	0.404215651728963
2007	0.404215651728963
2007	0.40391560793926
2007	0.40434852998397
2007	0.404048343926095
2007	0.404215651728963
2007	0.404215651728963
2007	0.404215651728963
2007	0.404215651728963
2007	0.404215651728963
2007	0.404048343926095
2007	0.404215651728963
2007	0.402745523545884
2008.79	0.40112004495204
2007.658	0.406856546326325
2008.138	0.401307635432226
2007.959	0.405588754117984
2007	0.404082860778987
2007	0.404082860778987
2007	0.404082860778987
2008.005	0.404272088259156
2008.116	0.402647590566967
2008.092	0.400911998591511
2008.169	0.396981434412406
2008.094	0.404314077792538
2008.137	0.398197235465036
2008.085	0.405886801078918
2008.074	0.40004304133089
2007.925	0.402182064557547
2007	0.397276327235762
2007.718	0.408474669432003
2008.022	0.40889452470354
2008.003	0.403582020526081
2008.074	0.403016163336188
2007.51	0.397419418770799
2008.066	0.397066822193404
2008.131	0.395505494428243
2007.748	0.406427321916029
2007.929	0.404592945774135
2007.923	0.404592945774135
2007.795	0.402786383464563
2007.997	0.401577412697057
2008.026	0.404600446545526
2008.027	0.40512514754737
2008.563	0.403895122944235
2008.486	0.404027460795789
2008.437	0.402522216804912
2008.434	0.402390200136565
2008.443	0.402763944181746
2008.499	0.402332737711918
2008.434	0.402390289451029
2007	0.397421025171769
2007	0.39816950491041
2007	0.399970421846733
2007.806	0.395203957005112
2007.638	0.401093735097327
2007.827	0.39550545297874
2009.023	0.402584522956435
2009.163	0.39298059056928
