1959.09	20.7188824360383
1960	20.7188824360383
1957	20.8758436666143
1957	20.8758436666143
1957	21.1997487437186
1957	20.9543242819024
1957	21.1112855124784
1960	20.1695181290221
1964	20.6404018207503
1962	19.85559566787
1957	19.698634437294
1964	20.3264793595982
1968	20.0910375137341
1968	20.0910375137341
1968	20.0125568984461
1963	19.9340762831581
1963	20.0125568984461
1963	19.9340762831581
1963	19.9340762831581
1963	19.85559566787
1967	19.9372056514914
1961	20.0910375137341
1963	20.4049599748862
1966	20.2479987443102
1967	20.0125568984461
1964	20.0125568984461
1964	19.8587127158556
1965	20.438644760632
1963	20.3264793595982
1967	20.8809392482862
1967	20.8809392482862
1967	20.8809392482862
1967	20.8842304358105
1957	21.2682467430545
1957	21.1112855124784
1957	21.1112855124784
1957	21.1112855124784
1957	21.1897661277664
1957.414	21.1112855124784
1957.863	20.8758436666143
1957	21.0460185330611
1958	21.1964201601507
1957	21.2682467430545
1959	21.2682467430545
1957	20.9543242819024
1958	21.1112855124784
1958	20.9543242819024
1958.077	20.9543242819024
1958	21.1112855124784
1957	21.1112855124784
1957	21.0328048971904
1960	20.5014981864059
1965	21.2682467430545
1957.668	21.3467273583425
1957	21.1897661277664
1958	20.9543242819024
1957.693	21.0328048971904
1957	20.8758436666143
1957	20.8758436666143
1957	20.7973630513263
1957	20.7221350078493
1957	20.7188824360383
1957.414	20.7973630513263
1957	20.7188824360383
1957.564	20.8758436666143
1957.564	21.0328048971904
1957.564	21.1112855124784
