1976	20.4724409448819
1977	20.4724409448819
1979	19.7684492399779
2005	19.7368421052632
2005	19.6062992125984
1975	20.0819026618365
1975	19.9212598425197
1971	21.1023622047244
1970	20.3937007874016
1967	20
1966	20.1574803149606
1961	20.0267022696929
1957	20.7335270556821
1977.312	20.5511811023622
1977.293	20.2362204724409
1977.293	20.3937007874016
1977.312	20.1574803149606
1977.312	20.3149606299213
1977.312	20.2362204724409
1977.277	20.2362204724409
1977.277	20.2362204724409
1977.277	20.1574803149606
1977.277	20.1574803149606
1977.277	20.1638311279143
1977.277	20.2362204724409
1977.277	20.2362204724409
1977.277	20.3149606299213
1977.293	20.2163784253337
1977.293	20.5511811023622
1977.293	20.3775373193271
1977.293	20.5192960303054
1977.293	20.3937007874016
1977.312	20.6299212598425
1977.312	20.2362204724409
1977.312	20.5511811023622
1977.312	20.4017080499763
1977.293	20.3678850556564
1977.293	20.4371498461296
1977.293	20.284135753749
1977.293	20.3614552916108
1977.293	20.0787401574803
1977.293	20.2362204724409
1977.293	20.2394077807529
1977.293	20.3149606299213
1978.052	19.7274599904928
1978.052	19.8811881188119
1978.014	19.8425196850394
1978.014	19.845644983462
1978	19.7637795275591
1977.323	20
1977.323	19.9212598425197
1977.323	20.1670080352923
1977.323	19.9212598425197
1977.323	20
1977.293	20.3229617959827
1977.312	20.324562785568
1977	20.5160577605934
1976	20.6331705780438
1976	20.6299212598425
1978	20.0787401574803
1977	20.5075823053351
1976	19.845644983462
1977	20.2457854104301
1977	20.1670080352923
1977	20.4724409448819
1977	20.4724409448819
1977	19.9212598425197
1977	20.0787401574803
1978	20.7874015748032
1978	20.7874015748032
1978	20.7874015748032
1976	19.7637795275591
1976	19.9212598425197
1976	19.9212598425197
1976	19.9212598425197
1977	20
1977	20.1574803149606
1977	20.0787401574803
1978	20.3149606299213
1977	20.2362204724409
1977	20.1574803149606
1977	20.5511811023622
1977	20.2362204724409
1977	20.2362204724409
1977	20.2362204724409
1977	20.2362204724409
1977	20.2362204724409
1977	20.2362204724409
1977	20.2362204724409
1976	20.2362204724409
1975	20.2362204724409
1977	20.1574803149606
1976	20.3937007874016
1981	19.6062992125984
1980	19.6062992125984
1978	20
1976	19.794952681388
1976	19.7637795275591
1977	20.0787401574803
1976	20.3937007874016
1977	20.7335270556821
1977.277	20.4756654591274
1979.989	19.4815396700707
1979.989	20.1052383570251
1979.989	19.9481661823608
1979.989	20.1052383570251
1979.989	20.1052383570251
1979.907	20.1622430495393
1979.989	20.1052383570251
1979.989	19.9778900821226
1979.989	20.1052383570251
1979.989	20.1052383570251
1979.989	20.0298484015395
1979.989	20.0298484015395
1978	20.8661417322835
1978	20.7874015748032
1978	20.4724409448819
1978	20.3149606299213
1980	20.6299212598425
1980	20.6347956210128
1980	20.6331705780438
1980	20.6299212598425
1980	20.6299212598425
1979	20.2362204724409
1987	20
2003	19.2156245077965
1985	19.9212598425197
1985	19.9212598425197
1985	19.9212598425197
1987	20.3937007874016
1988	20.2362204724409
1988	20.4724409448819
1988	20.4724409448819
1987	20.3969128996692
1987	20.4724409448819
1986	19.5275590551181
1980	20.4724409448819
1981	20.1574803149606
1981	20.3937007874016
1981	20.1574803149606
1981	20.3149606299213
1981	20.2410018114515
1981	20.3937007874016
1977	20.1574803149606
1977	20.0787401574803
1977	20.1574803149606
1977	20.1574803149606
1934	22.3968565815324
1931	21.9970146908634
1931	21.9901044529961
1942	22.3827848896568
1931	22.3827848896568
1931	22.3042488023247
