1979	0.450593539142874
1980	0.448721186903392
1980	0.449187871859602
1981.145	0.449468869751405
1981	0.451447836598777
1981	0.451047397034397
1981	0.449545491391641
1981	0.449611016769036
1981	0.446683952184012
1980	0.445888707840834
1998	0.430196679414917
1989	0.438073273717061
1987	0.444371320840016
1987	0.44291655893412
2005.074	0.420524673071802
1992	0.429870297681977
1992.101	0.428854888346725
1992.016	0.428507892170199
1992	0.427755515762216
1994.005	0.437873954315059
1992	0.428551932307976
1999.455	0.449545305256502
1993	0.432556243553777
1995.803	0.433957134471546
2000.208	0.440791047568524
2000.208	0.424387721798282
2012.538	0.448681884402019
2013.636	0.445538377905643
2004.686	0.458954316687754
2011.896	0.445396912784461
2003.112	0.453764286476148
2001.038	0.434578722032908
1999.863	0.427323103554525
2001.868	0.415372447777135
2005.753	0.414172085713142
2006.34	0.416393648242857
2006	0.419135894055315
1997.31	0.428528699634714
1995.923	0.430332177717774
1998.882	0.434060326708553
1998.17	0.452551211766449
1994.101	0.423926396959685
1992.792	0.4305925866155
2005.266	0.43044117637708
2002.175	0.415302602529999
1999	0.435444171213852
2006.195	0.432053334563002
2007.847	0.435092942617008
2007.142	0.434653600729418
1993.173	0.424521169573934
1994	0.435865282540824
1994.011	0.434465061464204
1998	0.436111017392486
1998.458	0.427154985587268
1997.962	0.431145596622608
1997	0.428433201589467
1996.814	0.431061918110442
1985	0.450568857908704
1991	0.423252852053971
1994	0.439617671559339
1998	0.457167487643145
1995	0.440309470141844
1995	0.436149796838104
1995	0.436126606699074
1993	0.438629436568195
1998	0.420196672112624
2005.975	0.438882354406199
2005.868	0.44438841725949
2013.058	0.433265174075868
2012.385	0.431533965670568
2012.033	0.461994592710994
2009.233	0.401913547788278
2006.677	0.434450061450627
2011.619	0.432297973809094
2011.836	0.427883286692415
2011.833	0.429235590710445
2012.26	0.417268937789815
2011.855	0.421751900860776
2012.049	0.421998832703548
2011.948	0.419261906080936
2011.641	0.427807590694556
2011.562	0.431701375670784
2011.392	0.42972681484412
2012.481	0.426511253908684
2019	0.444609153606074
2019.729	0.453033362213344
2013.655	0.429570774803461
2012.046	0.430995775846286
2012.085	0.429147069989675
2011.816	0.436368772272598
2011.855	0.433734091700261
2013.468	0.42832809160387
2011.644	0.434043139464618
2011.63	0.43386641180197
2012.085	0.430493335453538
2013.751	0.432732735830121
2012.219	0.433031397020569
2012.079	0.431357455056426
2012.066	0.435326750543713
2012.003	0.433826594718031
2011.951	0.435692445632811
2012.128	0.430834454817368
2012.29	0.43149076833717
2012.295	0.428623507073868
2011.397	0.432261242680554
2011.244	0.432404338195177
2012.098	0.431581215957099
2012.227	0.426696596567173
2011.836	0.422539902979817
2014.148	0.423489480743072
2014.94	0.425264344963128
2014.175	0.431339151271775
2011.934	0.425783062064115
2012.107	0.42338962181426
2013.496	0.427616331204387
2012.025	0.428596709825731
2013.016	0.446938141339273
2014.093	0.454024026650534
2014	0.421759391167206
2014.808	0.41820887586462
2014.225	0.430036120558965
2013.036	0.432142689322326
2013.496	0.428189099916894
2010.89	0.437340312682008
2012.063	0.421566634856109
2011.951	0.423422203780755
2015.107	0.41941213806732
2013.058	0.418206118373645
2013.268	0.421336337485341
2007.277	0.434660780453456
2009	0.433051011120894
2006.03	0.433992349621375
2009.03	0.440218765019782
2006.789	0.422305461798057
2009	0.422681975020051
2005.888	0.438637477310879
2016.15	0.412489639687383
2004.24	0.424519242410224
2003	0.425712052026393
2018.315	0.426113145676622
2003	0.420733738754571
2004.153	0.424327268472332
2000	0.431934487840425
2000	0.431349299130595
1999	0.426887741711927
1999	0.427450555700965
2003.099	0.418756567798822
2003.482	0.420809593090795
2004.287	0.430553397247881
2004.721	0.410950545826689
2006.236	0.419377297822571
2006.236	0.41699582807123
2008.369	0.416084304657663
2005.929	0.407268601287431
2007.31	0.410117665042502
2006.312	0.417992283014607
2012.366	0.422767260706317
2012.366	0.422767260706317
2012.366	0.423077089875542
2012.366	0.423077089875542
2011.981	0.428294439360396
2011.932	0.430292196193113
2011.882	0.428624429340694
2012.153	0.429486686459015
2011.014	0.409902249033944
2013.666	0.410607337481011
2013.329	0.402335586867067
2015.956	0.410826839385861
2015.956	0.408939124268733
2015.94	0.410660580041714
2015.882	0.410257444655548
2016.896	0.410795134622331
2015.934	0.410557885644855
2014.937	0.408547301222036
2010.915	0.416787340468669
2010.915	0.415749586998087
2012.085	0.408903476132603
2011.748	0.404438520515435
2013	0.403895611913474
2013.044	0.405269385523627
2013	0.413604270177978
2013	0.406219740453906
2011.748	0.406083715822509
2010.915	0.416377654354184
2011.096	0.406154006280521
2011.096	0.416226086396004
2011.096	0.416226086396004
2011.047	0.416770350647584
2011.096	0.414947373246561
2011.096	0.414947373246561
2011.871	0.422865362504816
2011.871	0.422865362504816
2011	0.432027884506353
2011	0.443871734920336
2011	0.430487386518053
2012.852	0.422310651637649
2012.852	0.422310651637649
2011.871	0.427132767298036
2011.871	0.427132767298036
2013.038	0.418072995210185
2013.038	0.418072995210185
2013.038	0.408216956844494
2013.038	0.408216956844494
2013.036	0.413960223245957
2013.036	0.413960223245957
2013.038	0.408484815740061
2013.038	0.408484815740061
2013.036	0.415960530893643
2013.038	0.415488756287537
2013.038	0.415960530893643
2013.038	0.415488756287537
2012.866	0.430454172076044
2012.866	0.430454172076044
2015.438	0.433589062423076
2014.008	0.423665165356279
2011.014	0.418789686336851
2011.014	0.418789686336851
2011.666	0.422515409822657
2011.871	0.429860779673114
2011.871	0.429860779673114
2011.871	0.429754161797125
2011.871	0.429754161797125
2011	0.422460681216773
2010.915	0.423098930782568
2011	0.4283858890876
2013.833	0.425080244727056
2013.038	0.430414508581975
2013.038	0.430414508581975
2012.79	0.419396317279654
2012.863	0.42344356207096
2012.863	0.42344356207096
2012.863	0.422684114560167
2012.863	0.422684114560167
2012.186	0.42961207066344
2012.011	0.427794415494643
2011	0.425750611873135
2010.915	0.423933976884818
2011	0.426468035274647
2011	0.431049609503968
2011	0.424854603185367
2011.022	0.426533965065022
2012.79	0.426533965065022
2011.175	0.424340710636857
2011.175	0.424340710636857
2010.915	0.422322847389296
2011.833	0.42094943975551
2012.085	0.420300549228185
2011.773	0.421472030671005
2011.858	0.421472030671005
2011.277	0.42064696307426
2011.277	0.42064696307426
2012	0.421870439114344
2012.904	0.42845663582456
2012.904	0.42845663582456
2012.904	0.426505935236219
2012.904	0.426505935236219
2012.904	0.428144468940739
2012.904	0.428144468940739
2012.995	0.427104022698903
2011	0.426793510434981
2010.833	0.426011176569679
2010.833	0.4212555741733
2013.885	0.41962928453173
2010	0.417719939068503
2011	0.42923233049461
2011	0.419773950592194
2008.962	0.421083914859433
2009.096	0.42453502783155
2010.915	0.426765634558186
2011.852	0.421798138710904
2011.852	0.421798138710904
2009.019	0.424673182263572
2009.019	0.424673088003203
2009.134	0.42010005056407
2009.134	0.423826911610691
2009.134	0.423412194567884
2009.134	0.423412194567884
2009.134	0.425469774238576
2009.134	0.424987159683174
2009.96	0.426231207812943
2009.96	0.429847473723575
2007	0.425746869258624
2008	0.454916444404633
2009	0.467977473892054
2012.085	0.420941718230048
2009.845	0.42532126860082
2009.03	0.414802876230374
2009.019	0.416178256993779
2009.211	0.423231360351643
2013.038	0.433840040116074
2013.038	0.433840040116074
2013.036	0.422901779245236
2013.036	0.422901779245236
2013.038	0.42792973820724
2013.038	0.42792973820724
2013.038	0.427287296389352
2013.036	0.427287296389352
2013.036	0.42169371197285
2013.036	0.42169371197285
2013.036	0.425220272269011
2013.036	0.425220272269011
2009.481	0.430910191478761
2006.915	0.419740659809417
2007.962	0.412317635540671
2009.959	0.423996540930994
2009.079	0.41269578906542
2009.079	0.410018346291845
2009.627	0.411646296106118
2009.627	0.414373414224223
2008.025	0.418164732433168
2007.233	0.415954650667863
2008.809	0.417354234072727
2006.734	0.406971647315219
2007.099	0.41069987714747
2006.951	0.411370655407805
2004.954	0.420036243903928
2005.181	0.420765284918334
2005.074	0.422102658944878
2005.036	0.421277164826994
2005.216	0.414979865345762
2004.24	0.415111578297109
2003.351	0.42187508457862
2002.907	0.424474223445756
2001	0.421241656683779
2004	0.414360252218736
2008.306	0.419328632358369
2017	0.441562018180965
2016	0.431853719365945
2020.609	0.419272286643859
2001	0.419078438648807
2013.153	0.422130412958658
2012	0.407032364364445
2005.507	0.422504306458406
2005.507	0.424028299492133
2007.23	0.412865336981231
2008.73	0.41485131907157
2010.855	0.431024252205088
2008.306	0.429624969060044
2009.742	0.420619299507315
2008.254	0.429887754075463
2008.407	0.427780127663443
2009.145	0.430672395672676
2009.074	0.4222046132326
2008.287	0.427629494563299
2016.353	0.43518247136213
2011.817	0.424284230745113
2009	0.438113916758717
2010.414	0.424070795905771
2010.299	0.432202032558795
2009.668	0.436223261459427
2011.277	0.422997847455872
2010.863	0.430654204015734
2009.608	0.431083793974624
2010.767	0.434529319295736
2010.014	0.422993207132853
2010.592	0.437499920158386
2010.592	0.437575883593234
2017.967	0.433206045148962
2009.592	0.436957768317641
2005.679	0.433145891399863
2003	0.433003146519856
2013.162	0.413439298774175
2012.579	0.412246695077073
2006.255	0.403603442716175
2006.219	0.404982893521882
2007.907	0.403506412129984
2007.904	0.412368706333388
2014	0.423719084020561
2015	0.427247073972445
2011.773	0.406800458926261
2011.044	0.414735941405013
2015.011	0.448602860380927
2009.249	0.403724454675295
2014	0.421101808577017
2012.415	0.390418139433615
2014	0.411182593168639
2011.893	0.395456569530758
2012.923	0.413946360609822
2012.424	0.398116828560022
2011.236	0.400245620858663
2013.23	0.404143226567978
2011.973	0.397575893966749
2011.879	0.396256650965475
2011.833	0.395165982144776
2011.814	0.397796272164881
2012.369	0.399526355952958
2009.09	0.41220426924029
2011.088	0.412838517905995
2012.082	0.417763068266353
2010.86	0.411935200673604
2012.087	0.406759979405641
2015	0.408641252316672
2008.074	0.409902249033944
2009.203	0.405258928600232
2005.471	0.414173298464984
2006.137	0.419155543393371
2004	0.420294640702462
2004	0.424019673585979
2005	0.436955492226646
2006	0.434702818907539
2014.816	0.408712835525762
2010.803	0.419785097226824
2010.781	0.420923823881144
2008.415	0.406004456221627
2010.085	0.407520013550097
2012	0.438820660595108
2011.466	0.424715608267418
2017.378	0.397291491823099
2019.748	0.412561195812577
2016.298	0.408742672824642
2017.337	0.405468386586401
2018.964	0.420620320336013
2007	0.412809936494435
2007.252	0.445268329942917
2015.058	0.429353481831928
2014.521	0.40873768693683
2013.942	0.403327882095852
2005.912	0.438903613731458
2005.6	0.439605529925605
2004.26	0.439927108971327
2005.792	0.433570498795799
2006.693	0.429753787645999
2009.153	0.439343451157979
2006.805	0.431181320544517
2006.808	0.431181320544517
2006.792	0.422655859204714
2007.211	0.420346384239496
2006.838	0.433907274168286
2006.847	0.435294664796415
2005.855	0.426184848459056
2012.06	0.430210355925246
2007.285	0.42061581858851
2007.2	0.418786734167111
2011.619	0.412191739971889
2008.115	0.419242190601541
2008.074	0.418825862706207
2008.082	0.418760217238664
2009.942	0.422896954286157
2009.707	0.422896998879006
2012.008	0.404443971856029
2012.046	0.404579965121616
2010.603	0.420189663553503
2011.162	0.410946924585479
2011.688	0.413952743673528
2011.008	0.409182023261619
2011.008	0.410681300814319
2010.858	0.418164631531354
2009.058	0.431319273447523
2010.288	0.413523470409133
2010.285	0.42011439850556
2012.117	0.4065393833038
2010.729	0.422917396725367
2013.123	0.428572385031557
2009.468	0.412074444545782
2010	0.406907370176588
2010.666	0.407288410125872
2012.385	0.411854568814447
2013.389	0.411854568814447
2010.364	0.418633349320752
2010.364	0.422201119234588
2005.926	0.43250926529093
2008.519	0.412837894712655
2007.625	0.442369282082312
2005.471	0.431201173313923
2009.071	0.426841576086158
2008.705	0.434146759992361
2009.605	0.442054525598216
2008.667	0.423139802061036
2008.669	0.422013403435444
2007.37	0.426102635897503
2007.844	0.428762245247589
2008.672	0.422325087153095
2008.314	0.420525755794164
2007.6	0.434083587566973
2007.775	0.435648419095315
2007.77	0.435504355464662
2007.559	0.434547633743204
2007.89	0.432224887497518
2005.784	0.429720587705653
2006.901	0.423366267436814
2006.271	0.421954773244035
2016.779	0.419868251663249
2017.142	0.422170612407564
2005.74	0.429502825575207
2006.718	0.436332502200355
2006.704	0.43636564773241
2006.699	0.436365745184001
2006.693	0.435974793025701
2007.54	0.432498412446835
2009.211	0.441163027214395
2010.493	0.404741736187334
2011.91	0.412541783884713
2011.132	0.401967547630059
2010.841	0.401406992418237
2010.841	0.403112774618208
2010.614	0.424426187738666
2011.8	0.418078550925677
2011.545	0.417207476339442
2011.255	0.417410878850423
2011.247	0.414350778718158
2016.779	0.429872309598626
2017.219	0.401067655687929
2016.377	0.423176900839661
2016.377	0.423176900839661
2016.071	0.423214759936672
2013.811	0.415842850949643
2018.063	0.417697778965179
2017.414	0.431224964865085
2017.603	0.417051928511506
2018.027	0.40821308940346
2017.888	0.419506721174938
2017.252	0.416770007175635
2016.475	0.419334413250488
2016.227	0.406856503687217
2017.386	0.421376463968971
2017.197	0.421452577066384
2018.874	0.426136107262937
2018.671	0.425154165971709
2018.077	0.430474090133304
2018.786	0.433342963923577
2018.948	0.427409964718322
2018.863	0.423933417198626
2018.784	0.429646763014361
2017.953	0.425849693330639
2018.819	0.426544126465283
2018.91	0.426544126465283
2018.825	0.434253014185595
2017.693	0.415027109323168
2010.027	0.433711312247353
2012.12	0.409731757439624
2009.132	0.412814327644372
2011.658	0.409844782548525
2011.455	0.422895528970172
2012.12	0.42501876600206
2012.194	0.419332336143794
2012.063	0.415844225813902
2011.504	0.415568259116316
2011.392	0.421741983400004
2012.033	0.419095562914965
2011.238	0.420275856919178
2011.912	0.405852021218574
2012.178	0.418967850255589
2010.89	0.420102948189866
2012.093	0.451707518554281
2012.798	0.448243243857607
2013.595	0.443147971208054
2014.904	0.445231815273696
2014.956	0.437693904568475
2012.312	0.443740137905134
2011.951	0.421039237999036
2012.216	0.417031486953959
2010	0.420142671055744
2010.699	0.421173820796236
2011.879	0.421576373369516
2010.641	0.420003471115889
2012.24	0.410480721327453
2012	0.411757670535512
2012	0.416924357183165
2007.356	0.42705341421955
2006.186	0.429829899073428
2006.178	0.425798669777769
2006.082	0.419491370734749
2006.929	0.415273561171553
2006.923	0.415549032853923
2010.148	0.42296189822802
2009.838	0.423821122496136
2006.953	0.415274327230179
2006.66	0.413483629729709
2006.03	0.407482977773254
2012.754	0.417685577258722
2009.233	0.421114260987361
2006.693	0.40896231014327
2008.246	0.420439903227298
2009.268	0.421030543733415
2009.266	0.421170374535054
2009.263	0.419615328541572
2009.26	0.421030543733415
2009.189	0.421902622323271
2009.759	0.410381258285542
2008.746	0.4240866380656
2011.945	0.419241834475972
2011.797	0.413054301482755
2010.685	0.414728693522957
2011.973	0.420071854648826
2011.238	0.414843570001956
2011.066	0.419698944881126
2009.397	0.416045245836832
2010.479	0.423152059756795
2011.663	0.413286584789848
2011.005	0.420042925552624
2011.184	0.414218362891058
2014.942	0.422840884209157
2010.556	0.418064359378995
2010.556	0.415810762412385
2011.247	0.412915872798408
2011.682	0.414054780803824
2009	0.420421710591701
2010.71	0.413844915399583
2010.71	0.416032037583472
2008.328	0.422950138894984
2011.616	0.418833752846463
2008.194	0.415273561171553
2010.685	0.4113402679632
2009.214	0.421610881823298
2011.392	0.43624364762923
2011.085	0.439683194086795
2012.771	0.427626098374075
2011.449	0.430860779886754
2012.292	0.403103169762284
2013.233	0.430316351976036
2012.025	0.438939025138192
2010.893	0.437389211209997
2011.263	0.419555533204269
2017.66	0.417605708129736
2016.74	0.417598615648623
2011.493	0.415592149299796
2014.512	0.43857645434635
2013.964	0.435798564813407
2011.496	0.409413148424582
2013.71	0.412368850323456
2011.027	0.407209158308565
2013.06	0.427592941211358
2012.601	0.42138955223734
2015.762	0.409634623335792
2016.432	0.407733969507014
2017.866	0.430478704654397
2017.584	0.406183602771157
2016.667	0.437340779283042
2018.005	0.424018744718326
2018.488	0.441049441445896
2018.003	0.440754326396417
2018.614	0.42849806637061
2017.885	0.422960006418004
2018.266	0.415097683718159
2016.91	0.41856094136333
2011.677	0.418763661967099
2014.189	0.412940961071514
2018.46	0.424488278319315
2017.063	0.420486925150398
2016.15	0.430217153672196
2017.392	0.422315457821626
2012.773	0.395642118063076
2017.367	0.40038976598118
2010.953	0.42930123116061
2012.702	0.429147869588076
2018.521	0.426050219053055
2019	0.415082174268303
2017.312	0.415323814899653
2017.052	0.41738474544896
2017.964	0.422639453803467
2017.704	0.418175481580499
2018.118	0.412535258232869
2018	0.415007624340504
2015.652	0.416185255672947
2015.041	0.422909583719195
2015.825	0.418772420930917
2016.915	0.415683911115427
2015.397	0.41851645140793
2015.186	0.423879333039747
2016	0.410748242435663
2011.647	0.421733543708554
2012.052	0.42960044313057
2007	0.438691329436081
2011.096	0.438653344451654
2013.285	0.418398542458871
2010.874	0.437316917476921
2011.34	0.418433199467922
2014.896	0.43901819414733
2015.323	0.44552320668746
2018.044	0.433750032288372
2017.156	0.438018068295052
2018.37	0.437357490832097
2018.332	0.437856755565669
2016.09	0.451787678585838
2016.74	0.448627529732806
2012.279	0.428220185707049
2011.912	0.414940821830538
2011.162	0.412367233396337
2010.756	0.419944187457797
2012.795	0.421740862302934
2010.033	0.425382917258132
2014	0.417018554879879
2012.314	0.426006104389855
2006	0.42079653459364
2005.66	0.43101513151332
2005	0.426914421680605
2008.672	0.410986472783437
2008.653	0.417266869577058
2011.696	0.413071987689976
2008.038	0.414630255507284
2017.543	0.412488146331284
2017.858	0.428100676565441
2010.978	0.410113534161305
2012	0.436633427262484
2013	0.438929734129107
2014	0.438573978882179
2015	0.427010075826164
2014	0.416306148575116
2011.918	0.405376066055844
2013.082	0.423372074653395
2014	0.426106844653721
2014	0.409910613861465
2016	0.415910188315671
2017.351	0.409073417004713
2014	0.417942589016761
2013	0.412949748202558
2013	0.417180286856232
2013	0.418827291237578
2015	0.427060062478772
2012.582	0.430644916139277
2010.923	0.422875219429627
2013	0.393101264134708
2013	0.407256667026177
2013	0.42021716969068
2014	0.400975902175374
2013	0.426435512927906
2014	0.410764603955116
2011.085	0.417101515254717
2015.805	0.42976541371668
2007.636	0.421339087743599
2005.951	0.417169977990103
2005.529	0.41531063680401
2005.526	0.41703274404507
2003	0.426431021308269
2003	0.415415247797614
2016	0.416485267564196
2015	0.412323491462109
1992	0.432309239589736
1995	0.425315684584035
1983	0.457115524447778
1985	0.454402038371296
1981.129	0.444543168239058
1992	0.442993474420986
1984	0.440307659723722
1981.112	0.440390205906897
1979.932	0.433289356259025
1979.932	0.435853624064007
