1979	21.9356867678277
1980	21.8330322783319
1980	21.8845941903487
1981.145	21.8330322783319
1981	21.911568365664
1981	21.911568365664
1981	21.8330322783319
1981	21.8330322783319
1981	21.7544961909998
1980	21.6759601036676
1998	20.5764548810178
1989	21.1477987421384
1987	21.3618157543391
1987	21.283279667007
2005.074	19.6432780702444
1992	20.65499096835
1992.101	20.4322200392927
1992.016	20.4225905270599
1992	20.3712442976247
1994.005	20.8938810776844
1992	20.4338258409305
1999.455	21.2214100448008
1993	20.6696007544797
1995.803	20.5796873772681
2000.208	20.9284028324154
2000.208	20.1052383570251
2012.538	20.9691353176785
2013.636	20.8120631430142
2004.686	21.9132893496701
2011.896	21.1212311557789
2003.112	21.681068342498
2001.038	20.5043601225548
1999.863	20.1115562887894
2001.868	19.7125579203644
2005.753	19.4136603002437
2006.34	19.6496212121212
2006	19.8004242948063
1997.31	20.2686778222955
1995.923	20.4257993558017
1998.882	20.5829208893079
1998.17	21.5391871708199
1994.101	20.1194592895316
1992.792	20.5764548810178
2005.266	20.3472385890486
2002.175	19.4830701547647
1999	20.4434659537663
2006.195	20.1115562887894
2007.847	20.1052383570251
2007.142	20.2623105316893
1993.173	20.1837744443572
1994	20.8267840301792
1994.011	20.8019055180627
1998	20.9119496855346
1998.458	20.3696421549351
1997.962	20.4979187936857
1997	20.4338258409305
1996.814	20.5764548810178
1985	22.0056585979252
1991	20.2012262222921
1994	20.8905992303463
1998	21.8501925646467
1995	20.821874754459
1995	20.988915965726
1995	20.8955223880597
1993	21.1411505815781
1998	19.8758739885301
2005.975	20.56676348222
2005.868	20.5764548810178
2013.058	19.786432160804
2012.385	19.9481661823608
2012.033	21.283279667007
2009.233	18.5914605325351
2006.677	20.1869452517477
2011.619	19.6340218330323
2011.836	19.6340218330323
2011.833	19.7125579203644
2012.26	19.0842692217074
2011.855	19.3984135710359
2012.049	19.3984135710359
2011.948	19.2413413963716
2011.641	19.6340218330323
2011.562	19.7910940076965
2011.392	19.7125579203644
2012.481	19.3984135710359
2019	20.4193827063536
2019.729	20.8120631430142
2013.655	19.5554857457001
2012.046	19.639150566821
2012.085	19.6340218330323
2011.816	19.9481661823608
2011.855	19.8696300950287
2013.468	19.5554857457001
2011.644	19.8696300950287
2011.63	19.8696300950287
2012.085	19.6340218330323
2013.751	19.5554857457001
2012.219	19.7125579203644
2012.079	19.7125579203644
2012.066	19.8696300950287
2012.003	19.7910940076965
2011.951	19.8696300950287
2012.128	19.6340218330323
2012.29	19.7125579203644
2012.295	19.6340218330323
2011.397	19.7910940076965
2011.244	19.8004242948063
2012.098	19.7910940076965
2012.227	19.3984135710359
2011.836	19.2413413963716
2014.148	19.1628053090395
2014.94	19.1628053090395
2014.175	19.6340218330323
2011.934	19.3984135710359
2012.107	19.3198774837038
2013.496	19.476949658368
2012.025	19.5554857457001
2013.016	20.4193827063536
2014.093	20.65499096835
2014	19.2579783052979
2014.808	19.1628053090395
2014.225	19.7125579203644
2013.036	19.7910940076965
2013.496	19.6340218330323
2010.89	20.1901170555425
2012.063	19.1429021585001
2011.951	19.3198774837038
2015.107	19.2247084777813
2013.058	19.1429021585001
2013.268	19.3065405831363
2007.277	20.2623105316893
2009	19.8727515513314
2006.03	20.2654936768518
2009.03	20.2623105316893
2006.789	19.5554857457001
2009	19.5554857457001
2005.888	20.4193827063536
2016.15	18.6834844304296
2004.24	19.8518985347408
2003	20.1052383570251
2018.315	19.9481661823608
2003	19.7125579203644
2004.153	19.8696300950287
2000	20.3408466190214
2000	20.2623105316893
1999	20.1715374841169
1999	20.1052383570251
2003.099	19.5554857457001
2003.482	19.7125579203644
2004.287	20.2909948879276
2004.721	19.2716117360182
2006.236	19.7156547011232
2006.236	19.4815396700707
2008.369	19.3984135710359
2005.929	19.0057331343752
2007.31	19.0887666928515
2006.312	19.5585578509151
2012.366	19.6340218330323
2012.366	19.6340218330323
2012.366	19.6340218330323
2012.366	19.6340218330323
2011.981	19.8696300950287
2011.932	19.8696300950287
2011.882	19.7910940076965
2012.153	19.8696300950287
2011.014	19.0057331343752
2013.666	19.0872673002906
2013.329	18.6159767496662
2015.956	19.0842692217074
2015.956	19.0057331343752
2015.94	19.0842692217074
2015.882	19.0842692217074
2016.896	19.0842692217074
2015.934	19.0842692217074
2014.937	18.9271970470431
2010.915	19.3984135710359
2010.915	19.3198774837038
2012.085	18.9301704500825
2011.748	18.6915887850467
2013	18.732782369146
2013.044	18.7701248723789
2013	19.280711418903
2013	18.8055708552994
2011.748	18.848660959711
2010.915	19.3984135710359
2011.096	18.848660959711
2011.096	19.3984135710359
2011.096	19.3984135710359
2011.047	19.3984135710359
2011.096	19.3198774837038
2011.096	19.3198774837038
2011.871	19.6340218330323
2011.871	19.6340218330323
2011	20.1837744443572
2011	20.7335270556821
2011	20.1052383570251
2012.852	19.7125579203644
2012.852	19.7125579203644
2011.871	19.9481661823608
2011.871	19.9481661823608
2013.038	19.5554857457001
2013.038	19.5554857457001
2013.038	18.9065700330865
2013.038	18.9065700330865
2013.036	19.2413413963716
2013.036	19.2413413963716
2013.038	18.9065700330865
2013.038	18.9065700330865
2013.036	19.3984135710359
2013.038	19.3984135710359
2013.038	19.3984135710359
2013.038	19.3984135710359
2012.866	20.1052383570251
2012.866	20.1052383570251
2015.438	20.3408466190214
2014.008	19.6340218330323
2011.014	19.6340218330323
2011.014	19.6340218330323
2011.666	19.8696300950287
2011.871	20.1837744443572
2011.871	20.1837744443572
2011.871	20.1837744443572
2011.871	20.1837744443572
2011	19.7910940076965
2010.915	19.7910940076965
2011	20.1052383570251
2013.833	19.9481661823608
2013.038	20.1837744443572
2013.038	20.1837744443572
2012.79	19.5939565627951
2012.863	19.7125579203644
2012.863	19.7125579203644
2012.863	19.6340218330323
2012.863	19.6340218330323
2012.186	20.1052383570251
2012.011	20.0267022696929
2011	19.9165551444541
2010.915	19.8696300950287
2011	19.9481661823608
2011	20.1837744443572
2011	19.8696300950287
2011.022	19.9544347552832
2012.79	19.9544347552832
2011.175	19.8727515513314
2011.175	19.8727515513314
2010.915	19.7910940076965
2011.833	19.7910940076965
2012.085	19.7125579203644
2011.773	19.7125579203644
2011.858	19.7125579203644
2011.277	19.7125579203644
2011.277	19.7125579203644
2012	19.7910940076965
2012.904	20.1052383570251
2012.904	20.1052383570251
2012.904	20.0267022696929
2012.904	20.0267022696929
2012.904	20.1052383570251
2012.904	20.1052383570251
2012.995	20.1052383570251
2011	20.0267022696929
2010.833	19.9481661823608
2010.833	19.7684492399779
2013.885	19.5554857457001
2010	19.6371062760192
2011	20.1052383570251
2011	19.6340218330323
2008.962	19.7125579203644
2009.096	19.8696300950287
2010.915	19.9481661823608
2011.852	19.7125579203644
2011.852	19.7125579203644
2009.019	19.8758739885301
2009.019	19.8696300950287
2009.134	19.6525430390693
2009.134	19.8004242948063
2009.134	19.7910940076965
2009.134	19.7910940076965
2009.134	19.8696300950287
2009.134	19.8696300950287
2009.96	19.8696300950287
2009.96	20.0298484015395
2007	20.0267022696929
2008	21.4403518416712
2009	21.9901044529961
2012.085	19.7910940076965
2009.845	19.7910940076965
2009.03	19.3984135710359
2009.019	19.476949658368
2009.211	19.7404640188753
2013.038	20.2623105316893
2013.038	20.2623105316893
2013.036	19.7079145728643
2013.036	19.7079145728643
2013.038	19.7910940076965
2013.038	19.7910940076965
2013.038	19.7926484448633
2013.036	19.7926484448633
2013.036	19.5554857457001
2013.036	19.5554857457001
2013.036	19.7125579203644
2013.036	19.7125579203644
2009.481	20.1242040720069
2006.915	19.6371062760192
2007.962	19.2458758837392
2009.959	19.7125579203644
2009.079	19.3198774837038
2009.079	19.2413413963716
2009.627	19.2413413963716
2009.627	19.3984135710359
2008.025	19.5585578509151
2007.233	19.4029850746269
2008.809	19.4245184170226
2006.734	19.0146931719965
2007.099	19.1673212882954
2006.951	19.1733459060192
2004.954	19.5831694848604
2005.181	19.6371062760192
2005.074	19.6371062760192
2005.036	19.6371062760192
2005.216	19.3229125756029
2004.24	19.3502713757571
2003.351	19.8696300950287
2002.907	19.9528672427337
2001	19.8284680147927
2004	19.4861318456824
2008.306	19.5554857457001
2017	20.1099764336214
2016	20.0314218381775
2020.609	19.1914425043259
2001	19.7942031262273
2013.153	19.7218511825253
2012	18.8723941882502
2005.507	19.5585578509151
2005.507	19.6401916882709
2007.23	19.0872673002906
2008.73	19.0057331343752
2010.855	19.9481661823608
2008.306	19.7910940076965
2009.742	19.3984135710359
2008.254	19.8789974070873
2008.407	19.7125579203644
2009.145	19.9481661823608
2009.074	19.3984135710359
2008.287	19.7942031262273
2016.353	20.0503223777323
2011.817	19.5554857457001
2009	20.3408466190214
2010.414	19.6801003606712
2010.299	20.0721342323977
2009.668	20.1837744443572
2011.277	19.476949658368
2010.863	19.7910940076965
2009.608	19.8696300950287
2010.767	20.0267022696929
2010.014	19.606292987588
2010.592	20.0267022696929
2010.592	20.0267022696929
2017.967	20.3440421019559
2009.592	20.2623105316893
2005.679	20.1083968266436
2003	20.1083968266436
2013.162	19.0074757435979
2012.579	18.7701248723789
2006.255	18.5345166103825
2006.219	18.6130526977146
2007.907	18.6901209360766
2007.904	19.0797738693467
2014	19.476949658368
2015	19.7125579203644
2011.773	18.6915887850467
2011.044	19.0842692217074
2015.011	20.65499096835
2009.249	18.6130526977146
2014	19.3320235756385
2012.415	17.9062279117254
2014	18.6218276105917
2011.893	18.220372261054
2012.923	19.1628053090395
2012.424	18.220372261054
2011.236	18.4559805230503
2013.23	18.6130526977146
2011.973	18.3774444357182
2011.879	18.2989083483861
2011.833	18.220372261054
2011.814	18.3774444357182
2012.369	18.4559805230503
2009.09	19.1628053090395
2011.088	18.9271970470431
2012.082	19.0057331343752
2010.86	18.6915887850467
2012.087	18.3774444357182
2015	18.2547800771107
2008.074	19.0057331343752
2009.203	18.7701248723789
2005.471	19.3198774837038
2006.137	19.4045093880116
2004	19.6293969849246
2004	19.6155664093272
2005	20.2654936768518
2006	20.1052383570251
2014.816	18.4339057822593
2010.803	19.4580116590515
2010.781	19.4641449960599
2008.415	18.7390821025885
2010.085	18.5748598879103
2012	20.0267022696929
2011.466	19.5367890341894
2017.378	17.8712636406769
2019.748	18.7490152828108
2016.298	18.9306930693069
2017.337	18.4247983552111
2018.964	19.057409457536
2007	18.9244598643747
2007.252	20.4193827063536
2015.058	19.5554857457001
2014.521	18.4559805230503
2013.942	18.0428616451308
2005.912	20.3504360807732
2005.6	20.4979187936857
2004.26	20.4979187936857
2005.792	20.1052383570251
2006.693	19.8821218074656
2009.153	20.1837744443572
2006.805	19.7910940076965
2006.808	19.7910940076965
2006.792	19.3984135710359
2007.211	19.3004569087758
2006.838	20.0094532850165
2006.847	20.0882306601544
2005.855	19.6943437844651
2012.06	19.8696300950287
2007.285	19.2216795336379
2007.2	19.1429021585001
2011.619	18.7490152828108
2008.115	19.1429021585001
2008.074	19.1429021585001
2008.082	19.1429021585001
2009.942	19.2216795336379
2009.707	19.2247084777813
2012.008	18.04001890657
2012.046	18.04001890657
2010.603	18.9853474082244
2011.162	18.5914605325351
2011.688	18.6702379076729
2011.008	18.5126831573972
2011.008	18.5914605325351
2010.858	18.7490152828108
2009.058	19.5367890341894
2010.288	18.6702379076729
2010.285	18.9853474082244
2012.117	18.1975736568458
2010.729	19.1489361702128
2013.123	19.3004569087758
2009.468	18.6702379076729
2010	18.3741648106904
2010.666	18.5126831573972
2012.385	18.7490152828108
2013.389	18.7490152828108
2010.364	18.9898667517753
2010.364	19.1429021585001
2005.926	20.0094532850165
2008.519	19.0842692217074
2007.625	20.324562785568
2005.471	19.773121159603
2009.071	19.6155664093272
2008.705	19.9306759098787
2009.605	20.2457854104301
2008.667	19.3792342839137
2008.669	19.3004569087758
2007.37	19.6155664093272
2007.844	19.6943437844651
2008.672	19.2216795336379
2008.314	19.3111058563884
2007.6	20.0094532850165
2007.775	20.0882306601544
2007.77	20.0882306601544
2007.559	20.0094532850165
2007.89	19.8518985347408
2005.784	19.773121159603
2006.901	19.5367890341894
2006.271	19.3792342839137
2016.779	18.9065700330865
2017.142	18.7490152828108
2005.74	19.773121159603
2006.718	20.0094532850165
2006.704	20.0094532850165
2006.699	20.0157604412924
2006.693	20.0220715749645
2007.54	20.0267022696929
2009.211	20.1670080352923
2010.493	18.4397163120567
2011.91	18.6702379076729
2011.132	18.1975736568458
2010.841	18.1975736568458
2010.841	18.2763510319836
2010.614	19.0057331343752
2011.8	18.6915887850467
2011.545	18.6915887850467
2011.255	18.6915887850467
2011.247	18.5374283245621
2016.779	19.3984135710359
2017.219	18.0689763532092
2016.377	19.0057331343752
2016.377	19.0057331343752
2016.071	19.0842692217074
2013.811	18.9271970470431
2018.063	19.0117055542462
2017.414	19.5554857457001
2017.603	18.878313537324
2018.027	18.3017830492499
2017.888	18.848660959711
2017.252	18.6915887850467
2016.475	18.9271970470431
2016.227	18.3774444357182
2017.386	19.0842692217074
2017.197	19.0872673002906
2018.874	19.0842692217074
2018.671	19.3984135710359
2018.077	19.6340218330323
2018.786	19.7910940076965
2018.948	19.476949658368
2018.863	19.2413413963716
2018.784	19.5554857457001
2017.953	19.3198774837038
2018.819	19.3984135710359
2018.91	19.3984135710359
2018.825	19.8082062568778
2017.693	18.6915887850467
2010.027	19.773121159603
2012.12	18.5345166103825
2009.132	18.7490152828108
2011.658	18.4559805230503
2011.455	19.1429021585001
2012.12	19.2216795336379
2012.194	18.9065700330865
2012.063	18.6702379076729
2011.504	18.7490152828108
2011.392	19.0641247833622
2012.033	18.9853474082244
2011.238	19.0641247833622
2011.912	18.3551284071215
2012.178	18.8277926579486
2010.89	19.0671289000945
2012.093	20.65499096835
2012.798	20.4193827063536
2013.595	20.1837744443572
2014.904	20.3408466190214
2014.956	19.9481661823608
2012.312	20.2623105316893
2011.951	19.1429021585001
2012.216	18.7701248723789
2010	19.0641247833622
2010.699	19.1429021585001
2011.879	19.0641247833622
2010.641	19.1429021585001
2012.24	18.5914605325351
2012	18.7100339464751
2012	18.9065700330865
2007.356	19.5367890341894
2006.186	19.773121159603
2006.178	19.5429472025217
2006.082	19.3034982666246
2006.929	19.0641247833622
2006.923	19.0641247833622
2010.148	19.2216795336379
2009.838	19.2247084777813
2006.953	19.0972222222222
2006.66	18.9883391112512
2006.03	18.6761229314421
2012.754	19.3004569087758
2009.233	19.2216795336379
2006.693	18.6702379076729
2008.246	19.0947666195191
2009.268	19.1628053090395
2009.266	19.1628053090395
2009.263	19.0842692217074
2009.26	19.1628053090395
2009.189	19.1628053090395
2009.759	18.5345166103825
2008.746	19.2413413963716
2011.945	18.6915887850467
2011.797	18.5345166103825
2010.685	18.6130526977146
2011.973	18.7701248723789
2011.238	18.5432544983107
2011.066	18.9271970470431
2009.397	18.7701248723789
2010.479	19.0057331343752
2011.663	18.5345166103825
2011.005	18.8516220249784
2011.184	18.6130526977146
2014.942	18.848660959711
2010.556	18.848660959711
2010.556	18.7701248723789
2011.247	18.5345166103825
2011.682	18.5374283245621
2009	19.0872673002906
2010.71	18.7490152828108
2010.71	18.8277926579486
2008.328	19.2413413963716
2011.616	18.7701248723789
2008.194	19.0641247833622
2010.685	18.8307595335644
2009.214	19.3792342839137
2011.392	20.1837744443572
2011.085	20.3440421019559
2012.771	19.6340218330323
2011.449	19.6340218330323
2012.292	18.1418361737218
2013.233	19.5554857457001
2012.025	20.0298484015395
2010.893	19.9935763610085
2011.263	19.0872673002906
2017.66	18.8516220249784
2016.74	18.9271970470431
2011.493	18.9984101748808
2014.512	20.1083968266436
2013.964	20.0267022696929
2011.496	18.6915887850467
2013.71	18.6915887850467
2011.027	18.5403409537277
2013.06	19.5631678189818
2012.601	19.2413413963716
2015.762	18.6915887850467
2016.432	18.5345166103825
2017.866	19.2443641504988
2017.584	18.2989083483861
2016.667	19.6340218330323
2018.005	18.9271970470431
2018.488	19.7125579203644
2018.003	19.7125579203644
2018.614	19.2413413963716
2017.885	19.1688270877524
2018.266	18.7490152828108
2016.91	18.9271970470431
2011.677	19.0872673002906
2014.189	18.848660959711
2018.46	19.3198774837038
2017.063	19.1628053090395
2016.15	19.5554857457001
2017.392	19.0842692217074
2012.773	17.9062279117254
2017.367	17.9875893488336
2010.953	19.6340218330323
2012.702	19.3984135710359
2018.521	19.2413413963716
2019	18.9331447874931
2017.312	19.0087188751866
2017.052	19.0842692217074
2017.964	19.3198774837038
2017.704	19.1628053090395
2018.118	18.9271970470431
2018	18.9021028589431
2015.652	19.0872673002906
2015.041	19.476949658368
2015.825	19.2413413963716
2016.915	19.0842692217074
2015.397	19.3229125756029
2015.186	19.476949658368
2016	18.7701248723789
2011.647	19.1628053090395
2012.052	19.5647049579634
2007	20.1837744443572
2011.096	19.9637023593466
2013.285	18.9301704500825
2010.874	19.8696300950287
2011.34	18.9271970470431
2014.896	20.1869452517477
2015.323	20.4979187936857
2018.044	19.9512999764355
2017.156	20.1837744443572
2018.37	20.1052383570251
2018.332	20.1052383570251
2016.09	20.8120631430142
2016.74	20.65499096835
2012.279	19.5508793969849
2011.912	18.6702379076729
2011.162	19.0842692217074
2010.756	19.2413413963716
2012.795	19.1628053090395
2010.033	19.3984135710359
2014	18.85458402074
2012.314	19.6155664093272
2006	19.421292656078
2005.66	20.0267022696929
2005	19.7942031262273
2008.672	18.9271970470431
2008.653	19.2413413963716
2011.696	18.6130526977146
2008.038	19.0842692217074
2017.543	18.2119205298013
2017.858	19.452791396489
2010.978	18.6702379076729
2012	19.9481661823608
2013	20.0267022696929
2014	20.0267022696929
2015	19.4580116590515
2014	18.9390962671906
2011.918	18.4070187510752
2013.082	19.0842692217074
2014	19.1628053090395
2014	18.4559805230503
2016	18.5461689587426
2017.351	18.1418361737218
2014	18.6915887850467
2013	18.458879899458
2013	18.6915887850467
2013	18.7730735998743
2015	19.3984135710359
2012.582	19.6340218330323
2010.923	19.1628053090395
2013	17.9062279117254
2013	18.3803314743539
2013	19.0842692217074
2014	18.1646614767634
2013	19.2413413963716
2014	18.2989083483861
2011.085	19.2124483963163
2015.805	19.7409981048642
2007.636	19.5554857457001
2005.951	19.3984135710359
2005.529	19.3198774837038
2005.526	19.3984135710359
2003	20.2218899992132
2003	19.6943437844651
2016	19.2413413963716
2015	19.0842692217074
1992	20.8120631430142
1995	20.3808624488511
1983	22.2431816395504
1985	21.9408619062598
1981.129	21.5974240163355
1992	21.6211966349556
1984	21.4325112284296
1981.112	21.3618157543391
1979.932	20.8905992303463
1979.932	21.0509779278925
