2018.542	20.2314413917972
2018.542	20.4676060773046
2017.507	20.4676060773046
2017.507	20.2314413917972
2017.507	20.310162953633
2017.507	20.310162953633
2017.507	20.3888845154688
2017.507	20.4676060773046
2017.507	20.4676060773046
2017.507	20.4676060773046
2017.507	20.4676060773046
2017.507	20.310162953633
2017.507	20.4676060773046
2017.507	20.4676060773046
2017.507	20.310162953633
2017.507	20.310162953633
2017.507	20.3888845154688
2017.507	20.3888845154688
2017.507	20.310162953633
2017.507	20.310162953633
2017.507	20.310162953633
2017.507	20.310162953633
2017.507	20.3888845154688
2017.507	20.3888845154688
2017.507	20.310162953633
2017.507	20.310162953633
2017.507	20.3888845154688
2017.507	20.3888845154688
2018.096	20.3888845154688
2018.096	20.310162953633
2018.096	20.310162953633
2018.096	20.2314413917972
2018.096	20.2314413917972
2018.096	20.2314413917972
2018.096	20.2314413917972
2018.096	20.310162953633
2018.096	20.3888845154688
2018.096	20.2314413917972
2018.096	20.1527198299614
2018.096	20.2314413917972
2018.096	20.2314413917972
2018.096	20.2314413917972
2018.096	20.310162953633
2018.096	20.2314413917972
2018.096	20.2314413917972
2018.096	20.2314413917972
2018.096	20.310162953633
2018.096	20.2314413917972
2018.096	20.2314413917972
2018.096	20.2314413917972
2018.096	20.2314413917972
2018.096	20.310162953633
2018.096	20.1527198299614
2018.096	20.2314413917972
2018.096	20.2314413917972
2018.096	20.1527198299614
2018.096	20.2314413917972
2018.096	20.2314413917972
2018.096	20.2314413917972
2018.096	20.2314413917972
2018.096	20.2314413917972
2018.096	20.2314413917972
2018.096	20.2314413917972
2018.096	20.3888845154688
2018.096	20.310162953633
2018.096	20.310162953633
2018.096	20.2314413917972
2018.096	20.2314413917972
2018.096	20.310162953633
2018.096	20.310162953633
2018.096	20.155893236753
2018.096	20.1527198299614
2018.096	20.1527198299614
2018.096	20.1527198299614
2018.096	20.2314413917972
2018.096	20.1527198299614
2018.096	20.2314413917972
2007	21.3385826771654
2015.03	21.2850134514955
2006.329	21.1811023622047
2007.754	21.259842519685
2010.915	21.3385826771654
2012.735	21.3385826771654
2012.814	21.4173228346457
2012.776	21.496062992126
2012.749	21.1811023622047
2012.831	21.259842519685
2012.831	21.1811023622047
2012.008	21.1811023622047
2012.008	21.2047435796749
2012.008	21.1811023622047
2012.831	21.1023622047244
2011.937	21.1811023622047
2012.831	21.259842519685
2012.008	21.0476714050106
2012.008	20.9448818897638
2012.008	20.9448818897638
2012.831	21.1811023622047
2014.866	21.1023622047244
2016.915	20.7086614173228
2017.126	21.4173228346457
2010.973	20.8661417322835
2013.079	21.1023622047244
2013.156	21.1023622047244
2013.274	21.0236220472441
2016.071	20.6299212598425
2014.46	21.259842519685
2018.329	21.1023622047244
2017.479	20.7086614173228
2017.329	20.4676060773046
2016.956	20.7315150559672
2017.052	20.8661417322835
2016.071	20.9448818897638
2015.959	20.2362204724409
2016.109	20
2016.339	19.9212598425197
2016.915	20.3937007874016
2017.321	20.1574803149606
2012.814	20.9448818897638
2012.929	20.8661417322835
2015.345	20.8661417322835
2013.074	20.8333333333333
2012.964	20.7874015748032
2013.079	20.7874015748032
2012.929	20.9448818897638
2012.85	20.8661417322835
2013.079	21.1811023622047
2013.693	21.1811023622047
2013.195	21.1023622047244
2015.348	20.7086614173228
2015.34	20.7086614173228
2013.885	20.9448818897638
2013.655	21.1811023622047
2013.351	21.1023622047244
2013.619	21.0236220472441
2013.463	21.259842519685
2013.23	21.0236220472441
2013.236	21.1811023622047
2013.351	21.259842519685
2013.23	21.1811023622047
2013.23	21.1811023622047
2013.463	21.1811023622047
2013.962	21.3385826771654
2016.221	21.0236220472441
2015.282	21.0476714050106
2014.94	21.1262074923427
2015.345	21.1262074923427
2015.033	21.1262074923427
2017.299	21.1262074923427
2016.399	21.3618157543391
2016.609	21.283279667007
2016.383	21.3618157543391
2016.552	21.0476714050106
2016.609	21.1262074923427
2016.762	21.283279667007
2018.022	21.1262074923427
2017.167	21.5188879290034
2014.633	21.4403518416712
2014.595	21.496062992126
2013.351	21.1811023622047
2013.236	21.1811023622047
2012.964	20.9448818897638
2013.079	20.9448818897638
2012.964	20.9448818897638
2013.195	20.9448818897638
2013.543	21.0236220472441
2013.543	20.8661417322835
2013.501	20.9448818897638
2013.463	20.9448818897638
2013.195	21.0236220472441
2013.351	20.8661417322835
2013.463	20.7086614173228
2013.389	20.7086614173228
2013.619	20.8661417322835
2011.334	20.8661417322835
2015.227	20.5511811023622
2015.227	20.9448818897638
2012.792	21.259842519685
2012.792	21.3385826771654
2016.803	21.3385826771654
2017.318	21.259842519685
2016.664	21.3385826771654
2016.342	21.1811023622047
2012.317	21.3385826771654
2010.932	21.578201291542
2011.937	21.4173228346457
2012.831	21.4173228346457
2011.937	21.496062992126
2016.033	21.4173228346457
2013.773	20.8661417322835
2014.052	20.8661417322835
2012.511	21.1023622047244
2012.317	21.1023622047244
2012.451	20.8661417322835
2012.085	21.1023622047244
2012.929	21.1811023622047
2012.776	21.1023622047244
2012.107	21.1811023622047
2012.087	21.1811023622047
2012.415	20.9448818897638
2012.926	21.1811023622047
2016.798	21.4173228346457
2017.564	22.992125984252
2012.309	20.6299212598425
2013.151	21.1023622047244
2012.664	21.1023622047244
2012.664	21.1811023622047
2012.664	21.1811023622047
2012.664	21.1811023622047
2012.664	21.1811023622047
2012.664	21.1023622047244
2012.664	21.1023622047244
2012.664	21.1811023622047
2012.664	21.1811023622047
2012.907	21.1023622047244
2012.664	21.1023622047244
2012.664	21.1023622047244
2012.664	21.1023622047244
2012.664	21.1023622047244
2012.664	21.1023622047244
2012.664	21.1023622047244
2012.568	21.1023622047244
2012.664	21.1023622047244
2012.664	21.1023622047244
2012.664	21.1056859347929
2013.151	21.1811023622047
2013.137	21.1811023622047
2013.151	21.1811023622047
2013.137	21.1811023622047
2013.137	21.1811023622047
2013.151	21.259842519685
2013.151	21.1023622047244
2013.137	21.1811023622047
2013.137	21.1811023622047
2013.137	21.1811023622047
2013.151	21.3385826771654
2013.137	21.259842519685
2013.137	21.1811023622047
2013.137	21.1811023622047
2013.137	21.1811023622047
2013.137	21.1811023622047
2013.137	21.1811023622047
2013.137	21.259842519685
2013.137	21.1811023622047
2012.664	21.1023622047244
2013.137	21.1023622047244
2012.664	21.0236220472441
2012.664	21.1023622047244
2013.151	21.1023622047244
2013.137	21.1023622047244
2012.369	21.259842519685
2013.121	21.6535433070866
2013.729	21.259842519685
2012.292	21.1811023622047
2012.183	21.4173228346457
2012.183	21.3385826771654
2010.992	21.1256503231909
2008.41	21.0236220472441
2009.137	21.259842519685
2012.221	20.7086614173228
2009.386	21.5748031496063
2015.156	21.3419436131674
2010.159	20.9448818897638
2012.801	21.496062992126
2012.907	21.496062992126
2012.929	21.496062992126
2011.8	20.6299212598425
2012.249	20.5511811023622
2017.299	20.9448818897638
2016.893	20.9448818897638
2017.041	20.9448818897638
2013.545	21.0236220472441
2017.301	21.4173228346457
2017.375	20.3149606299213
2014.167	21.259842519685
2011.915	21.4173228346457
2014.693	20.7874015748032
2016.798	20.6299212598425
2017.932	20.4724409448819
2017.326	20.5511811023622
2016.686	20.5511811023622
2005	21.1811023622047
2005.417	21.259842519685
2005	21.259842519685
2005.526	20.711923137502
2009.252	20.6299212598425
2006.145	21.0236220472441
2009.405	20.872715816005
2006.984	20.9448818897638
2007.789	20.7874015748032
2007	21.1844384942511
2005.773	21.4173228346457
2005.764	21.4173228346457
2012.806	21.496062992126
2005.052	20.9448818897638
2006.491	21.0236220472441
2009.496	20.3937007874016
2005.381	21.259842519685
2005.304	21.3385826771654
2005.066	21.259842519685
2005.066	21.259842519685
2008.459	20.6299212598425
2008.459	20.7086614173228
2013.926	20.6396722861194
2015.082	20.9547817866709
2015.082	20.9547817866709
2015.082	20.9547817866709
2015.082	20.9547817866709
2015.082	20.9547817866709
2015.082	20.9547817866709
2015.082	20.876004411533
2015.082	20.9547817866709
2015.082	20.9547817866709
2015.082	20.9547817866709
2015.082	20.9547817866709
2015.082	20.9547817866709
2015.082	20.9547817866709
2015.082	20.9547817866709
2015.082	20.9547817866709
2015.082	20.9547817866709
2015.082	20.9547817866709
2015.082	20.9547817866709
2015.082	20.9547817866709
2015.082	20.9547817866709
2015.082	21.0335591618087
2015.082	20.9547817866709
2015.082	20.9547817866709
2015.082	20.9547817866709
2015.082	20.9547817866709
2015.082	21.0335591618087
2015.082	20.9547817866709
2015.082	20.9547817866709
2015.082	20.9547817866709
2015.082	20.7972270363951
2015.082	20.7972270363951
2015.082	20.7972270363951
2015.082	20.7972270363951
2015.082	20.7972270363951
2015.082	20.7972270363951
2015.082	20.7972270363951
2015.082	20.7972270363951
2015.082	20.7972270363951
2015.082	20.876004411533
2015.515	20.7972270363951
2015.932	20.5608949109816
2015.932	20.5608949109816
2015.932	20.5608949109816
2015.932	20.5608949109816
2015.932	20.5608949109816
2015.932	20.5608949109816
2015.932	20.5608949109816
2015.932	20.5608949109816
2015.932	20.5608949109816
2015.932	20.5608949109816
2015.932	20.5608949109816
2015.932	20.4821175358437
2015.934	20.4821175358437
2015.932	20.7184496612573
2015.934	20.7184496612573
2015.934	20.6396722861194
2015.934	20.6396722861194
2015.934	20.7184496612573
2015.934	20.7184496612573
2015.934	20.6396722861194
2015.932	20.6396722861194
2015.932	20.6396722861194
2015.932	20.6396722861194
2015.932	20.6396722861194
2015.932	20.6396722861194
2015.932	20.6396722861194
2015.932	20.6396722861194
2015.932	20.6396722861194
2015.932	20.7184496612573
2015.932	20.5608949109816
2015.934	20.7184496612573
2014.534	20.5608949109816
2014.534	20.5608949109816
2014.534	20.5608949109816
2014.534	20.5608949109816
2014.534	20.5608949109816
2014.534	20.4821175358437
2014.534	20.5608949109816
2014.534	20.5608949109816
2014.534	20.7184496612573
2014.534	20.5608949109816
2014.534	20.5608949109816
2014.534	20.4821175358437
2014.534	20.4821175358437
2014.534	20.5608949109816
2014.534	20.5608949109816
2014.534	20.5608949109816
2014.534	20.5608949109816
2014.534	20.4033401607058
2014.534	20.5608949109816
2014.534	20.5608949109816
2014.534	20.4821175358437
2014.534	20.4821175358437
2014.534	20.4821175358437
2013.926	20.6396722861194
2013.926	20.7184496612573
2013.926	20.7184496612573
2013.926	20.7184496612573
2012	20.7906756969602
2012	20.711923137502
2017.986	21.578201291542
2017.052	21.1023622047244
2012.309	21.4173228346457
2013.121	21.3385826771654
2013.195	21.3385826771654
2013.389	21.496062992126
2013.619	21.4173228346457
2013.926	21.496062992126
2013.811	21.496062992126
2013.773	21.496062992126
2013.693	21.4173228346457
2013.885	21.496062992126
2013.849	21.5748031496063
2014.422	21.8110236220472
2014.173	21.5748031496063
2013.619	21.1023622047244
2015.055	20.4724409448819
