2018.542	0.429918388347042
2018.542	0.434337477137024
2017.507	0.432409067273923
2017.507	0.428249327884847
2017.507	0.429742034536797
2017.507	0.429707876178052
2017.507	0.431373410581843
2017.507	0.43286419157765
2017.507	0.43286419157765
2017.507	0.43286419157765
2017.507	0.43286419157765
2017.507	0.429707876178052
2017.507	0.43286419157765
2017.507	0.43286419157765
2017.507	0.430228944742537
2017.507	0.430228944742537
2017.507	0.431756454531618
2017.507	0.431756454531618
2017.507	0.430228944742537
2017.507	0.430228944742537
2017.507	0.430228944742537
2017.507	0.430228944742537
2017.507	0.431931042665274
2017.507	0.431756454531618
2017.507	0.430089441193658
2017.507	0.430228944742537
2017.507	0.431756454531618
2017.507	0.431756454531618
2018.096	0.43147923798739
2018.096	0.429639913259098
2018.096	0.429606108589551
2018.096	0.428008433306183
2018.096	0.428252638147742
2018.096	0.428113595083408
2018.096	0.428252638147742
2018.096	0.429779406737429
2018.096	0.431131270859981
2018.096	0.428219032940882
2018.096	0.426171048981996
2018.096	0.427974642277474
2018.096	0.428113595083408
2018.096	0.428113595083408
2018.096	0.429572421707403
2018.096	0.427940968633778
2018.096	0.427974642277474
2018.096	0.427974642277474
2018.096	0.429606108589551
2018.096	0.428113595083408
2018.096	0.428147351979765
2018.096	0.428113595083408
2018.096	0.427974642277474
2018.096	0.429606108589551
2018.096	0.426481408975953
2018.096	0.428391771558446
2018.096	0.427835779642082
2018.096	0.426653585564155
2018.096	0.427974642277474
2018.096	0.428286360860278
2018.096	0.428113595083408
2018.096	0.428113595083408
2018.096	0.428147351979765
2018.096	0.427974642277474
2018.096	0.428391771558446
2018.096	0.431237431093866
2018.096	0.429466671358591
2018.096	0.429500510302168
2018.096	0.428181226375746
2018.096	0.428008433306183
2018.096	0.429639913259098
2018.096	0.429952844754676
2018.096	0.426792154395419
2018.096	0.42661987696588
2018.096	0.42661987696588
2018.096	0.426481408975953
2018.096	0.428320201132765
2018.096	0.42661987696588
2018.096	0.428147351979765
2007	0.443137938840592
2015.03	0.445359245758549
2006.329	0.438162440802888
2007.754	0.441253531192525
2010.915	0.445856672176541
2012.735	0.445576782374344
2012.814	0.447010184353303
2012.776	0.448752604862579
2012.749	0.442916354199231
2012.831	0.444673952346232
2012.831	0.443281923750672
2012.008	0.443393281368354
2012.008	0.444219298612171
2012.008	0.443537474305384
2012.831	0.441921183825883
2011.937	0.443360695718574
2012.831	0.4448969486308
2012.008	0.440215539114273
2012.008	0.438688229839533
2012.008	0.438338259173527
2012.831	0.443249182154389
2014.866	0.440706994375266
2016.915	0.434650124112628
2017.126	0.450405194432738
2010.973	0.436640745937222
2013.079	0.441765708606023
2013.156	0.441622417750167
2013.274	0.440150422057659
2016.071	0.434844841201561
2014.46	0.445979488764125
2018.329	0.44494795983838
2017.479	0.437468844393007
2017.329	0.432942056468951
2016.956	0.436167058353134
2017.052	0.437836973302507
2016.071	0.441694233845401
2015.959	0.430820023968961
2016.109	0.426124961409675
2016.339	0.423583887305927
2016.915	0.429845167707899
2017.321	0.426787550803892
2012.814	0.438370754032147
2012.929	0.437563053577031
2015.345	0.438450241176952
2013.074	0.437146428155816
2012.964	0.435705254484434
2013.079	0.436369708344712
2012.929	0.438896168439696
2012.85	0.436929657409582
2013.079	0.44278471560072
2013.693	0.442596051653794
2013.195	0.441490601314848
2015.348	0.437699698422743
2015.34	0.437666360697732
2013.885	0.439950784783564
2013.655	0.444023521759475
2013.351	0.441138675765773
2013.619	0.440194420579019
2013.463	0.4448969486308
2013.23	0.440337433711111
2013.236	0.443137954304829
2013.351	0.444319347918523
2013.23	0.443027011781986
2013.23	0.443203868872518
2013.463	0.443946185021486
2013.962	0.446565952277221
2016.221	0.444680199645559
2015.282	0.44265830085377
2014.94	0.444132499940399
2015.345	0.445031293416861
2015.033	0.444564815806662
2017.299	0.447554178160924
2016.399	0.450140617243939
2016.609	0.448777196913889
2016.383	0.450783468625233
2016.552	0.442956831745587
2016.609	0.44392179998981
2016.762	0.448108409146431
2018.022	0.446706436757959
2017.167	0.454462205361502
2014.633	0.448384667890861
2014.595	0.451065594305834
2013.351	0.44331478509266
2013.236	0.443093237727265
2012.964	0.438009604926856
2013.079	0.438863424819501
2012.964	0.438753669683709
2013.195	0.438184598776208
2013.543	0.440612245268956
2013.543	0.435699501419762
2013.501	0.437343650481723
2013.463	0.437452870952096
2013.195	0.439667872229044
2013.351	0.436310181494765
2013.463	0.433849440841892
2013.389	0.434543045063862
2013.619	0.438132426450911
2011.334	0.436072757975027
2015.227	0.4324812198318
2015.227	0.440666384628691
2012.792	0.445668960177555
2012.792	0.447141512872409
2016.803	0.449500997431284
2017.318	0.448819538702966
2016.664	0.449514717947482
2016.342	0.446295943299465
2012.317	0.444260180186326
2010.932	0.44941995770135
2011.937	0.446525543522389
2012.831	0.446525543522389
2011.937	0.447989337430382
2016.033	0.447722081677976
2013.773	0.433326766762941
2014.052	0.433295786991523
2012.511	0.438722276505863
2012.317	0.437681005279979
2012.451	0.433032248142293
2012.085	0.438454612240844
2012.929	0.44055128140907
2012.776	0.437743297165826
2012.107	0.440470781943295
2012.087	0.439661977202105
2012.415	0.435779787096174
2012.926	0.441094100906346
2016.798	0.441917880297344
2017.564	0.471072194095673
2012.309	0.431029491904656
2013.151	0.438994452433404
2012.664	0.438708834702478
2012.664	0.4403148589479
2012.664	0.440028475299803
2012.664	0.4403148589479
2012.664	0.440520133305948
2012.664	0.438851597095808
2012.664	0.438708834702478
2012.664	0.4403148589479
2012.664	0.440171620542256
2012.907	0.439025330903051
2012.664	0.438882511992543
2012.664	0.438994452433404
2012.664	0.438708834702478
2012.664	0.438882511992543
2012.664	0.438678000736197
2012.664	0.438708834702478
2012.568	0.438994452433404
2012.664	0.438739785972382
2012.664	0.438851597095808
2012.664	0.439311294038007
2013.151	0.440489103055121
2013.137	0.440489103055121
2013.151	0.440632491435021
2013.137	0.441032451612417
2013.137	0.440489103055121
2013.151	0.441982781230109
2013.151	0.438994452433404
2013.137	0.440888746023752
2013.137	0.440489103055121
2013.137	0.441176250911932
2013.151	0.443444271996102
2013.137	0.442126609014433
2013.137	0.440520133305948
2013.137	0.440489103055121
2013.137	0.441350835894485
2013.137	0.440489103055121
2013.137	0.440489103055121
2013.137	0.441982781230109
2013.137	0.440489103055121
2012.664	0.438708834702478
2013.137	0.439025330903051
2012.664	0.436960596211856
2012.664	0.43891354430346
2013.151	0.439025330903051
2013.137	0.439168242794621
2012.369	0.443022469915218
2013.121	0.450977991579457
2013.729	0.447827017554261
2012.292	0.440335717881592
2012.183	0.445031805600346
2012.183	0.44425857653016
2010.992	0.438882950209342
2008.41	0.436125836434033
2009.137	0.443883170830144
2012.221	0.430370169735258
2009.386	0.446963424941516
2015.156	0.448082048918872
2010.159	0.436928703248031
2012.801	0.446967812078477
2012.907	0.44682203001322
2012.929	0.447083227984583
2011.8	0.427296788369409
2012.249	0.424748227903265
2017.299	0.438501918604259
2016.893	0.434121012321676
2017.041	0.43468627405647
2013.545	0.432492880857009
2017.301	0.444020523543644
2017.375	0.428262780561699
2014.167	0.441121775812128
2011.915	0.447130786446364
2014.693	0.439804413678941
2016.798	0.437869983570637
2017.932	0.434115864970584
2017.326	0.436341693191357
2016.686	0.425617137561311
2005	0.437656652789164
2005.417	0.437992023324805
2005	0.437944031913465
2005.526	0.428263939528402
2009.252	0.426574442653812
2006.145	0.436047867200576
2009.405	0.432641219673199
2006.984	0.434383989562894
2007.789	0.430902072677716
2007	0.438665057479251
2005.773	0.44112504098249
2005.764	0.440982466631817
2012.806	0.445835129286012
2005.052	0.433477597924874
2006.491	0.435641892356371
2009.496	0.422559402137717
2005.381	0.438448494866613
2005.304	0.440990896268995
2005.066	0.438763561755708
2005.066	0.438905694428774
2008.459	0.432291794732735
2008.459	0.43391051570689
2013.926	0.431260308213038
2015.082	0.437354156406904
2015.082	0.437354156406904
2015.082	0.437354156406904
2015.082	0.437354156406904
2015.082	0.437354156406904
2015.082	0.437180534272562
2015.082	0.43599400303011
2015.082	0.437354156406904
2015.082	0.437354156406904
2015.082	0.437354156406904
2015.082	0.437354156406904
2015.082	0.437354156406904
2015.082	0.437354156406904
2015.082	0.437354156406904
2015.082	0.437354156406904
2015.082	0.437527916500828
2015.082	0.437354156406904
2015.082	0.437354156406904
2015.082	0.437354156406904
2015.082	0.437354156406904
2015.082	0.438855395324654
2015.082	0.437354156406904
2015.082	0.437354156406904
2015.082	0.437354156406904
2015.082	0.437354156406904
2015.082	0.438824070115692
2015.082	0.437496663463407
2015.082	0.437354156406904
2015.082	0.437354156406904
2015.082	0.434065779291063
2015.082	0.434804753769933
2015.082	0.434694011912098
2015.082	0.434521308689248
2015.082	0.434694011912098
2015.082	0.434379724685114
2015.082	0.434662985020741
2015.082	0.434694011912098
2015.082	0.434694011912098
2015.082	0.436309435721577
2015.515	0.434929419918383
2015.932	0.430719411261337
2015.932	0.430719411261337
2015.932	0.430578974544264
2015.932	0.430859939617377
2015.932	0.430859939617377
2015.932	0.430719411261337
2015.932	0.430890944280557
2015.932	0.431031528601692
2015.932	0.431031528601692
2015.932	0.430890944280557
2015.932	0.430548014758646
2015.932	0.429520203903805
2015.934	0.429380066806284
2015.932	0.433564412380365
2015.934	0.433705776714366
2015.934	0.432432112610708
2015.934	0.432259897512098
2015.934	0.433391952391351
2015.934	0.433564412380365
2015.934	0.432291209348209
2015.932	0.432432112610708
2015.932	0.432432112610708
2015.932	0.431947028449046
2015.932	0.432400836507048
2015.932	0.432604464987197
2015.932	0.432400836507048
2015.932	0.432432112610708
2015.932	0.432400836507048
2015.932	0.433391952391351
2015.932	0.430890944280557
2015.934	0.433737009678287
2014.534	0.430004039856516
2014.534	0.429833267799384
2014.534	0.429723632918233
2014.534	0.429723632918233
2014.534	0.429723632918233
2014.534	0.428077182217397
2014.534	0.429723632918233
2014.534	0.429723632918233
2014.534	0.432703482252525
2014.534	0.429863790658911
2014.534	0.429583566545052
2014.534	0.428247324181712
2014.534	0.428356514799594
2014.534	0.429754307231278
2014.534	0.4301749476625
2014.534	0.429693074300428
2014.534	0.429583566545052
2014.534	0.426600219088705
2014.534	0.429583566545052
2014.534	0.429552972222078
2014.534	0.428867680091718
2014.534	0.428697156163252
2014.534	0.428526767786398
2013.926	0.432056705320015
2013.926	0.431968514030449
2013.926	0.431595166827687
2013.926	0.432188563392248
2012	0.437770058379944
2012	0.435936974051869
2017.986	0.453866694817012
2017.052	0.443379330299987
2012.309	0.446154896148871
2013.121	0.44654471510721
2013.195	0.445623800044755
2013.389	0.449091172683325
2013.619	0.447511569071221
2013.926	0.449906826506677
2013.811	0.449627935041114
2013.773	0.449774155507794
2013.693	0.447075822655378
2013.885	0.449904144331927
2013.849	0.451111032377846
2014.422	0.455901750422661
2014.173	0.450491658950369
2013.619	0.444090865211855
2015.055	0.430205918860072
