2012.199	20.8661417322835
2013.044	20.8661417322835
2012.199	20.8661417322835
2013.044	20.5511811023622
2013.003	20.5511811023622
2012.219	20.5511811023622
2012.219	20.5511811023622
2013.025	20.5511811023622
2013.118	20.5511811023622
2013.044	20.5511811023622
2013.044	20.5511811023622
2013.044	20.5511811023622
2012.199	20.5764548810178
2011.937	20.8661417322835
2011.89	20.6299212598425
2011.89	20.6299212598425
2013.025	20.6299212598425
2013.044	20.4724409448819
2013.044	20.8661417322835
2013.044	20.7086614173228
2013.003	20.6299212598425
2012.219	20.5511811023622
2013.044	20.5511811023622
2012.519	20.9448818897638
2012.24	20.8661417322835
2013.044	20.8661417322835
2013.044	20.8661417322835
2013.044	20.8661417322835
2013.003	20.9448818897638
2013.025	20.9448818897638
2013.044	20.8661417322835
2012.219	20.9448818897638
2013.044	20.9448818897638
2013.063	20.9448818897638
2013.044	21.0236220472441
2012.519	20.9448818897638
2012.24	21.0236220472441
2011.89	20.8661417322835
2012.577	20.8661417322835
2012.519	20.8661417322835
2012.577	20.9448818897638
2012.664	20.9448818897638
2013.118	20.8661417322835
2013.104	20.8661417322835
2013.118	20.9448818897638
2012.664	20.8694282564183
2012.24	20.9448818897638
2012.219	20.9448818897638
2013.044	20.9448818897638
2013.025	20.9448818897638
2013.025	20.9448818897638
2013.044	20.9448818897638
2013.044	20.9448818897638
2013.044	20.8661417322835
2013.082	20.8661417322835
2012.519	20.9448818897638
2013.044	20.9448818897638
2013.063	20.9448818897638
2012.219	20.8661417322835
2012.664	21.0236220472441
2013.118	21.0236220472441
2012.664	21.1023622047244
2012.664	21.0236220472441
2012.156	20.6299212598425
2016.642	20.7874015748032
2016.011	21.0236220472441
2016.046	20.8661417322835
2017.414	21.0236220472441
2017.545	20.9448818897638
2017.545	20.9448818897638
2017.414	20.9448818897638
2017.792	21.1811023622047
2017.581	21.0236220472441
2017.581	21.1023622047244
2017.529	20.9448818897638
2017.529	20.9448818897638
2017.414	20.9448818897638
2017.414	20.9448818897638
2017.414	20.9448818897638
2017.414	20.9448818897638
2017.414	20.9448818897638
2017.414	20.9448818897638
2017.414	20.9448818897638
2017.414	20.9448818897638
2017.414	20.9448818897638
2017.414	20.8661417322835
2017.414	20.8661417322835
2017.414	20.9448818897638
2017.414	20.9448818897638
2017.414	20.9448818897638
2017.414	20.9448818897638
2017.414	20.9448818897638
2017.414	20.9448818897638
2017.414	20.9448818897638
2017.414	20.9448818897638
2017.414	20.9448818897638
2017.414	20.9448818897638
2017.414	20.9448818897638
2017.414	20.9448818897638
2017.414	20.9448818897638
2017.414	20.9448818897638
2017.414	20.9448818897638
2017.414	20.9448818897638
2017.414	20.8661417322835
2017.496	20.9448818897638
2017.496	20.9448818897638
2017.496	20.9448818897638
2017.833	20.9448818897638
2017.581	20.8661417322835
2017.414	20.9448818897638
2017.414	20.9448818897638
2017.496	21.0236220472441
2017.496	20.9448818897638
2018.082	20.6299212598425
2017.926	20.7874015748032
2017.868	20.7874015748032
2016.148	21.1023622047244
2017.197	20.9547817866709
2017.773	20.3149606299213
2019.334	20.3149606299213
2020.32	20.2441906262308
2018.581	20.4724409448819
2018.581	20.4724409448819
2020.686	20.3969128996692
2020.344	20.3149606299213
2020.328	20.6299212598425
2019.726	20.3165603590834
2019.792	20.3937007874016
2020.32	20.3181603402111
2019.786	20.8661417322835
2017.77	20.9481808158765
2017.175	20.6299212598425
2017.986	20.6299212598425
2018.595	20.2362204724409
2017.688	20.7086614173228
2017.66	20.7217144658052
2016.314	20.9448818897638
2016.59	20.879294043492
2016.607	20.8661417322835
2016.803	20.8661417322835
2016.915	21.0236220472441
2017.775	20.9448818897638
2016.262	20.9448818897638
2016.331	21.1811023622047
2016.331	21.1811023622047
2018.26	20.8661417322835
2019.463	20.7874015748032
2019.718	20.3937007874016
2021.189	20.8694282564183
2020.921	20.9514807813485
2020.251	20.7874015748032
2020.836	20.9597352454495
2020.59	20.9514807813485
2020.459	21.1056859347929
2020.631	20.8661417322835
2021.123	20.7972270363951
2020.806	20.7086614173228
2019.43	20.6299212598425
2019.43	20.6299212598425
2019.43	20.711923137502
2019.43	20.7086614173228
2019.43	20.7086614173228
2019.43	20.7086614173228
2019.43	20.7184496612573
2019.43	20.7086614173228
2019.43	20.7086614173228
2019.518	20.4724409448819
2019.43	20.7086614173228
2020.29	21.1811023622047
2019.655	20.7184496612573
2017.216	21.0269333753347
2017.2	20.9448818897638
2016.549	20.9448818897638
2017.838	21.0236220472441
2016.117	21.0302457466919
2017.156	20.8661417322835
2016.631	21.0236220472441
2016.639	20.9481808158765
2016.432	20.9448818897638
2016.76	20.4001260239445
2016.721	20.872715816005
2015.932	21.0236220472441
