2012.199	0.441232294742892
2013.044	0.441232294742892
2012.199	0.441123416226795
2013.044	0.435415179624334
2013.003	0.435239538164219
2012.219	0.435132258779874
2012.219	0.435098088850549
2013.025	0.435098088850549
2013.118	0.435273673228616
2013.044	0.435132258779874
2013.044	0.435132258779874
2013.044	0.435273673228616
2012.199	0.435986987751094
2011.937	0.441232294742892
2011.89	0.43644717457856
2011.89	0.436765131336566
2013.025	0.436623232333533
2013.044	0.433397126326112
2013.044	0.441375738271743
2013.044	0.43825538665572
2013.003	0.436765131336566
2012.219	0.435942955599636
2013.044	0.435766888170073
2012.519	0.44275343100243
2012.24	0.441232294742892
2013.044	0.441410139279266
2013.044	0.441410139279266
2013.044	0.441622734993841
2013.003	0.44260963320087
2013.025	0.44260963320087
2013.044	0.441553640624936
2012.219	0.44260963320087
2013.044	0.442287730655789
2013.063	0.44260963320087
2013.044	0.444094653060991
2012.519	0.442718950412685
2012.24	0.444273579190347
2011.89	0.44076810135267
2012.577	0.441266731176836
2012.519	0.441123416226795
2012.577	0.44264427054346
2012.664	0.44264427054346
2013.118	0.441158008932901
2013.104	0.441123416226795
2013.118	0.442500601516994
2012.664	0.441444707815047
2012.24	0.441931764675382
2012.219	0.44275343100243
2013.044	0.442075295615517
2013.025	0.442109676013818
2013.025	0.442431377206831
2013.044	0.442431377206831
2013.044	0.44260963320087
2013.044	0.440624994826256
2013.082	0.44076810135267
2012.519	0.442788032891802
2013.044	0.44260963320087
2013.063	0.442788032891802
2012.219	0.441875339028727
2012.664	0.444308346748511
2013.118	0.443950466485322
2012.664	0.445185575852285
2012.664	0.444273579190347
2012.156	0.435953849242962
2016.642	0.441952688168949
2016.011	0.445131914304067
2016.046	0.44201421472483
2017.414	0.448392860512144
2017.545	0.446241836504222
2017.545	0.446241836504222
2017.414	0.446677619547683
2017.792	0.451385224420231
2017.581	0.448320981104904
2017.581	0.449853601500086
2017.529	0.446532263992998
2017.529	0.446568166565682
2017.414	0.446387003009266
2017.414	0.446532263992998
2017.414	0.446532263992998
2017.414	0.446894856168388
2017.414	0.446894856168388
2017.414	0.446387003009266
2017.414	0.446315497440227
2017.414	0.446170259725472
2017.414	0.446604192847303
2017.414	0.444925229716298
2017.414	0.44485357127122
2017.414	0.446387003009266
2017.414	0.446241836504222
2017.414	0.446677619547683
2017.414	0.446532263992998
2017.414	0.446351188460154
2017.414	0.446677619547683
2017.414	0.446241836504222
2017.414	0.446241836504222
2017.414	0.446241836504222
2017.414	0.446241836504222
2017.414	0.446241836504222
2017.414	0.446241836504222
2017.414	0.446387003009266
2017.414	0.446532263992998
2017.414	0.446241836504222
2017.414	0.446241836504222
2017.414	0.445069967917247
2017.496	0.446749477230142
2017.496	0.446604192847303
2017.496	0.446060878744083
2017.833	0.445953962002851
2017.581	0.444600074022104
2017.414	0.445806902940378
2017.414	0.446096764385723
2017.496	0.447592240888543
2017.496	0.445915865454504
2018.082	0.441897254612297
2017.926	0.444982784769761
2017.868	0.443467071318227
2016.148	0.446692604500519
2017.197	0.446677777363373
2017.773	0.433242733560341
2019.334	0.435753098227395
2020.32	0.434668396302738
2018.581	0.437954656847771
2018.581	0.438097592440737
2020.686	0.438013183057813
2020.344	0.434869539661357
2020.328	0.442437031389103
2019.726	0.436710061028348
2019.792	0.4367369150727
2020.32	0.435153721105818
2019.786	0.446048046561072
2017.77	0.446132820486655
2017.175	0.43892509252081
2017.986	0.437184612623811
2018.595	0.430690854725206
2017.688	0.440494235888178
2017.66	0.440816291593804
2016.314	0.444867361497851
2016.59	0.442979871092011
2016.607	0.44272944808199
2016.803	0.442263145697397
2016.915	0.446322894053325
2017.775	0.445084656034035
2016.262	0.444038886937995
2016.331	0.449921114058829
2016.331	0.449738738252563
2018.26	0.444167818089836
2019.463	0.442419168557888
2019.718	0.436660249375374
2021.189	0.444419697086123
2020.921	0.447112640357842
2020.251	0.443426301624524
2020.836	0.447195927870905
2020.59	0.447221887362956
2020.459	0.450072281935109
2020.631	0.44474465941203
2021.123	0.444728101515438
2020.806	0.442395174390537
2019.43	0.440496647918368
2019.43	0.440174458298019
2019.43	0.442825888835806
2019.43	0.442825842185632
2019.43	0.442681880598446
2019.43	0.443114046443482
2019.43	0.443114203000125
2019.43	0.442825842185632
2019.43	0.442681880598446
2019.518	0.437027930781143
2019.43	0.442250556908353
2020.29	0.452744290487375
2019.655	0.444487840044478
2017.216	0.447446706246643
2017.2	0.445589841987494
2016.549	0.443468125806308
2017.838	0.446215724695118
2016.117	0.444846349567699
2017.156	0.445034112493327
2016.631	0.447122625779815
2016.639	0.444653716155631
2016.432	0.444795640023623
2016.76	0.433934259893475
2016.721	0.444527798473343
2015.932	0.445456399000419
