2009.967	0.425658230618225
2010.337	0.427655152086748
2010.359	0.430697669808522
2013.83	0.423837201479427
2013.822	0.426121648471992
2013.773	0.425682186224813
2014.247	0.430762013684596
2016.59	0.407456774252875
2015.841	0.406232639671847
2014.773	0.417693494234279
2017.011	0.418905279490972
2017.214	0.421922115890999
2015.318	0.416510018682057
2016.516	0.419339634651915
2017.743	0.446365832952324
2012.915	0.415009024308263
2016.833	0.40496151992207
2015.611	0.40861184645266
2015.611	0.408611803386478
2015.611	0.408347500796965
2015.019	0.415180535783963
2015.036	0.414170265060435
2014.4	0.412760774228034
2014.419	0.410618369816335
2016.295	0.430159231604435
2015.844	0.426809163232353
2015.915	0.428379215030488
2016.678	0.436023465220617
2015.885	0.425958757015728
2015.951	0.428266135500253
2016.669	0.435714499773753
2016.085	0.425246255023238
2016.415	0.424415409046021
2016.423	0.426978388351202
2016.423	0.427253947169112
2016.423	0.426428335676998
2016.423	0.427286628753636
2016.423	0.427148838805634
2016.423	0.427076981280499
2016.423	0.426598566549524
2016.404	0.425068306646812
2016.404	0.425068306646812
2016.415	0.428032980724443
2016.331	0.425351627590994
2016.415	0.425334448447931
2016.443	0.4267031847493
2016.423	0.425407818073847
2016.423	0.426873525342015
2016.423	0.426978388351202
2017.118	0.421902233946778
2017.833	0.427184460158456
2016.489	0.425847357406983
2015.808	0.428174501822848
2016.262	0.421559366838079
2016.052	0.428128296383581
2016.246	0.440404804016072
2021.132	0.41470906215325
2020.598	0.426704636021215
2017.696	0.430370338646167
2017.945	0.441856059024147
2017.233	0.429261214389385
2017.011	0.435612762497415
2016.227	0.43362187735246
2016.227	0.433481863830551
2016.227	0.436738700925065
2016.383	0.435050793634727
2016.227	0.433308540414385
2016.199	0.433828926972129
2016.306	0.433168673228971
2016.227	0.435123840587485
2016.227	0.434216147591664
2016.536	0.437397975348183
2016.536	0.437397975348183
2016.536	0.437397975348183
2016.536	0.437397975348183
2016.536	0.437222946146363
2016.536	0.437573144741595
2016.306	0.435405019159755
2016.227	0.432604690820204
2016.227	0.433761981351605
2016.227	0.433761981351605
2016.227	0.433588545933231
2016.227	0.435024766376743
2016.15	0.433028896309568
2016.15	0.433168673228971
2016.15	0.432922712764662
2016.15	0.432889209568823
2016.153	0.43306236525265
2016.15	0.432749612919494
2016.15	0.432889209568823
2016.15	0.433028896309568
2016.15	0.431459397025992
2016.15	0.432889209568823
2016.15	0.432889209568823
2016.15	0.433028896309568
2016.15	0.434388815998735
2016.15	0.432889209568823
2016.15	0.43306236525265
2016.15	0.432889209568823
2016.15	0.432889209568823
2016.15	0.432749612919494
2016.15	0.432889209568823
2016.15	0.433028896309568
2016.15	0.433028896309568
2016.15	0.432889209568823
2016.15	0.432922712764662
2016.15	0.432922712764662
2016.074	0.431451483219818
2017.414	0.425701928783683
2017.414	0.423567184528068
2017.414	0.421946013535186
2016.76	0.426940029010594
2016.112	0.432538017552662
2016.052	0.434944583454127
2016.795	0.4353976133292
2016.303	0.431056338172905
2016.257	0.432633788466483
2016.913	0.432952590821558
2017.06	0.431139817356626
2016.574	0.434139616109661
2017.638	0.440112835663614
2016.399	0.441912071691278
2016.219	0.437244219043017
2017.104	0.432951374825737
2016.552	0.433828926972129
2016.391	0.430092406647052
2019.312	0.430206287762094
2020.322	0.42267975518998
2019.962	0.429941500748029
2019.888	0.431508867615289
2016.497	0.436168673277678
2017.137	0.434207675313395
2016.582	0.435713239954672
2016.582	0.43588745556441
2016.497	0.435746982649307
2016.497	0.435746982649307
2016.497	0.435746982649307
2016.497	0.435746982649307
2015.951	0.427184354182283
2016.205	0.427589473658036
2015.649	0.430277882495857
2015.748	0.432019432369427
2015.877	0.43746168794807
2015.762	0.434109365668503
2016.077	0.437110948663001
2015.852	0.435851545195136
2015.852	0.435851545195136
2016.016	0.424247102061128
2015.953	0.426121648471992
2021.258	0.436624834188401
2020.675	0.427946666588872
2015.953	0.426258974172434
2015.455	0.433343006518205
2015.896	0.435742929765864
2015.805	0.43264970117638
2015.46	0.430173183918713
2016.967	0.428431615558064
2015.652	0.430244430091758
2015.337	0.4348045497827
2015.403	0.432225799189703
2015.381	0.43174129260583
2015.816	0.439682359009597
2015.332	0.433064150014654
2020.156	0.451781907963966
2020.732	0.465709874962649
2018.118	0.450695731583535
2017.858	0.450628241020064
2017.159	0.44558613781606
2017.871	0.443164346949759
2017.701	0.443389634700588
2015.838	0.437623440675802
2013.159	0.419869158669966
2012.844	0.414393595739922
2012.844	0.414757462630998
2012.844	0.415056890811134
2012.844	0.414991939748852
2011.09	0.435497868947733
2012.377	0.433873633994947
2011.178	0.441513079025554
2011.51	0.429181484024108
2011.51	0.433176108914798
2012.751	0.419940636265594
2013.016	0.413640969158149
2012.852	0.416372387647321
2012.749	0.415772061745318
2012.415	0.41997216016323
2013.038	0.418806594086645
2011.351	0.42274914741088
2011.356	0.424070173470336
2011.356	0.424070128774904
2012.691	0.424221521536241
2011.6	0.4291145117446
2011.663	0.419575433917483
2011.663	0.4205074931002
2011.778	0.426695076971506
2011.526	0.41844178162197
2011.526	0.419909225034362
2011.836	0.427552475646631
2011.838	0.419451587530034
2011.737	0.420205942211246
2011.737	0.420205942211246
2011.806	0.420916620089043
2012.883	0.422313291264263
2013.195	0.421466806683903
2011.005	0.422672618505021
2010.932	0.422263316421252
2010.91	0.421928053764308
2010.89	0.422095618519575
2010.91	0.420570498893766
2010.91	0.422064291431006
2011.485	0.423893238885423
2010.91	0.421928053764308
2014.693	0.421081936882638
2016.224	0.429066928547514
2019.66	0.43336713198195
2019.726	0.436205694595433
2018.077	0.414969242159144
2015.97	0.434211373429562
2015.57	0.424106725129188
2017.907	0.405928513275836
2016.951	0.41198939800293
2017.795	0.413091704480158
2017.236	0.411258990454403
2017.219	0.417456287144688
2016.776	0.402708691091574
2016.628	0.43747071312416
2020.71	0.42552735639635
2020.667	0.435695372711349
2020.97	0.431386094035648
2021.241	0.427305032064587
2020.765	0.434625907256902
2021.241	0.43244547123056
2020.844	0.429469933433489
2009.271	0.429089469508733
2015.099	0.421135965941217
2015.099	0.420525050076219
2015.099	0.419309234207222
2015.099	0.420662701483772
2014.556	0.412606336462507
2012.923	0.412846297955315
2012.923	0.413873739388107
2012.923	0.413841969768444
2012.923	0.4144140008532
2012.923	0.41427879237005
2012.923	0.41411201346813
2012.923	0.41578181997405
2012.923	0.41244220696221
2012.923	0.412339250236267
2013.926	0.418238030265987
2019.463	0.425759891873316
2019.718	0.425256908103517
2020.175	0.428892377827202
2021.055	0.427814921974406
2020.631	0.41287772787288
2020.169	0.423775176716397
2017.603	0.420157140403541
2016.511	0.427387712163768
2021.23	0.426081935129776
2019.975	0.422562889490674
2020.276	0.416404276208023
2020.484	0.417591561379019
2018.005	0.425959238303468
2017.775	0.428453910931065
2020.445	0.427842182901693
2020.522	0.427773536272648
2017.625	0.427833065862685
2020.951	0.418178715553786
2020.402	0.419377681128972
2021.167	0.416958732501081
2019.852	0.421379793106386
2020.268	0.417775982851049
2020.402	0.41815411823431
2020.284	0.422292468696226
2021.03	0.418497764425843
2020.402	0.418749945515977
2020.167	0.423321795599724
2019.899	0.422641162182729
2020.689	0.421062878720704
2018.496	0.424349200299934
2018.496	0.423238337854626
2018.581	0.425232480331576
2018.496	0.425061978134169
2018.496	0.425403119368627
2018.581	0.424721383600408
2018.496	0.424997176706642
2018.496	0.424689087524844
2018.496	0.423375708298591
2018.496	0.424721383600408
2018.496	0.424859235396448
2018.496	0.424519075880518
2018.496	0.424997176706642
2018.496	0.424689087524844
2018.496	0.424689087524844
2018.496	0.42634157424673
2018.581	0.424859235396448
2018.581	0.424721383600408
2018.581	0.424859235396448
2018.496	0.424859235396448
2018.414	0.424656906749311
2018.496	0.427064631064233
2018.496	0.427064631064233
2018.496	0.424041829386647
2018.496	0.424041829386647
2018.496	0.424656906749311
2019.249	0.419878003959708
2018.414	0.424624841222506
2018.581	0.426138676310092
2018.581	0.426000364503435
2018.496	0.421826762422734
2018.496	0.427129559189184
2018.581	0.425862142451358
2018.581	0.425691797594377
2020.454	0.425597112534714
2020.713	0.4324812198318
2019.825	0.41758787048339
2018.496	0.428124948300003
2018.496	0.428402680994327
2018.496	0.42627707795878
2018.496	0.424859235396448
2018.496	0.424859235396448
2018.882	0.42340804047606
2018.414	0.420878453144173
2020.361	0.427545234700945
2021.241	0.416313713467378
2021.047	0.429958329219364
2020.842	0.422625086599841
2019.545	0.423936631003973
2017.178	0.408744158896493
2017.586	0.412936171488936
2019.31	0.424946875229934
2015.8	0.424690550296686
2017.414	0.421836930727281
2017.414	0.421836930727281
2017.414	0.421836930727281
2017.414	0.422084508040706
2017.414	0.421973447533342
2017.414	0.421836930727281
2017.414	0.421973447533342
2017.414	0.425067188806361
2017.414	0.425237419959267
2017.414	0.42345212901749
2017.414	0.42345212901749
2017.414	0.423589212905161
2017.414	0.423589212905161
2017.414	0.423589212905161
2017.414	0.422552820624541
2017.414	0.423589212905161
2017.414	0.42561114966725
2017.414	0.423589212905161
2017.414	0.423589212905161
2017.414	0.424066046007055
2017.414	0.422077644777821
2017.414	0.423928763376428
2017.414	0.42375892012187
2017.414	0.42369396591768
2016.497	0.417434485022988
2016.582	0.417466487434057
2016.582	0.417466487434057
2016.497	0.41877503625322
2016.811	0.422538525019604
2016.391	0.417196899367309
2016.683	0.417616933091508
2016.161	0.431428657691149
2017.216	0.426261960677785
2017.945	0.429004514930534
2017.778	0.430197955657961
2017.849	0.431801111609093
2017.877	0.430164893232608
