2009.967	20.3790341765126
2010.337	20.4772780971883
2010.359	20.6347956210128
2013.83	20.398519335276
2013.822	20.4772780971883
2013.773	20.4772780971883
2014.247	20.5560368591006
2016.59	19.4488188976378
2015.841	19.3731296267129
2014.773	19.9259667638025
2017.011	20.0047255257147
2017.214	20.0047255257147
2015.318	19.8503347774714
2016.516	20.1622430495393
2017.743	21.3503505869377
2012.915	19.8518985347408
2016.833	19.3777077589602
2015.611	19.4564789287121
2015.611	19.4534141923289
2015.611	19.4534141923289
2015.019	19.9212598425197
2015.036	19.8425196850394
2014.4	19.7637795275591
2014.419	19.6850393700787
2016.295	20.6380464749902
2015.844	20.4772780971883
2015.915	20.5560368591006
2016.678	20.9498306686619
2015.885	20.4869592624695
2015.951	20.6347956210128
2016.669	20.8743599842458
2016.085	20.4359673024523
2016.415	20.4676060773046
2016.423	20.5560368591006
2016.423	20.5560368591006
2016.423	20.5560368591006
2016.423	20.5560368591006
2016.423	20.5560368591006
2016.423	20.5560368591006
2016.423	20.5560368591006
2016.404	20.4772780971883
2016.404	20.4772780971883
2016.415	20.6291495415745
2016.331	20.5112022720101
2016.415	20.4676060773046
2016.443	20.5560368591006
2016.423	20.4772780971883
2016.423	20.5560368591006
2016.423	20.5560368591006
2017.118	20.3197605733638
2017.833	20.4869592624695
2016.489	20.4837311904199
2015.808	20.5625147719215
2016.262	20.3197605733638
2016.052	20.6347956210128
2016.246	21.1206556860273
2021.132	19.8472080018902
2020.598	20.3229617959827
2017.696	20.6510601403011
2017.945	21.1073481924864
2017.233	20.6347956210128
2017.011	20.9531311539976
2016.227	20.7923131448374
2016.227	20.7923131448374
2016.227	20.9679962163014
2016.383	20.8710719067496
2016.227	20.7923131448374
2016.199	20.7923131448374
2016.306	20.7923131448374
2016.227	20.8710719067496
2016.227	20.7923131448374
2016.536	20.9498306686619
2016.536	20.9498306686619
2016.536	20.9498306686619
2016.536	20.9498306686619
2016.536	20.9498306686619
2016.536	20.9498306686619
2016.306	20.8710719067496
2016.227	20.7135543829251
2016.227	20.7923131448374
2016.227	20.7923131448374
2016.227	20.7923131448374
2016.227	20.8858764186633
2016.15	20.7923131448374
2016.15	20.7923131448374
2016.15	20.7923131448374
2016.15	20.7923131448374
2016.153	20.7923131448374
2016.15	20.7923131448374
2016.15	20.7923131448374
2016.15	20.7923131448374
2016.15	20.7217144658052
2016.15	20.7923131448374
2016.15	20.7923131448374
2016.15	20.7923131448374
2016.15	20.8710719067496
2016.15	20.7923131448374
2016.15	20.7923131448374
2016.15	20.7923131448374
2016.15	20.7923131448374
2016.15	20.7923131448374
2016.15	20.7923131448374
2016.15	20.7923131448374
2016.15	20.7923131448374
2016.15	20.7923131448374
2016.15	20.7923131448374
2016.15	20.7923131448374
2016.074	20.7135543829251
2017.414	20.2410018114515
2017.414	20.1622430495393
2017.414	20.083484287627
2016.76	20.4805041354864
2016.112	20.7923131448374
2016.052	20.9498306686619
2016.795	20.7923131448374
2016.303	20.6380464749902
2016.257	20.7380539347106
2016.913	20.7923131448374
2017.06	20.7135543829251
2016.574	20.9498306686619
2017.638	21.2782725195051
2016.399	21.2648657163109
2016.219	21.0285894305742
2017.104	20.716817644742
2016.552	20.7923131448374
2016.391	20.6412983534231
2019.312	20.5625147719215
2020.322	20.1622430495393
2019.962	20.4805041354864
2019.888	20.4805041354864
2016.497	20.9498306686619
2017.137	20.716817644742
2016.582	20.9498306686619
2016.582	20.9498306686619
2016.497	20.9498306686619
2016.497	20.9498306686619
2016.497	20.9498306686619
2016.497	20.9498306686619
2015.951	20.4805041354864
2016.205	20.5560368591006
2015.649	20.7135543829251
2015.748	20.7955888144939
2015.877	20.9498306686619
2015.762	20.7988655164264
2016.077	20.9547817866709
2015.852	20.8710719067496
2015.852	20.8710719067496
2016.016	20.398519335276
2015.953	20.4772780971883
2021.258	20.9498306686619
2020.675	20.4772780971883
2015.953	20.4772780971883
2015.455	20.8710719067496
2015.896	20.9531311539976
2015.805	20.7923131448374
2015.46	20.7200819349248
2016.967	20.6347956210128
2015.652	20.716817644742
2015.337	20.9498306686619
2015.403	20.7923131448374
2015.381	20.7923131448374
2015.816	21.2648657163109
2015.332	20.8710719067496
2020.156	21.8983851910201
2020.732	22.6860968885388
2018.118	21.7408428515163
2017.858	21.7408428515163
2017.159	21.5011420020477
2017.871	21.2682158330051
2017.701	21.3436244782232
2015.838	21.1073481924864
2013.159	20.1622430495393
2012.844	19.8743126472899
2012.844	19.8743126472899
2012.844	19.8743126472899
2012.844	19.8743126472899
2011.09	21.1073481924864
2012.377	20.9531311539976
2011.178	21.1894446632532
2011.51	20.7135543829251
2011.51	20.7923131448374
2012.751	20.2410018114515
2013.016	19.9259667638025
2012.852	20.083484287627
2012.749	20.0047255257147
2012.415	20.2410018114515
2013.038	20.1622430495393
2011.351	20.4772780971883
2011.356	20.5592753052383
2011.356	20.5560368591006
2012.691	20.398519335276
2011.6	20.7923131448374
2011.663	20.2410018114515
2011.663	20.3001579778831
2011.778	20.7135543829251
2011.526	20.1622430495393
2011.526	20.2410018114515
2011.836	20.7200819349248
2011.838	20.2441906262308
2011.737	20.3197605733638
2011.737	20.3197605733638
2011.806	20.3197605733638
2012.883	20.3197605733638
2013.195	20.2410018114515
2011.005	20.398519335276
2010.932	20.398519335276
2010.91	20.398519335276
2010.89	20.398519335276
2010.91	20.3197605733638
2010.91	20.398519335276
2011.485	20.398519335276
2010.91	20.398519335276
2014.693	20.1574803149606
2016.224	20.5511811023622
2019.66	20.7086614173228
2019.726	20.8661417322835
2018.077	19.8487712665406
2015.97	20.872715816005
2015.57	20.3937007874016
2017.907	19.2958966685044
2016.951	19.6109317161534
2017.795	19.6109317161534
2017.236	19.6140212682158
2017.219	19.8472080018902
2016.776	19.2171379065921
2016.628	20.877649097928
2020.71	20.0047255257147
2020.667	20.5560368591006
2020.97	20.3197605733638
2021.241	20.083484287627
2020.765	20.4772780971883
2021.241	20.2410018114515
2020.844	20.1670080352923
2009.271	20.4772780971883
2015.099	19.8168324648666
2015.099	19.7684492399779
2015.099	19.7690969476514
2015.099	19.7684492399779
2014.556	19.3746554304166
2012.923	19.4534141923289
2012.923	19.535250098464
2012.923	19.5321729542412
2012.923	19.5321729542412
2012.923	19.5321729542412
2012.923	19.5321729542412
2012.923	19.6109317161534
2012.923	19.4534141923289
2012.923	19.4534141923289
2013.926	19.6109317161534
2019.463	20.083484287627
2019.718	20.0047255257147
2020.175	20.1622430495393
2021.055	20.1622430495393
2020.631	19.4534141923289
2020.169	20.0047255257147
2017.603	19.8503347774714
2016.511	20.2410018114515
2021.23	20.2410018114515
2019.975	20.083484287627
2020.276	19.7684492399779
2020.484	19.8472080018902
2018.005	20.1654194564789
2017.775	20.398519335276
2020.445	20.398519335276
2020.522	20.3197605733638
2017.625	20.398519335276
2020.951	19.7637795275591
2020.402	19.8472080018902
2021.167	19.6896904780657
2019.852	19.9259667638025
2020.268	19.7715636077196
2020.402	19.7715636077196
2020.284	20.0047255257147
2021.03	19.7684492399779
2020.402	19.9259667638025
2020.167	20.1622430495393
2019.899	20.0866482867271
2020.689	19.9259667638025
2018.496	20.2410018114515
2018.496	20.1622430495393
2018.581	20.2410018114515
2018.496	20.2410018114515
2018.496	20.2410018114515
2018.581	20.2410018114515
2018.496	20.2410018114515
2018.496	20.2410018114515
2018.496	20.1622430495393
2018.496	20.2410018114515
2018.496	20.2410018114515
2018.496	20.2410018114515
2018.496	20.2410018114515
2018.496	20.2410018114515
2018.496	20.2410018114515
2018.496	20.3197605733638
2018.581	20.2410018114515
2018.581	20.2410018114515
2018.581	20.2410018114515
2018.496	20.2410018114515
2018.414	20.2410018114515
2018.496	20.398519335276
2018.496	20.398519335276
2018.496	20.2410018114515
2018.496	20.2410018114515
2018.496	20.2410018114515
2019.249	20.0047255257147
2018.414	20.2410018114515
2018.581	20.3197605733638
2018.581	20.3197605733638
2018.496	20.083484287627
2018.496	20.398519335276
2018.581	20.3197605733638
2018.581	20.3197605733638
2020.454	20.2441906262308
2020.713	20.5511811023622
2019.825	19.6896904780657
2018.496	20.398519335276
2018.496	20.398519335276
2018.496	20.3197605733638
2018.496	20.2410018114515
2018.496	20.2410018114515
2018.882	20.1622430495393
2018.414	20.083484287627
2020.361	20.4017329657345
2021.241	19.7684492399779
2021.047	20.4837311904199
2020.842	20.1622430495393
2019.545	20.083484287627
2017.178	19.4641449960599
2017.586	19.7684492399779
2019.31	20.2410018114515
2015.8	20.398519335276
2017.414	20.1622430495393
2017.414	20.1622430495393
2017.414	20.1622430495393
2017.414	20.1765447667087
2017.414	20.1622430495393
2017.414	20.1622430495393
2017.414	20.1622430495393
2017.414	20.3197605733638
2017.414	20.3197605733638
2017.414	20.2410018114515
2017.414	20.2410018114515
2017.414	20.2410018114515
2017.414	20.2410018114515
2017.414	20.2410018114515
2017.414	20.1622430495393
2017.414	20.2410018114515
2017.414	20.3197605733638
2017.414	20.2410018114515
2017.414	20.2410018114515
2017.414	20.2410018114515
2017.414	20.1622430495393
2017.414	20.2410018114515
2017.414	20.2410018114515
2017.414	20.2410018114515
2016.497	20.0047255257147
2016.582	20.0047255257147
2016.582	20.0047255257147
2016.497	20.083484287627
2016.811	20.3197605733638
2016.391	20.0110297014102
2016.683	20.0898132829118
2016.161	20.7135543829251
2017.216	20.4049476089183
2017.945	20.5592753052383
2017.778	20.6380464749902
2017.849	20.7200819349248
2017.877	20.6412983534231
