1918	0.447190278117609
1933.025	0.440794138501536
1933.414	0.440794138501536
1932	0.440636571338533
1932	0.44026792750197
1933	0.439952718676123
1933	0.439795114263199
1935	0.440037771482531
1945	0.436621929204929
1948	0.438559155040593
1943	0.438600628930818
1943	0.438270151479476
1947	0.436060178655383
1947	0.43611437524481
1954	0.43337250293772
1954	0.433294163728946
1954	0.433215824520172
1951	0.434963171916627
1951	0.4349392871132
1951	0.435095965530748
1951	0.434860947904426
1951	0.434782608695652
1957	0.434884814292431
1957	0.435198244789218
1957	0.43464974141984
1953	0.422048734326946
1954	0.434101238050462
1950	0.435174304739522
1950	0.435174304739522
1946	0.435903463406989
1939	0.435903463406989
1940	0.435903463406989
1946	0.434875444839858
1948	0.438521677327647
1942	0.436857389529864
1942	0.436857389529864
1934	0.441030489246041
1935	0.441030489246041
1946	0.440636571338533
1946	0.440636571338533
1935	0.439447453104152
1936	0.438113177929519
1934	0.437854442344045
1934	0.438011972274732
1934	0.437224322621298
1934	0.437224322621298
1993	0.432281858129316
1995.578	0.431026365348399
1996	0.430947897049592
1991	0.432988072818581
1986	0.431492361927145
1987	0.430630630630631
1986	0.430630630630631
1987	0.431257344300823
1987	0.430630630630631
1986	0.430552291421857
1986	0.431022326674501
1989.003	0.433685859772816
1987	0.431884057971014
1986	0.431492361927145
1986	0.431570701135919
1980	0.433294163728946
1980	0.433137485311398
1981	0.433450842146494
1983	0.43258911084998
1983	0.432745789267528
1983	0.43219741480611
1982	0.432119075597336
1982	0.431985582197148
1983	0.431962397179788
1980	0.43376419898159
1978	0.433607520564042
1978	0.433842538190364
1978	0.433999216607912
1978	0.434234234234234
1977	0.434390912651782
1978	0.434312573443008
1977	0.434704269486878
1978	0.434312573443008
1978	0.434469251860556
1978	0.434469251860556
1978	0.43454759106933
1978	0.434234234234234
1977	0.434469251860556
1977	0.434469251860556
1977	0.434469251860556
1977	0.434625930278104
1978	0.434312573443008
1977	0.43365467513128
1951	0.435849056603774
1949	0.435252643948296
1949	0.435252643948296
1948	0.43533098315707
1950	0.435487661574618
1983	0.432667450058754
1983	0.43298080689385
1983	0.43258911084998
1983	0.43258911084998
1983	0.432667450058754
1983	0.432432432432432
1983	0.432275754014884
1983	0.432432432432432
1983	0.432432432432432
1983	0.432354093223658
1983	0.432275754014884
1983	0.432275754014884
1983	0.432354093223658
1983	0.43219741480611
1983	0.432354093223658
1983	0.432510771641206
1983	0.432612443190722
1983	0.432354093223658
1983	0.432432432432432
1983	0.432354093223658
1983	0.432354093223658
1983	0.432354093223658
1983	0.43258911084998
1983	0.432354093223658
1983	0.43219741480611
1983	0.432275754014884
1983	0.432432432432432
1983	0.432275754014884
1983	0.432354093223658
1983	0.432275754014884
1983	0.432354093223658
1983	0.43219741480611
1983	0.432510771641206
1983	0.432275754014884
1983	0.432354093223658
1983	0.43219741480611
1983	0.432040736388563
1983	0.432432432432432
1983	0.43219741480611
1983	0.432040736388563
1983	0.432580746315459
1983	0.432510771641206
1983	0.432040736388563
1983	0.432354093223658
1983	0.433529181355268
1982	0.433215824520172
1984	0.433184418841602
1984	0.43337250293772
1989.005	0.431884057971014
1991.551	0.432595731324545
1996	0.431732580037665
1995	0.432988072818581
1995.964	0.432281858129316
1995.942	0.43243879472693
1996	0.432046453232894
1996.019	0.431991209481202
1996	0.432517263025738
1996.003	0.432595731324545
1995.953	0.432360326428123
1995.929	0.432752667922159
1995.874	0.432752667922159
1995.907	0.432821723730815
1996	0.432752667922159
1996	0.432831136220967
1996	0.432674199623352
1996	0.432752667922159
1995.948	0.432360326428123
1995.871	0.432517263025738
1995.332	0.433066541117389
1996.003	0.432046453232894
1995.934	0.43243879472693
1995.945	0.432517263025738
1995.962	0.432203389830508
1995.918	0.431967984934087
1995.986	0.432124921531701
1995.989	0.432305156581116
1996.104	0.432046453232894
1995.953	0.432752667922159
1995	0.43243879472693
1996	0.432909604519774
1996	0.432909604519774
1996	0.432674199623352
1995.923	0.432988072818581
1996	0.432831136220967
1996	0.432674199623352
1995.975	0.432595731324545
1995	0.432124921531701
1995.986	0.432674199623352
1995.942	0.432360326428123
1995.912	0.432752667922159
1995.951	0.432281858129316
1998	0.431418706842436
2000	0.43243879472693
2000	0.431967984934087
2000	0.432046453232894
2000	0.432046453232894
2000	0.431732580037665
2000	0.432124921531701
2000	0.431811048336472
2000	0.431967984934087
2000	0.431889516635279
2000	0.432046453232894
2000	0.431889516635279
2000.279	0.432124921531701
2001.022	0.432148183031159
2000	0.431811048336472
2000	0.43157564344005
2000	0.432203389830508
2000	0.432203389830508
2000	0.432281858129316
2000	0.431889516635279
1992	0.432203389830508
2001.022	0.429558119456872
2001.584	0.429401145906915
2001.518	0.429558119456872
2001.353	0.429479632681893
2001.058	0.42963660623185
2002.926	0.429087198807001
2003.937	0.429558119456872
2003.937	0.429558119456872
2003.811	0.429558119456872
2003.723	0.429479632681893
2003.696	0.429479632681893
2003.515	0.429558119456872
2003.068	0.429558119456872
2003.973	0.429558119456872
2003.964	0.429479632681893
2003.923	0.429479632681893
2003.819	0.429558119456872
2003.789	0.429479632681893
2003.773	0.429558119456872
2003.715	0.429558119456872
2003	0.429558119456872
2003	0.429479632681893
2003	0.429558119456872
2003	0.429558119456872
2001	0.429322659131936
2002.97	0.428818217510797
2003.153	0.429390512095507
2001	0.429793579781807
2000	0.430029040106742
2000.112	0.429872066556785
2000	0.429872066556785
2000.68	0.429322659131936
2000.587	0.429322659131936
2000.828	0.429401145906915
2000.623	0.429558119456872
2000.68	0.429558119456872
2000.669	0.429479632681893
2000.639	0.42963660623185
2000.642	0.429558119456872
2000.68	0.429322659131936
2000.653	0.429367883784845
2000.626	0.429479632681893
2000.62	0.429558119456872
2000.56	0.429558119456872
2000.678	0.429165685581979
2000.549	0.429558119456872
2000.631	0.429580781912388
2000.713	0.429479632681893
2000.806	0.429558119456872
2000.56	0.429322659131936
2000.467	0.42963660623185
2000.648	0.429322659131936
2000.699	0.429558119456872
2000.705	0.429401145906915
2000.735	0.429244172356958
2000.464	0.429715093006828
2000.563	0.42963660623185
2000.721	0.429479632681893
2000.779	0.429322659131936
2000.76	0.429109750353274
2000.839	0.429087198807001
2000.855	0.429244172356958
2000.68	0.429479632681893
2000.735	0.429401145906915
2000.658	0.429401145906915
2000.639	0.429872066556785
2000.658	0.429401145906915
2000.658	0.42963660623185
2000.568	0.429479632681893
2000.464	0.42963660623185
2000	0.429558119456872
2000.743	0.429558119456872
2000.508	0.429479632681893
2000.719	0.429715093006828
2000.661	0.429558119456872
2000.664	0.429479632681893
2000.544	0.429479632681893
2000.675	0.429558119456872
2000.675	0.429479632681893
2000.541	0.429479632681893
2000.716	0.429479632681893
2000.623	0.429558119456872
2000.751	0.42963660623185
2000.642	0.429704681118442
2000.683	0.429266760872978
2001	0.42997330821165
2001.463	0.429558119456872
1999.997	0.429244172356958
2000	0.430340072089014
2000	0.429971000862137
2001	0.429872066556785
2000	0.429479632681893
2001.019	0.429950553331764
2001.019	0.429793579781807
2001.019	0.429884515672873
1999	0.429479632681893
1999	0.42963660623185
1999	0.429558119456872
1999	0.429793579781807
1999	0.430735421081548
1998.071	0.429715093006828
1998	0.430656934306569
1997.997	0.429715093006828
1997.041	0.430421473981634
1997.041	0.430186013656699
1997	0.429793579781807
1995	0.430342987206656
1996	0.431363315281375
1996	0.430578447531591
1996	0.430656934306569
1996	0.430656934306569
1996	0.430656934306569
1996	0.430656934306569
1996	0.430735421081548
1996	0.430578447531591
1996	0.430656934306569
1996	0.430656934306569
1996	0.430578447531591
1996	0.430578447531591
1996	0.430499960756613
1997	0.429793579781807
1997.86	0.429715093006828
1997.822	0.429872066556785
1997.923	0.430029040106742
2000.68	0.429244172356958
2000.617	0.429558119456872
2000	0.428851738482066
2001.019	0.429401145906915
2000.962	0.429188255613126
2001.038	0.428616278157131
2001.077	0.428773251707087
2001.101	0.429008712032023
2001.063	0.429076343072573
2001.09	0.428851738482066
2001.06	0.428930225257044
2001	0.428537791382152
2001.156	0.428526547282438
2001.592	0.428302331057217
2001.425	0.427909897182325
2001.077	0.428616352201258
2001.074	0.428347074990185
2001.066	0.428504122497055
2001.058	0.428302331057217
2001.06	0.428694764932109
2000	0.428851738482066
2000	0.429188255613126
2000.964	0.428459304607174
2001.06	0.429087198807001
2001.066	0.429177468772095
2001.466	0.429008712032023
2001.54	0.428773251707087
2001.479	0.428616278157131
2001.54	0.428773251707087
2001.622	0.428930225257044
2001.523	0.428694764932109
2001.499	0.428773251707087
2001.479	0.428694764932109
2001.537	0.429132312524539
2001.419	0.428773251707087
2001.556	0.428773251707087
2001.542	0.429322659131936
2001.43	0.428380817832195
2001.542	0.428459304607174
2001.545	0.428537791382152
2001.523	0.428616278157131
2001.622	0.428380817832195
2001.537	0.428851738482066
2001.605	0.428930225257044
2001.427	0.429031245093421
2001.523	0.429087198807001
2001.537	0.428773251707087
2001.592	0.428773251707087
2001.529	0.428851738482066
2001.512	0.428851738482066
2001.521	0.428930225257044
2001.499	0.428851738482066
2001.499	0.429008712032023
2001.504	0.429053788771103
2001.521	0.428930225257044
2001.293	0.429008712032023
2001.405	0.428773251707087
2001.389	0.428930225257044
2001.375	0.428694764932109
2001.499	0.429008712032023
2001.488	0.428773251707087
2001.679	0.429244172356958
2001.54	0.429087198807001
2001.46	0.428930225257044
2001.471	0.428930225257044
2001.425	0.429244172356958
2001.488	0.428851738482066
2001.43	0.428773251707087
2001.616	0.428773251707087
2001.521	0.428773251707087
2001.575	0.429008712032023
2001.414	0.428874234573716
2001.523	0.428851738482066
2001.49	0.428694764932109
2001.504	0.428851738482066
2001.433	0.428930225257044
2001.638	0.428661170003926
2001.501	0.428773251707087
2001.468	0.428851738482066
2002.074	0.428616278157131
2002.005	0.428694764932109
2002.011	0.429244172356958
2002	0.429401145906915
2001.556	0.428930225257044
2001.501	0.428930225257044
2001.616	0.428773251707087
2001.507	0.428694764932109
2001.54	0.428616278157131
2001	0.428459304607174
2001.405	0.428851738482066
2001.54	0.429008712032023
2001.504	0.428851738482066
2001.479	0.428459304607174
2001	0.429087198807001
2001.567	0.428851738482066
2001.548	0.429165685581979
2001.542	0.429165685581979
2001.57	0.429401145906915
2001.518	0.428851738482066
2001.507	0.429165685581979
2001.507	0.429244172356958
2001.545	0.429289360031409
2001.488	0.428773251707087
2001.115	0.428773251707087
2001.049	0.428863225705083
2001.063	0.429087198807001
2001.058	0.429008712032023
2001.068	0.428930225257044
2001.159	0.429345266132831
2001.14	0.429244172356958
2001.14	0.429165685581979
2002	0.428537791382152
2000	0.429244172356958
2001	0.428851738482066
2001.03	0.429322659131936
2001.025	0.428874234573716
2001.025	0.429008712032023
2000	0.429715093006828
2001	0.429872066556785
2000.68	0.429950553331764
2000	0.42963660623185
2000	0.429401145906915
2002	0.428773251707087
2003.06	0.42813383600377
2003.159	0.429165685581979
2003.173	0.429165685581979
2003.052	0.428773251707087
2002.984	0.428930225257044
2003.036	0.429109750353274
2003.038	0.428302331057217
2003.055	0.428380817832195
2003.058	0.428930225257044
2003.074	0.429244172356958
2003	0.429008712032023
2003.227	0.429266760872978
2003	0.428930225257044
2003.071	0.428773251707087
2003.115	0.428773251707087
2003.216	0.428739693757362
2003.036	0.428795729313864
2003.151	0.429165685581979
2003	0.429087198807001
2005	0.428773251707087
2005.603	0.429087198807001
2005.715	0.428403203014602
2005.718	0.429076343072573
2005.699	0.428851738482066
2005.679	0.429087198807001
2005.685	0.428919258561106
2005	0.429165685581979
2005.682	0.428851738482066
2005.759	0.428930225257044
2005	0.429558119456872
2005.496	0.428773251707087
2006.271	0.428919258561106
2005	0.428930225257044
2007.142	0.427831410407346
2007.118	0.427752923632368
2007.137	0.427909897182325
2007.06	0.42767443685739
2007.06	0.42767443685739
2007.077	0.427595950082411
2007.123	0.428066870732282
2007.134	0.427282002982497
2007.082	0.428066870732282
2007.123	0.427595950082411
2007.099	0.427864214992928
2007.099	0.427909897182325
2007.153	0.428380817832195
2007.115	0.428380817832195
2007.121	0.427909897182325
2007.178	0.428537791382152
2007.173	0.428302331057217
2007.096	0.428223844282238
2007.047	0.428223844282238
2007.184	0.428223844282238
2007.099	0.428302331057217
2007.145	0.428616278157131
2007.079	0.428537791382152
2006.989	0.428694764932109
2007.077	0.428302331057217
2007.178	0.428537791382152
2007.181	0.428694764932109
2007.096	0.428537791382152
2007.099	0.428537791382152
2007.156	0.428616278157131
2007.153	0.428694764932109
2007.178	0.428537791382152
2007.079	0.428459304607174
2007.137	0.428055293748036
2007.107	0.428302331057217
2007.153	0.428380817832195
2007.142	0.428302331057217
2007.118	0.429087198807001
2007.118	0.427517463307433
2007.079	0.428616278157131
2007.077	0.428380817832195
2007.077	0.428223844282238
2007.066	0.428223844282238
2007.077	0.428380817832195
2007.104	0.428380817832195
2007.082	0.42814535750726
2007.085	0.428302331057217
2007.079	0.428380817832195
2007.085	0.428223844282238
2007.153	0.428302331057217
2007.145	0.428537791382152
2007.175	0.428537791382152
2007.03	0.42814535750726
2007.153	0.42767443685739
2007.134	0.428302331057217
2007.162	0.428537791382152
2007.079	0.427988383957303
2007.121	0.42813383600377
2007.178	0.427438976532454
2007.118	0.428459304607174
2007.077	0.427909897182325
2006.962	0.42814535750726
2007.134	0.427595950082411
2007.115	0.427517463307433
2007.104	0.427909897182325
2007.14	0.427988383957303
2007.068	0.427517463307433
2007.077	0.428066870732282
2007.115	0.42767443685739
2007.079	0.42767443685739
2007.181	0.427909897182325
2007.041	0.426732595557649
2007.099	0.427438976532454
2007.088	0.427203516207519
2007.079	0.427282002982497
2007.082	0.427203516207519
2007.145	0.427046542657562
2007.118	0.427282002982497
2007.066	0.426811082332627
2007.118	0.427046542657562
2007.077	0.427203516207519
2007.041	0.427203516207519
2007.041	0.427203516207519
2007.153	0.426889569107605
2007.115	0.427517463307433
2007.159	0.427360489757476
2007.085	0.427831410407346
2007.173	0.427595950082411
2007.107	0.427595950082411
2007.077	0.427595950082411
2007.14	0.426968055882584
2007.115	0.427752923632368
2007.011	0.427438976532454
2007.008	0.427125029432541
2007.058	0.427360489757476
2007.134	0.428380817832195
2007.195	0.427988383957303
2007.134	0.428380817832195
2007.175	0.427595950082411
2007.101	0.428066870732282
2007.14	0.427741124725102
2007.088	0.427595950082411
2006.989	0.427595950082411
2007.159	0.42801067671534
2007.137	0.427752923632368
2007.153	0.427741124725102
2007.068	0.427909897182325
2007.085	0.427595950082411
2007.082	0.427909897182325
2007.079	0.427831410407346
2007.115	0.427988383957303
2007.088	0.427752923632368
2007.126	0.427909897182325
2007.118	0.427988383957303
2007.068	0.427595950082411
2007.175	0.42767443685739
2007.137	0.427517463307433
2007.14	0.427752923632368
2007.145	0.426968055882584
2007.14	0.42814535750726
2007.14	0.42767443685739
2007.137	0.42767443685739
2007.153	0.427752923632368
2007.137	0.42767443685739
2007.118	0.42767443685739
2007.137	0.42814535750726
2007.126	0.427988383957303
2007.058	0.427988383957303
2007.162	0.427517463307433
2007.115	0.427360489757476
2007.126	0.42767443685739
2007.118	0.427988383957303
2007.107	0.427831410407346
2007.077	0.427752923632368
2007.137	0.427752923632368
2007.118	0.427797408716137
2007.137	0.427595950082411
2007.121	0.427595950082411
2007.195	0.427360489757476
2007.115	0.427595950082411
2007.173	0.427988383957303
2007.06	0.427741124725102
2007.101	0.427517463307433
2007.123	0.427517463307433
2007.099	0.42767443685739
2007.118	0.427595950082411
2007.14	0.427438976532454
2007.101	0.42767443685739
2007.156	0.427438976532454
2007.099	0.427360489757476
2007.085	0.427517463307433
2007.096	0.427382634636521
2007.068	0.427438976532454
2007.164	0.427752923632368
2007.041	0.427752923632368
2007.153	0.427831410407346
2007.079	0.427438976532454
2007.192	0.427988383957303
2007.03	0.427438976532454
2007.041	0.427203516207519
2007.047	0.427203516207519
2007.058	0.427360489757476
2007.178	0.427438976532454
2007.088	0.427909897182325
2007.066	0.427282002982497
2007.134	0.427517463307433
2007.115	0.427517463307433
2007.079	0.427360489757476
2007.077	0.427752923632368
2007.079	0.42767443685739
2007.126	0.427360489757476
2007.079	0.42767443685739
2007.159	0.42767443685739
2007.134	0.427517463307433
2007.195	0.427662582469369
2007.096	0.42767443685739
2007.173	0.427595950082411
2007.063	0.427752923632368
2007.038	0.427517463307433
2007.096	0.427752923632368
2007.06	0.427909897182325
2006.962	0.427517463307433
2007.077	0.42767443685739
2007.173	0.427282002982497
2007.063	0.427752923632368
2007.06	0.427752923632368
2007.03	0.427282002982497
2006.929	0.427517463307433
2007.107	0.427595950082411
2007.104	0.42767443685739
2007.099	0.427729309125206
2007.063	0.42767443685739
2007.142	0.42767443685739
2007.079	0.426968055882584
2007.142	0.427831410407346
2007.162	0.427517463307433
2007.082	0.427438976532454
2007.115	0.427517463307433
2007.192	0.42767443685739
2007.162	0.42767443685739
2007.058	0.427360489757476
2007.077	0.427360489757476
2007.159	0.427595950082411
2007.096	0.427595950082411
2007.118	0.427203516207519
2007.066	0.427909897182325
2007.115	0.427360489757476
2007.175	0.427125029432541
2007.121	0.427662582469369
2007.178	0.42767443685739
2007.121	0.427517463307433
2007.06	0.427898209236569
2007.134	0.427438976532454
2007.115	0.427595950082411
2007.115	0.427595950082411
2007.115	0.427282002982497
2007.027	0.427360489757476
2007.137	0.427438976532454
2007.156	0.427438976532454
2007.115	0.427752923632368
2007.173	0.427831410407346
2007.181	0.427595950082411
2007.082	0.42767443685739
2007.118	0.427595950082411
2007.063	0.427517463307433
2007.079	0.427360489757476
2007.126	0.427595950082411
2007.126	0.427517463307433
2007.014	0.427517463307433
2007.156	0.427797408716137
2007.173	0.42767443685739
2007.096	0.427595950082411
2007.068	0.427517463307433
2007.162	0.427360489757476
2007.099	0.427595950082411
2007.14	0.427517463307433
2007.066	0.427752923632368
2007.079	0.427517463307433
2007.115	0.42767443685739
2007.063	0.427595950082411
2007.099	0.427988383957303
2007.099	0.427831410407346
2007.123	0.427988383957303
2007.104	0.427909897182325
2007.096	0.427988383957303
2007.096	0.42767443685739
2007.2	0.427595950082411
2007.068	0.427831410407346
2007.058	0.427988383957303
2007.181	0.427831410407346
2007.058	0.427752923632368
2007.195	0.427831410407346
2007.156	0.427752923632368
2007.126	0.427988383957303
2007.192	0.427909897182325
2007.164	0.427831410407346
2007.192	0.427988383957303
2007.173	0.427988383957303
2007.192	0.427909897182325
2007.164	0.427831410407346
2007.189	0.427831410407346
2007.156	0.427517463307433
2007.079	0.427752923632368
2006.274	0.427988383957303
2007.085	0.428459304607174
2007.058	0.427203516207519
2007.153	0.427203516207519
2007.107	0.426732595557649
2007.101	0.426811082332627
2007.096	0.42665410878267
2007.096	0.426855123674912
2007.096	0.42665410878267
2007.104	0.42665410878267
2007.101	0.426497135232713
2006.967	0.426811082332627
2007.173	0.427125029432541
2007.156	0.427517463307433
2007.077	0.427595950082411
2007.077	0.427752923632368
2007.077	0.42767443685739
2007.099	0.427360489757476
2007.142	0.427360489757476
2007.153	0.427360489757476
2007.049	0.427360489757476
2007.077	0.427360489757476
2007.137	0.427282002982497
2007.173	0.427125029432541
2007.134	0.42767443685739
2007.173	0.427517463307433
2007.123	0.427046542657562
2007.068	0.427595950082411
2007.068	0.427203516207519
2007.123	0.427203516207519
2007.121	0.42767443685739
2007.068	0.427517463307433
2007.101	0.427517463307433
2007.099	0.427348413446434
2007.058	0.427360489757476
2007.123	0.427517463307433
2007.096	0.427595950082411
2007.068	0.427595950082411
2007.121	0.427438976532454
2007.115	0.428190027483314
2007.162	0.428851738482066
2007.027	0.429008712032023
2007.162	0.428773251707087
2007.153	0.428773251707087
2007.173	0.428930225257044
2007.178	0.428851738482066
2003.729	0.428302331057217
2005.266	0.428459304607174
2005.449	0.428773251707087
2006.2	0.429165685581979
2006.321	0.429715093006828
2006.271	0.429244172356958
2006	0.429244172356958
2005	0.428795729313864
2005.033	0.428537791382152
2005.055	0.428773251707087
2003.688	0.428851738482066
2003.589	0.428851738482066
2005	0.427988383957303
2004	0.428717224054012
2010.112	0.427595950082411
2010.112	0.427595950082411
2005.6	0.427282002982497
2005.69	0.427068613597111
2005.663	0.427203516207519
2005.611	0.427360489757476
2003.03	0.428459304607174
2003.17	0.429098908005342
2008.027	0.428379870642057
2008.008	0.428616501025398
2008.481	0.427438976532454
2008.44	0.427438976532454
2008.437	0.427438976532454
2008.437	0.427360489757476
2007	0.426418648457735
2008.469	0.427046542657562
2008.478	0.427125029432541
2007.995	0.42696008834201
2008.122	0.42767443685739
2008.434	0.427438976532454
2007.981	0.427282002982497
2008.036	0.427909897182325
2007.962	0.42767443685739
2007.945	0.427988383957303
2007.849	0.427752923632368
2008.016	0.427584040213635
2008.123	0.427438976532454
2008.484	0.427517463307433
2008.497	0.427831410407346
2008.12	0.427438976532454
2008.077	0.42767443685739
2008.074	0.427203516207519
2008.94	0.427203516207519
2008.123	0.427360489757476
2008.108	0.426968055882584
2008.623	0.427282002982497
2008.88	0.42814535750726
2008.847	0.427988383957303
2008.861	0.42813383600377
2008.842	0.427831410407346
2008.833	0.427988383957303
2008.776	0.42813383600377
2008.776	0.428066870732282
2008.814	0.42814535750726
2008.828	0.427909897182325
2008.839	0.427752923632368
2008.6	0.427125029432541
2008.063	0.426811082332627
2008.016	0.427669979492033
2007.868	0.427360489757476
2008.055	0.427517463307433
2008.333	0.427203516207519
2008.041	0.42767443685739
2008.896	0.428380817832195
2008.915	0.42814535750726
2008.825	0.428773251707087
2009.033	0.427909897182325
2007.948	0.428379870642057
2008.038	0.428222117053163
2008.117	0.42735648476258
2007.997	0.428064363464269
2008.041	0.428222117053163
2008.137	0.427831410407346
2009.023	0.428066870732282
2009.088	0.428223844282238
2008.112	0.428066870732282
2008.921	0.42767443685739
2008.858	0.427752923632368
2008.801	0.427831410407346
2008.148	0.427909897182325
2008.533	0.428302331057217
2008.16	0.428223844282238
2008.342	0.42814535750726
2008.036	0.427748856286481
2007.863	0.428379870642057
2008.71	0.428616278157131
2008.022	0.428380817832195
2007	0.427831410407346
2008.437	0.427831410407346
2008.444	0.427831410407346
2008.984	0.428222117053163
2008.137	0.427988383957303
2007	0.427204428627916
2008.085	0.428066870732282
2008.538	0.428380817832195
2008.828	0.427595950082411
2008.839	0.427909897182325
2008.885	0.427909897182325
2008.866	0.427831410407346
2008.899	0.427517463307433
2008.885	0.427831410407346
2008.883	0.427831410407346
2008.861	0.427988383957303
2008.85	0.427909897182325
2008	0.428066870732282
2008.844	0.427831410407346
2008.56	0.427988383957303
2008.563	0.428380817832195
2008.555	0.427831410407346
2008.022	0.428064363464269
2008.71	0.428302331057217
2007.992	0.428458747436504
2008	0.427592723836523
2009.016	0.427831410407346
2008.989	0.428436911487759
2008.984	0.428201506591337
2009.14	0.428044569993723
2009	0.428044569993723
2009.233	0.42898618957941
2007	0.427752923632368
2009.118	0.428380817832195
2009.134	0.428537791382152
2009.323	0.429008712032023
2009.162	0.428459304607174
2009.121	0.428616278157131
2009.323	0.428302331057217
2009.323	0.428223844282238
2009.023	0.428694764932109
2007	0.42767443685739
2007	0.427831410407346
2007	0.427517463307433
2009.052	0.428515379786566
2009.036	0.428279974890144
2008.489	0.426710608913999
2009.085	0.426946013810421
2008.634	0.427102950408035
2009.414	0.428044569993723
2008.959	0.42814535750726
2008.191	0.428302331057217
2009.129	0.427831410407346
2009.014	0.427752923632368
2009.321	0.427282002982497
2009.326	0.427360489757476
2009	0.427752923632368
2009.325	0.428032979976443
2009.707	0.426318267419962
2009.321	0.428851738482066
2009.323	0.428930225257044
2009.323	0.428930225257044
2009.319	0.427909897182325
2009.319	0.428223844282238
2009.315	0.428223844282238
2009.318	0.427909897182325
2009.326	0.428380817832195
2009.323	0.428380817832195
2009.323	0.428459304607174
2009.323	0.428459304607174
2009.318	0.428302331057217
2009	0.428694764932109
2009.323	0.428302331057217
2008.934	0.42767443685739
2008.934	0.427517463307433
2009.325	0.427595950082411
2009.348	0.427988383957303
2009.348	0.427988383957303
2009.353	0.427909897182325
2009.332	0.427988383957303
2009.323	0.427909897182325
2009.318	0.427988383957303
2009.322	0.42814535750726
2009.329	0.428223844282238
2009.326	0.428066870732282
2009.323	0.428066870732282
2009.373	0.427988383957303
2009.205	0.427438976532454
2009	0.428279974890144
2009.162	0.428044569993723
2009.312	0.427729309125206
2009.162	0.427652228499686
2009.625	0.42821059278554
2009.575	0.428223844282238
2008	0.427684814203787
2009.315	0.428537791382152
2009.322	0.428066870732282
2009.323	0.427909897182325
2009.323	0.428066870732282
2009.162	0.427809165097301
2009	0.42767443685739
2007	0.428066870732282
2008.937	0.427652228499686
2007	0.427988383957303
2008.672	0.428358443188952
2009.112	0.428066870732282
2009.086	0.428066870732282
2009.462	0.427595950082411
2009.473	0.42767443685739
2009.323	0.428537791382152
2009.186	0.427517463307433
2008.842	0.427797408716137
2009.537	0.428933206710985
2009.43	0.42814535750726
2009.163	0.428459304607174
2009.041	0.427827733080928
2009.808	0.428322647035542
2009.67	0.427360489757476
2009.538	0.427282002982497
2008.975	0.427669979492033
2009.153	0.427591102697586
2009.323	0.426968055882584
2009.007	0.427752923632368
2009.527	0.427360489757476
2009.077	0.427988383957303
2008.844	0.427827733080928
2009.5	0.427831410407346
2009.499	0.427595950082411
2009.522	0.427438976532454
2009.456	0.427752923632368
2009.573	0.42814535750726
2008.877	0.427988383957303
2010.627	0.427988383957303
2010.104	0.427988383957303
2010.016	0.427988383957303
2008.861	0.427988383957303
2008.992	0.428066870732282
2009.041	0.428223844282238
2009.329	0.428459304607174
2009.323	0.428459304607174
2009.323	0.429008712032023
2009.318	0.428302331057217
2009.318	0.42814535750726
2009.337	0.428223844282238
2009.326	0.428223844282238
2009.323	0.42814535750726
2009.321	0.42814535750726
2009.323	0.428851738482066
2009	0.428302331057217
2008.943	0.428302331057217
2009.318	0.427909897182325
2009.34	0.427831410407346
2009.326	0.427752923632368
2009.323	0.427752923632368
2009.326	0.42767443685739
2009.049	0.427360489757476
2008.997	0.42767443685739
2009.033	0.42812229820011
2009.085	0.427730696798493
2008.713	0.42814535750726
2009.162	0.427752923632368
2009.126	0.427752923632368
2008.79	0.428066870732282
2009.068	0.427909897182325
2009.326	0.428066870732282
2009.036	0.427752923632368
2009.118	0.428302331057217
2009.326	0.428380817832195
2009.132	0.427988383957303
2009.352	0.428537791382152
2009.319	0.427809165097301
2009.345	0.427988383957303
2009.332	0.427988383957303
2009.323	0.427909897182325
2009.321	0.427831410407346
2009.318	0.428066870732282
2009.314	0.428223844282238
2009	0.427809165097301
2008.117	0.42767443685739
2009.086	0.42767443685739
2009.025	0.427909897182325
2009.011	0.427831410407346
2009.323	0.427909897182325
2009.323	0.427831410407346
2009.121	0.427831410407346
2009.318	0.428223844282238
2009.315	0.428223844282238
2009.321	0.428380817832195
2009.326	0.428066870732282
2009.326	0.428066870732282
2009.319	0.42814535750726
2009.319	0.428537791382152
2009.326	0.428537791382152
2009.329	0.42814535750726
2009.323	0.428223844282238
2009.323	0.428537791382152
2009.323	0.428537791382152
2009.321	0.42814535750726
2009.318	0.42814535750726
2009.118	0.428380817832195
2009.167	0.427909897182325
2009.099	0.428066870732282
2009.052	0.428223844282238
2009.318	0.427909897182325
2009.323	0.42814535750726
2009.326	0.428223844282238
2009.323	0.428537791382152
2009	0.428358443188952
2009	0.428358443188952
2009.162	0.428044569993723
2009.247	0.427887633396108
2009.163	0.428032090608778
2009.163	0.428380817832195
2009.086	0.428066870732282
2009.163	0.428223844282238
2009.137	0.428302331057217
2009.137	0.428223844282238
2009.163	0.427988383957303
2009.137	0.42814535750726
2009.438	0.427282002982497
2009.085	0.427887633396108
2009.148	0.427752923632368
2009.319	0.427831410407346
2009.548	0.427752923632368
2009.326	0.427046542657562
2009.326	0.426968055882584
2009.321	0.426968055882584
2009.323	0.427125029432541
2009.318	0.427046542657562
2009.321	0.426811082332627
2009.318	0.427360489757476
2008.653	0.42767443685739
2008.657	0.427517463307433
2008.802	0.42767443685739
2008.762	0.427752923632368
2008.6	0.427988383957303
2009.153	0.427595950082411
2009.11	0.42767443685739
2009.167	0.427752923632368
2009.145	0.42767443685739
2009.399	0.427797408716137
2009.137	0.42767443685739
2009.112	0.428066870732282
2009.156	0.428066870732282
2009.156	0.428066870732282
2009.151	0.427595950082411
2009.137	0.427988383957303
2009.112	0.427517463307433
2009.107	0.427831410407346
2009.104	0.42767443685739
2009.036	0.427752923632368
2009.142	0.427595950082411
2009.137	0.42767443685739
2009.074	0.427909897182325
2009.115	0.427831410407346
2009.363	0.427584040213635
2009.118	0.427909897182325
2009.216	0.427909897182325
2009.195	0.427282002982497
2009.186	0.427517463307433
2009.184	0.427517463307433
2009.162	0.428066870732282
2009.159	0.42767443685739
2009.323	0.427595950082411
2009.323	0.427595950082411
2009.082	0.427988383957303
2009.077	0.427909897182325
2009.077	0.427831410407346
2009.326	0.427438976532454
2009.167	0.427988383957303
2009.132	0.427831410407346
2009.14	0.42767443685739
2009.118	0.427595950082411
2009.159	0.427517463307433
2009.159	0.427517463307433
2009.167	0.427517463307433
2009.225	0.427831410407346
2009.162	0.427517463307433
2009.134	0.427595950082411
2009.184	0.42767443685739
2009.137	0.427595950082411
2009.145	0.427595950082411
2009.107	0.42767443685739
2009.195	0.427517463307433
2009.148	0.42767443685739
2009.142	0.427517463307433
2009.11	0.427831410407346
2009.162	0.427203516207519
2009.112	0.427752923632368
2009.115	0.427438976532454
2009.145	0.427517463307433
2009.134	0.427360489757476
2009.112	0.428066870732282
2009.093	0.427284124745338
2009.079	0.427438976532454
2009.077	0.427438976532454
2009.058	0.427438976532454
2009.118	0.427282002982497
2009.137	0.427360489757476
2009.222	0.427438976532454
2009.093	0.427438976532454
2009.137	0.427595950082411
2009.156	0.428223844282238
2008.146	0.42813383600377
2007	0.427909897182325
2008.486	0.427438976532454
2008.59	0.427438976532454
2008.574	0.427595950082411
2007	0.427831410407346
2006	0.428481708274454
2004	0.429087198807001
2007.395	0.425790754257908
2007.364	0.425869241032886
2007.351	0.425947727807864
2007.351	0.426261674907778
2007.395	0.426261674907778
2007.375	0.426261674907778
2008.82	0.426497135232713
2008.762	0.4261831881328
2008	0.426764104981927
2008	0.426764104981927
2008.781	0.427125029432541
2007.971	0.426575622007692
2008	0.427392739273927
2008	0.426921263554927
2007.499	0.426418648457735
2007.364	0.426104701357821
2007.556	0.425790754257908
2007.354	0.426104701357821
2007.351	0.426104701357821
2007.107	0.426026214582843
2007.088	0.426026214582843
2007.088	0.426026214582843
2007.386	0.426261674907778
2007.444	0.426026214582843
2008.016	0.424770426183188
2008.139	0.425241346833059
2008.011	0.424770426183188
2008.183	0.42469193940821
2008.954	0.424299505533318
2008.861	0.42469193940821
2008.5	0.425005886508123
2008.858	0.424377992308296
2008.536	0.42516286005808
2008.746	0.42469193940821
2008.746	0.424613452633231
2008.678	0.424848912958167
2008.648	0.424927399733145
2008.522	0.424613452633231
2008.055	0.425005886508123
2007.211	0.425319833608037
2007.058	0.425398320383015
2006.504	0.4261831881328
2006.392	0.427282002982497
2006	0.426497135232713
2004	0.428694764932109
2006	0.428302331057217
2006	0.428380817832195
2005.573	0.428537791382152
2005.605	0.427988383957303
2006.334	0.429087198807001
2005.989	0.428694764932109
2006.816	0.428638718794159
2006	0.430398618957941
2007.011	0.428302331057217
2006.759	0.429087198807001
2006.545	0.429087198807001
2006.57	0.428773251707087
2006.564	0.428773251707087
2006.584	0.428773251707087
2006.447	0.428773251707087
2006.384	0.428380817832195
2006.463	0.428773251707087
2006.033	0.428459304607174
2007.101	0.428694764932109
2007.126	0.428537791382152
2008.716	0.428537791382152
2006.008	0.428930225257044
2006	0.429008712032023
2006	0.429715093006828
2006.121	0.42963660623185
2006.493	0.428773251707087
2004.809	0.429244172356958
2001	0.429165685581979
2004.697	0.428537791382152
2005.929	0.428380817832195
2005.912	0.428302331057217
2006.921	0.428066870732282
2006.225	0.427360489757476
2006.244	0.427282002982497
2007.789	0.427752923632368
2007.767	0.427831410407346
2007.104	0.427752923632368
2007.047	0.428302331057217
2007.137	0.428616278157131
2007.14	0.42814535750726
2007.162	0.428302331057217
2007.162	0.42814535750726
2008.096	0.427752923632368
2007.863	0.427909897182325
2007	0.428380817832195
2007	0.428459304607174
2007	0.428459304607174
2007	0.428302331057217
2007	0.428380817832195
2007	0.428380817832195
2007	0.428380817832195
2007	0.428302331057217
2007	0.42814535750726
2007	0.428380817832195
2007	0.428380817832195
2007	0.428380817832195
2007	0.428380817832195
2007	0.428380817832195
2007	0.428380817832195
2007	0.428380817832195
2007	0.428380817832195
2007	0.428302331057217
2007	0.428380817832195
2007	0.428380817832195
2007	0.428537791382152
2007	0.428302331057217
2007	0.428459304607174
2007	0.428380817832195
2007	0.428380817832195
2007	0.428380817832195
2007	0.428380817832195
2007	0.428380817832195
2007	0.428459304607174
2007	0.428380817832195
2007	0.428223844282238
2008.79	0.428302331057217
2007.658	0.427909897182325
2008.138	0.428066870732282
2007.959	0.428695377819845
2007	0.428459304607174
2007	0.428459304607174
2007	0.428459304607174
2008.005	0.428605089538172
2008.116	0.428302331057217
2008.092	0.428302331057217
2008.169	0.428537791382152
2008.094	0.428302331057217
2008.137	0.427909897182325
2008.085	0.428459304607174
2008.074	0.427909897182325
2007.925	0.428537791382152
2007	0.428380817832195
2007.718	0.428851738482066
2008.022	0.427985486669822
2008.003	0.427985486669822
2008.074	0.42814535750726
2007.51	0.428502298572466
2008.066	0.42776337497054
2008.131	0.427517463307433
2007.748	0.428223844282238
2007.929	0.428302331057217
2007.923	0.428302331057217
2007.795	0.428302331057217
2007.997	0.427988383957303
2008.026	0.428369462770971
2008.027	0.428064363464269
2008.563	0.428694764932109
2008.486	0.428616278157131
2008.437	0.428459304607174
2008.434	0.428537791382152
2008.443	0.42842559874362
2008.499	0.428661170003926
2008.434	0.428537791382152
2007	0.427517463307433
2007	0.427988383957303
2007	0.427909897182325
2007.806	0.427748856286481
2007.638	0.427282002982497
2007.827	0.427517463307433
2009.023	0.428380817832195
2009.163	0.427909897182325
