2009.967	0.437072018890201
2010.337	0.439984258166076
2010.359	0.440141676505313
2013.83	0.441322314049587
2013.822	0.441007477371114
2013.773	0.44116489571035
2014.247	0.439512003148367
2016.59	0.439565627950897
2015.841	0.43932955618508
2014.773	0.439433293978749
2017.011	0.439669421487603
2017.214	0.438173947264856
2015.318	0.439275875639512
2016.516	0.441007477371114
2017.743	0.439984258166076
2012.915	0.439905548996458
2016.833	0.440062967335695
2015.611	0.438961038961039
2015.611	0.438961038961039
2015.611	0.439118457300275
2015.019	0.440667296191376
2015.036	0.440352533836953
2014.4	0.440195152659742
2014.419	0.440509915014164
2016.295	0.440613931523022
2015.844	0.440613931523022
2015.915	0.440692640692641
2016.678	0.441007477371114
2015.885	0.441137097409245
2015.951	0.441558441558442
2016.669	0.440299094844549
2016.085	0.441053980458113
2016.415	0.441743371882621
2016.423	0.441322314049587
2016.423	0.44116489571035
2016.423	0.44163715072806
2016.423	0.44116489571035
2016.423	0.441243604879969
2016.423	0.441322314049587
2016.423	0.441558441558442
2016.404	0.441479732388823
2016.404	0.441479732388823
2016.415	0.441627172195893
2016.331	0.441737622201198
2016.415	0.441271339784439
2016.443	0.441479732388823
2016.423	0.441322314049587
2016.423	0.441401023219205
2016.423	0.441322314049587
2017.118	0.441401023219205
2017.833	0.440456513183786
2016.489	0.44116489571035
2015.808	0.440771349862259
2016.262	0.44163715072806
2016.052	0.44163715072806
2016.246	0.440507126545397
2021.132	0.440062967335695
2020.598	0.439039748130657
2017.696	0.440456513183786
2017.945	0.439669421487603
2017.233	0.441086186540732
2017.011	0.441086186540732
2016.227	0.440456513183786
2016.227	0.440535222353404
2016.227	0.440377804014168
2016.383	0.440613931523022
2016.227	0.440613931523022
2016.199	0.440377804014168
2016.306	0.440692640692641
2016.227	0.440535222353404
2016.227	0.440141676505313
2016.536	0.440220385674931
2016.536	0.440220385674931
2016.536	0.440220385674931
2016.536	0.440220385674931
2016.536	0.440299094844549
2016.536	0.440141676505313
2016.306	0.440377804014168
2016.227	0.440141676505313
2016.227	0.440377804014168
2016.227	0.440377804014168
2016.227	0.440456513183786
2016.227	0.440456513183786
2016.15	0.440771349862259
2016.15	0.440692640692641
2016.15	0.440850059031877
2016.15	0.440850059031877
2016.153	0.440771349862259
2016.15	0.440928768201495
2016.15	0.440850059031877
2016.15	0.440771349862259
2016.15	0.440692640692641
2016.15	0.440850059031877
2016.15	0.440850059031877
2016.15	0.440771349862259
2016.15	0.440928768201495
2016.15	0.440850059031877
2016.15	0.440771349862259
2016.15	0.440850059031877
2016.15	0.440850059031877
2016.15	0.440928768201495
2016.15	0.440850059031877
2016.15	0.440771349862259
2016.15	0.440771349862259
2016.15	0.440850059031877
2016.15	0.440850059031877
2016.15	0.440850059031877
2016.074	0.440850059031877
2017.414	0.438724911452184
2017.414	0.438961038961039
2017.414	0.438961038961039
2016.76	0.440692640692641
2016.112	0.441086186540732
2016.052	0.441479732388823
2016.795	0.439669421487603
2016.303	0.440220385674931
2016.257	0.440220385674931
2016.913	0.440928768201495
2017.06	0.441007477371114
2016.574	0.441951987406533
2017.638	0.442109405745769
2016.399	0.441243604879969
2016.219	0.44116489571035
2017.104	0.439984258166076
2016.552	0.440377804014168
2016.391	0.440613931523022
2019.312	0.43982683982684
2020.322	0.439433293978749
2019.962	0.439118457300275
2019.888	0.438252656434475
2016.497	0.440850059031877
2017.137	0.43935458480913
2016.582	0.441086186540732
2016.582	0.441007477371114
2016.497	0.441086186540732
2016.497	0.441086186540732
2016.497	0.441086186540732
2016.497	0.441086186540732
2015.951	0.440456513183786
2016.205	0.441086186540732
2015.649	0.441401023219205
2015.748	0.441322314049587
2015.877	0.440299094844549
2015.762	0.440220385674931
2016.077	0.440456513183786
2015.852	0.440299094844549
2015.852	0.440299094844549
2016.016	0.441086186540732
2015.953	0.441007477371114
2021.258	0.440613931523022
2020.675	0.439984258166076
2015.953	0.440928768201495
2015.455	0.441479732388823
2015.896	0.44116489571035
2015.805	0.440928768201495
2015.46	0.441479732388823
2016.967	0.44163715072806
2015.652	0.441401023219205
2015.337	0.441558441558442
2015.403	0.441243604879969
2015.381	0.441479732388823
2015.816	0.442424242424242
2015.332	0.44163715072806
2020.156	0.442739079102715
2020.732	0.443683589138135
2018.118	0.44163715072806
2017.858	0.44163715072806
2017.159	0.441715859897678
2017.871	0.440535222353404
2017.701	0.44116489571035
2015.838	0.441715859897678
2013.159	0.440850059031877
2012.844	0.440571518291726
2012.844	0.440414507772021
2012.844	0.440257497252316
2012.844	0.440257497252316
2011.09	0.442739079102715
2012.377	0.441715859897678
2011.178	0.440377804014168
2011.51	0.44163715072806
2011.51	0.440613931523022
2012.751	0.441479732388823
2013.016	0.441322314049587
2012.852	0.44163715072806
2012.749	0.441086186540732
2012.415	0.441479732388823
2013.038	0.441243604879969
2011.351	0.442502951593861
2011.356	0.442660369933097
2011.356	0.442660369933097
2012.691	0.441007477371114
2011.6	0.442581660763479
2011.663	0.44163715072806
2011.663	0.440535222353404
2011.778	0.443053915781189
2011.526	0.441401023219205
2011.526	0.441479732388823
2011.836	0.442581660763479
2011.838	0.44163715072806
2011.737	0.442109405745769
2011.737	0.442109405745769
2011.806	0.441715859897678
2012.883	0.440928768201495
2013.195	0.440456513183786
2011.005	0.441715859897678
2010.932	0.441951987406533
2010.91	0.442109405745769
2010.89	0.442030696576151
2010.91	0.441951987406533
2010.91	0.442030696576151
2011.485	0.441086186540732
2010.91	0.442109405745769
2014.693	0.440195152659742
2016.224	0.440273843248348
2019.66	0.439723009128108
2019.726	0.439959080893925
2018.077	0.439959080893925
2015.97	0.440982058545798
2015.57	0.441139439723009
2017.907	0.438567493112948
2016.951	0.438882329791421
2017.795	0.438252656434475
2017.236	0.439275875639512
2017.219	0.438646202282566
2016.776	0.439433293978749
2016.628	0.439433293978749
2020.71	0.436442345533255
2020.667	0.437150728059819
2020.97	0.436757182211728
2021.241	0.436284927194018
2020.765	0.436914600550964
2021.241	0.435340417158599
2020.844	0.436048799685163
2009.271	0.43935458480913
2015.099	0.436006624083274
2015.099	0.435970090515545
2015.099	0.436620831357673
2015.099	0.435891381345927
2014.556	0.435812672176309
2012.923	0.436521054702873
2012.923	0.436914600550964
2012.923	0.436914600550964
2012.923	0.436599763872491
2012.923	0.436678473042109
2012.923	0.436757182211728
2012.923	0.436757182211728
2012.923	0.436757182211728
2012.923	0.436835891381346
2013.926	0.435340417158599
2019.463	0.436835891381346
2019.718	0.436284927194018
2020.175	0.436048799685163
2021.055	0.436599763872491
2020.631	0.436521054702873
2020.169	0.437072018890201
2017.603	0.436993309720582
2016.511	0.43754427390791
2021.23	0.438488783943329
2019.975	0.438567493112948
2020.276	0.438331365604093
2020.484	0.438567493112948
2018.005	0.437465564738292
2017.775	0.438724911452184
2020.445	0.439275875639512
2020.522	0.438488783943329
2017.625	0.439039748130657
2020.951	0.437126219704123
2020.402	0.437386855568674
2021.167	0.436914600550964
2019.852	0.437229437229437
2020.268	0.437386855568674
2020.402	0.437150728059819
2020.284	0.437622983077529
2021.03	0.437229437229437
2020.402	0.438724911452184
2020.167	0.438803620621802
2019.899	0.438410074773711
2020.689	0.437465564738292
2018.496	0.439197166469894
2018.496	0.438961038961039
2018.581	0.438803620621802
2018.496	0.438882329791421
2018.496	0.438724911452184
2018.581	0.439039748130657
2018.496	0.438882329791421
2018.496	0.439039748130657
2018.496	0.438882329791421
2018.496	0.439039748130657
2018.496	0.438961038961039
2018.496	0.439118457300275
2018.496	0.438882329791421
2018.496	0.439039748130657
2018.496	0.439039748130657
2018.496	0.439039748130657
2018.581	0.438961038961039
2018.581	0.439039748130657
2018.581	0.438961038961039
2018.496	0.438961038961039
2018.414	0.439039748130657
2018.496	0.439512003148367
2018.496	0.439512003148367
2018.496	0.43935458480913
2018.496	0.43935458480913
2018.496	0.439039748130657
2019.249	0.438882329791421
2018.414	0.439039748130657
2018.581	0.439118457300275
2018.581	0.439197166469894
2018.496	0.438803620621802
2018.496	0.439512003148367
2018.581	0.439275875639512
2018.581	0.43935458480913
2020.454	0.438882329791421
2020.713	0.438385269121813
2019.825	0.436678473042109
2018.496	0.439039748130657
2018.496	0.438882329791421
2018.496	0.439039748130657
2018.496	0.438961038961039
2018.496	0.438961038961039
2018.882	0.438882329791421
2018.414	0.439275875639512
2020.361	0.439275875639512
2021.241	0.438252656434475
2021.047	0.438882329791421
2020.842	0.439275875639512
2019.545	0.437780401416765
2017.178	0.438882329791421
2017.586	0.440062967335695
2019.31	0.439118457300275
2015.8	0.440850059031877
2017.414	0.439748130657222
2017.414	0.439748130657222
2017.414	0.439748130657222
2017.414	0.439744801512287
2017.414	0.439669421487603
2017.414	0.439748130657222
2017.414	0.439669421487603
2017.414	0.439748130657222
2017.414	0.439669421487603
2017.414	0.439748130657222
2017.414	0.439748130657222
2017.414	0.439669421487603
2017.414	0.439669421487603
2017.414	0.439669421487603
2017.414	0.43935458480913
2017.414	0.439669421487603
2017.414	0.439512003148367
2017.414	0.439669421487603
2017.414	0.439669421487603
2017.414	0.439433293978749
2017.414	0.439590712317985
2017.414	0.439512003148367
2017.414	0.439590712317985
2017.414	0.439590712317985
2016.497	0.440299094844549
2016.582	0.440299094844549
2016.582	0.440299094844549
2016.497	0.440456513183786
2016.811	0.44116489571035
2016.391	0.440456513183786
2016.683	0.440928768201495
2016.161	0.440692640692641
2017.216	0.440062967335695
2017.945	0.440299094844549
2017.778	0.440535222353404
2017.849	0.440613931523022
2017.877	0.440535222353404
