1979	0.444235146377835
1980	0.444313633152814
1980	0.444496892455354
1981.145	0.443921199277922
1981	0.443764225727965
1981	0.443921199277922
1981	0.443921199277922
1981	0.443842712502943
1981	0.444549093477749
1980	0.444156659602857
1998	0.440153834078958
1989	0.442271442035815
1987	0.441723569578526
1987	0.441645082803548
2005.074	0.434738246605447
1992	0.441095675378699
1992.101	0.439447453104152
1992.016	0.439604426654109
1992	0.439133506004238
1994.005	0.439918373754022
1992	0.439758089852341
1999.455	0.437485283729692
1993	0.440229343386742
1995.803	0.438427125029433
2000.208	0.438191664704497
2000.208	0.43803469115454
2012.538	0.434973706930382
2013.636	0.435052193705361
2004.686	0.4396578782172
2011.896	0.438245448838669
2003.112	0.439814814814815
2001.038	0.437328310179735
1999.863	0.436778902754886
2001.868	0.438662585354368
2005.753	0.435758574680166
2006.34	0.436464955654972
2006	0.437720744054627
1997.31	0.43803469115454
1995.923	0.438584098579389
1998.882	0.438348638254454
1998.17	0.438898045679303
1994.101	0.438608886795415
1992.792	0.440232320853936
2005.266	0.437642257279648
2002.175	0.435915548230123
1999	0.436066603832862
2006.195	0.434188839180598
2007.847	0.432697590456008
2007.142	0.434659759830469
1993.173	0.439133506004238
1994	0.439993716619541
1994.011	0.440609378719353
1998	0.440779139176877
1998.458	0.439211992779217
1997.962	0.438819558904325
1997	0.439601005340873
1996.814	0.439761400204066
1985	0.444941878730757
1991	0.439758089852341
1994	0.438741072129346
1998	0.439682913429087
1995	0.43803469115454
1995	0.441747191452589
1995	0.440885539331135
1993	0.441878730757147
1998	0.437485283729692
2005.975	0.435553463560053
2005.868	0.432854564005965
2013.058	0.429927809165097
2012.385	0.432383643356094
2012.033	0.431677262381289
2009.233	0.43260903794678
2006.677	0.433639431755749
2011.619	0.428537791382152
2011.836	0.430735421081548
2011.833	0.430970881406483
2012.26	0.430029040106742
2011.855	0.431206341731418
2012.049	0.431049368181461
2011.948	0.430735421081548
2011.641	0.430813907856526
2011.562	0.430499960756613
2011.392	0.430735421081548
2012.481	0.428851738482066
2019	0.430578447531591
2019.729	0.430813907856526
2013.655	0.429087198807001
2012.046	0.429471836604436
2012.085	0.43010752688172
2011.816	0.429950553331764
2011.855	0.430342987206656
2013.468	0.429793579781807
2011.644	0.430264500431677
2011.63	0.430342987206656
2012.085	0.429401145906915
2013.751	0.427517463307433
2012.219	0.429008712032023
2012.079	0.429872066556785
2012.066	0.42963660623185
2012.003	0.429479632681893
2011.951	0.429401145906915
2012.128	0.429322659131936
2012.29	0.429872066556785
2012.295	0.430342987206656
2011.397	0.430264500431677
2011.244	0.430186013656699
2012.098	0.430656934306569
2012.227	0.428694764932109
2011.836	0.429087198807001
2014.148	0.427752923632368
2014.94	0.426968055882584
2014.175	0.429008712032023
2011.934	0.429165685581979
2012.107	0.429558119456872
2013.496	0.429087198807001
2012.025	0.429479632681893
2013.016	0.429793579781807
2014.093	0.428930225257044
2014	0.42963660623185
2014.808	0.430656934306569
2014.225	0.430656934306569
2013.036	0.430421473981634
2013.496	0.430656934306569
2010.89	0.432069696256181
2012.063	0.42835773893875
2011.951	0.429558119456872
2015.107	0.430562116202173
2013.058	0.430325932923949
2013.268	0.430483388442765
2007.277	0.434267325955576
2009	0.430735421081548
2006.03	0.43458127305549
2009.03	0.43159877560631
2006.789	0.432854564005965
2009	0.432697590456008
2005.888	0.433953378855663
2016.15	0.427873631135271
2004.24	0.435128326247835
2003	0.437014363079821
2018.315	0.43560160113021
2003	0.43560160113021
2004.153	0.435523114355231
2000	0.436700415979907
2000	0.43607252178008
1999	0.437301587301587
1999	0.436386468879994
2003.099	0.43458127305549
2003.482	0.435366140805274
2004.287	0.43653226440305
2004.721	0.435431894993319
2006.236	0.436151008555058
2006.236	0.434738246605447
2008.369	0.434502786280512
2005.929	0.43458127305549
2007.31	0.433953378855663
2006.312	0.435209167255317
2012.366	0.433403971430814
2012.366	0.433403971430814
2012.366	0.433246997880857
2012.366	0.433246997880857
2011.981	0.433168511105879
2011.932	0.432148183031159
2011.882	0.432148183031159
2012.153	0.432540616906051
2011.014	0.4330900243309
2013.666	0.433482458205792
2013.329	0.432462130131073
2015.956	0.433482458205792
2015.956	0.433560944980771
2015.94	0.433560944980771
2015.882	0.433796405305706
2016.896	0.433482458205792
2015.934	0.433639431755749
2014.937	0.432854564005965
2010.915	0.433796405305706
2010.915	0.433246997880857
2012.085	0.432776077230987
2011.748	0.432462130131073
2013	0.432963749311945
2013.044	0.432697590456008
2013	0.434143272784462
2013	0.432649209719273
2011.748	0.433325484655835
2010.915	0.434031865630641
2011.096	0.433246997880857
2011.096	0.434267325955576
2011.096	0.434267325955576
2011.047	0.433953378855663
2011.096	0.434031865630641
2011.096	0.434031865630641
2011.871	0.433403971430814
2011.871	0.433403971430814
2011	0.434738246605447
2011	0.434659759830469
2011	0.434659759830469
2012.852	0.434659759830469
2012.852	0.434659759830469
2011.871	0.43458127305549
2011.871	0.43458127305549
2013.038	0.434973706930382
2013.038	0.434973706930382
2013.038	0.43300267674382
2013.038	0.43300267674382
2013.036	0.433796405305706
2013.036	0.433796405305706
2013.038	0.432845221225004
2013.038	0.432845221225004
2013.036	0.434345812730555
2013.038	0.43458127305549
2013.038	0.434345812730555
2013.038	0.43458127305549
2012.866	0.434659759830469
2012.866	0.434659759830469
2015.438	0.435680087905188
2014.008	0.432933050780943
2011.014	0.43560160113021
2011.014	0.43560160113021
2011.666	0.436229495330037
2011.871	0.435837061455145
2011.871	0.435837061455145
2011.871	0.435915548230123
2011.871	0.435915548230123
2011	0.435287654030296
2010.915	0.434816733380425
2011	0.435915548230123
2013.833	0.435758574680166
2013.038	0.43560160113021
2013.038	0.43560160113021
2012.79	0.434591194968553
2012.863	0.43411035240562
2012.863	0.43411035240562
2012.863	0.433639431755749
2012.863	0.433639431755749
2012.186	0.435130680480339
2012.011	0.435209167255317
2011	0.4350562504917
2010.915	0.435366140805274
2011	0.434973706930382
2011	0.435209167255317
2011	0.434973706930382
2011.022	0.434973706930382
2012.79	0.434973706930382
2011.175	0.435209167255317
2011.175	0.435209167255317
2010.915	0.435366140805274
2011.833	0.436151008555058
2012.085	0.43560160113021
2011.773	0.434895220155404
2011.858	0.434895220155404
2011.277	0.435366140805274
2011.277	0.435366140805274
2012	0.435680087905188
2012.904	0.435837061455145
2012.904	0.435837061455145
2012.904	0.435994035005102
2012.904	0.435994035005102
2012.904	0.435994035005102
2012.904	0.435994035005102
2012.995	0.436621929204929
2011	0.435680087905188
2010.833	0.435287654030296
2010.833	0.435130680480339
2013.885	0.434267325955576
2010	0.435994035005102
2011	0.435287654030296
2011	0.435130680480339
2008.962	0.435209167255317
2009.096	0.435287654030296
2010.915	0.435052193705361
2011.852	0.434895220155404
2011.852	0.434895220155404
2009.019	0.435209167255317
2009.019	0.435209167255317
2009.134	0.435069526278576
2009.134	0.434659759830469
2009.134	0.434895220155404
2009.134	0.434895220155404
2009.134	0.434738246605447
2009.134	0.434973706930382
2009.96	0.434345812730555
2009.96	0.434188839180598
2007	0.436386468879994
2008	0.436464955654972
2009	0.436229495330037
2012.085	0.436307982105015
2009.845	0.433796405305706
2009.03	0.435130680480339
2009.019	0.435287654030296
2009.211	0.434410123398569
2013.038	0.434816733380425
2013.038	0.434816733380425
2013.036	0.434165097300691
2013.036	0.434165097300691
2013.038	0.432462130131073
2013.038	0.432462130131073
2013.038	0.432831136220967
2013.036	0.432831136220967
2013.036	0.4330900243309
2013.036	0.4330900243309
2013.036	0.433011537555922
2013.036	0.433011537555922
2009.481	0.434833843978317
2006.915	0.435130680480339
2007.962	0.43458127305549
2009.959	0.433796405305706
2009.079	0.435209167255317
2009.079	0.435758574680166
2009.627	0.434973706930382
2009.627	0.435209167255317
2008.025	0.435052193705361
2007.233	0.434424299505533
2008.809	0.422965230358685
2006.734	0.434738246605447
2007.099	0.43458127305549
2006.951	0.434188839180598
2004.954	0.434252927768608
2005.181	0.43458127305549
2005.074	0.433874892080684
2005.036	0.434345812730555
2005.216	0.434031865630641
2004.24	0.434174329953627
2003.351	0.436464955654972
2002.907	0.436018213220286
2001	0.436502319729496
2004	0.436307982105015
2008.306	0.434345812730555
2017	0.429423771392683
2016	0.433192023865599
2020.609	0.429894802951798
2001	0.437171336629778
2013.153	0.434502786280512
2012	0.432844065656566
2005.507	0.432933050780943
2005.507	0.433011537555922
2007.23	0.432540616906051
2008.73	0.430578447531591
2010.855	0.433011537555922
2008.306	0.431912722706224
2009.742	0.432226669806138
2008.254	0.43261910368103
2008.407	0.431991209481202
2009.145	0.433168511105879
2009.074	0.431363315281375
2008.287	0.432933050780943
2016.353	0.431746779767515
2011.817	0.431755749156267
2009	0.433560944980771
2010.414	0.433474377056888
2010.299	0.433631092305281
2009.668	0.432776077230987
2011.277	0.431520288831332
2010.863	0.431206341731418
2009.608	0.431991209481202
2010.767	0.431912722706224
2010.014	0.433120012641226
2010.592	0.430342987206656
2010.592	0.430264500431677
2017.967	0.435837061455145
2009.592	0.433246997880857
2005.679	0.433482458205792
2003	0.433639431755749
2013.162	0.431250993482753
2012.579	0.429165685581979
2006.255	0.43112785495644
2006.219	0.431284828506397
2007.907	0.433066541117389
2007.904	0.432595731324545
2014	0.431206341731418
2015	0.431912722706224
2011.773	0.430892394631505
2011.044	0.431206341731418
2015.011	0.431677262381289
2009.249	0.431677262381289
2014	0.430735421081548
2012.415	0.430656934306569
2014	0.42814535750726
2011.893	0.43159877560631
2012.923	0.43261910368103
2012.424	0.430186013656699
2011.236	0.431755749156267
2013.23	0.431520288831332
2011.973	0.432226669806138
2011.879	0.432069696256181
2011.833	0.431755749156267
2011.814	0.432148183031159
2012.369	0.432148183031159
2009.09	0.433482458205792
2011.088	0.430656934306569
2012.082	0.429008712032023
2010.86	0.428537791382152
2012.087	0.427517463307433
2015	0.424613452633231
2008.074	0.4330900243309
2009.203	0.432776077230987
2005.471	0.434424299505533
2006.137	0.432697590456008
2004	0.434635907093534
2004	0.43260903794678
2005	0.433403971430814
2006	0.432697590456008
2014.816	0.42717682254763
2010.803	0.433081404503228
2010.781	0.432451582427964
2008.415	0.431937172774869
2010.085	0.429222648752399
2012	0.429950553331764
2011.466	0.431349393796253
2017.378	0.426584479216058
2019.748	0.428672649976382
2016.298	0.43267632391356
2017.337	0.428718191876087
2018.964	0.428006954322744
2007	0.430404660683357
2007.252	0.430813907856526
2015.058	0.429244172356958
2014.521	0.427360489757476
2013.942	0.425287356321839
2005.912	0.4330900243309
2005.6	0.434345812730555
2004.26	0.434188839180598
2005.792	0.433246997880857
2006.693	0.432540616906051
2009.153	0.43112785495644
2006.805	0.430970881406483
2006.808	0.430970881406483
2006.792	0.431049368181461
2007.211	0.430877027239805
2006.838	0.431743032593292
2006.847	0.431900488112108
2005.855	0.432294126909148
2012.06	0.432305156581116
2007.285	0.430011021886317
2007.2	0.430089749645725
2011.619	0.428830105495198
2008.115	0.429774838608093
2008.074	0.430011021886317
2008.082	0.430011021886317
2009.942	0.428672649976382
2009.707	0.428672649976382
2012.008	0.424657534246575
2012.046	0.424578806487167
2010.603	0.427413005825854
2011.162	0.427806644622894
2011.688	0.42717682254763
2011.008	0.427727916863486
2011.008	0.427885372382302
2010.858	0.425838450637695
2009.058	0.42796410014171
2010.288	0.427255550307038
2010.285	0.427491733585262
2012.117	0.425287356321839
2010.729	0.427727916863486
2013.123	0.42678318375059
2009.468	0.428121555660526
2010	0.427197583849944
2010.666	0.42875137773579
2012.385	0.428987561014014
2013.389	0.428987561014014
2010.364	0.428014014970537
2010.364	0.428200283419934
2005.926	0.432530310187372
2008.519	0.432462130131073
2007.625	0.430955754999213
2005.471	0.430640843961581
2009.071	0.430955754999213
2008.705	0.430640843961581
2009.605	0.430168477405133
2008.667	0.430011021886317
2008.669	0.429696110848685
2007.37	0.431349393796253
2007.844	0.430877027239805
2008.672	0.429066288773422
2008.314	0.430719571720989
2007.6	0.431664304833884
2007.775	0.431743032593292
2007.77	0.4318217603527
2007.559	0.431428121555661
2007.89	0.430877027239805
2005.784	0.431349393796253
2006.901	0.431979215871516
2006.271	0.430955754999213
2016.779	0.426704455991183
2017.142	0.42371280113368
2005.74	0.431506849315068
2006.718	0.430562116202173
2006.704	0.430562116202173
2006.699	0.430562116202173
2006.693	0.430719571720989
2007.54	0.432697590456008
2009.211	0.430011021886317
2010.493	0.429302472051645
2011.91	0.428042827901118
2011.132	0.428042827901118
2010.841	0.428279011179342
2010.841	0.428279011179342
2010.614	0.425476807157994
2011.8	0.425084373283102
2011.545	0.425555293932972
2011.255	0.425476807157994
2011.247	0.425241346833059
2016.779	0.427125029432541
2017.219	0.426811082332627
2016.377	0.426261674907778
2016.377	0.426261674907778
2016.071	0.427046542657562
2013.811	0.429008712032023
2018.063	0.429008712032023
2017.414	0.428380817832195
2017.603	0.427595950082411
2018.027	0.425633780707951
2017.888	0.426340161682756
2017.252	0.425947727807864
2016.475	0.427125029432541
2016.227	0.427517463307433
2017.386	0.427909897182325
2017.197	0.427831410407346
2018.874	0.425555293932972
2018.671	0.429479632681893
2018.077	0.429322659131936
2018.786	0.429479632681893
2018.948	0.429165685581979
2018.863	0.428380817832195
2018.784	0.429008712032023
2017.953	0.428223844282238
2018.819	0.428851738482066
2018.91	0.428851738482066
2018.825	0.429311969839774
2017.693	0.426732595557649
2010.027	0.429617383089277
2012.12	0.427752923632368
2009.132	0.42875137773579
2011.658	0.426889569107605
2011.455	0.427885372382302
2012.12	0.427727916863486
2012.194	0.427098094788222
2012.063	0.426232089434735
2011.504	0.42717682254763
2011.392	0.427649189104078
2012.033	0.428121555660526
2011.238	0.428436466698158
2011.912	0.427806644622894
2012.178	0.426468272712959
2010.89	0.428515194457566
2012.093	0.43010752688172
2012.798	0.429322659131936
2013.595	0.429244172356958
2014.904	0.429715093006828
2014.956	0.429322659131936
2012.312	0.429793579781807
2011.951	0.428908833254606
2012.216	0.426732595557649
2010	0.428436466698158
2010.699	0.428908833254606
2011.879	0.427649189104078
2010.641	0.429381199811053
2012.24	0.42796410014171
2012	0.428233624970442
2012	0.428200283419934
2007.356	0.430247205164541
2006.186	0.431270666036845
2006.178	0.430798299480397
2006.082	0.431270666036845
2006.929	0.430798299480397
2006.923	0.430640843961581
2010.148	0.428672649976382
2009.838	0.428121555660526
2006.953	0.430798299480397
2006.66	0.430877027239805
2006.03	0.430483388442765
2012.754	0.432372854668556
2009.233	0.429302472051645
2006.693	0.429696110848685
2008.246	0.428380817832195
2009.268	0.428930225257044
2009.266	0.428851738482066
2009.263	0.428773251707087
2009.26	0.428930225257044
2009.189	0.428459304607174
2009.759	0.427360489757476
2008.746	0.428223844282238
2011.945	0.424613452633231
2011.797	0.425712267482929
2010.685	0.425947727807864
2011.973	0.425005886508123
2011.238	0.424927399733145
2011.066	0.427046542657562
2009.397	0.427125029432541
2010.479	0.4261831881328
2011.663	0.425790754257908
2011.005	0.425947727807864
2011.184	0.4261831881328
2014.942	0.424534965858253
2010.556	0.426968055882584
2010.556	0.427203516207519
2011.247	0.425947727807864
2011.682	0.425319833608037
2009	0.428302331057217
2010.71	0.427885372382302
2010.71	0.427649189104078
2008.328	0.428930225257044
2011.616	0.425555293932972
2008.194	0.430798299480397
2010.685	0.430168477405133
2009.214	0.431113210518029
2011.392	0.432540616906051
2011.085	0.432462130131073
2012.771	0.430735421081548
2011.449	0.429401145906915
2012.292	0.427125029432541
2013.233	0.428694764932109
2012.025	0.42963660623185
2010.893	0.420767600659289
2011.263	0.429008712032023
2017.66	0.427282002982497
2016.74	0.428066870732282
2011.493	0.430092151255164
2014.512	0.430578447531591
2013.964	0.431049368181461
2011.496	0.429715093006828
2013.71	0.428066870732282
2011.027	0.428851738482066
2013.06	0.42997330821165
2012.601	0.429715093006828
2015.762	0.429793579781807
2016.432	0.428930225257044
2017.866	0.425398320383015
2017.584	0.427125029432541
2016.667	0.426261674907778
2018.005	0.425005886508123
2018.488	0.425084373283102
2018.003	0.425241346833059
2018.614	0.4261831881328
2017.885	0.428066870732282
2018.266	0.427334278066446
2016.91	0.427595950082411
2011.677	0.429401145906915
2014.189	0.429872066556785
2018.46	0.429165685581979
2017.063	0.429401145906915
2016.15	0.428694764932109
2017.392	0.427438976532454
2012.773	0.427909897182325
2017.367	0.4261831881328
2010.953	0.430264500431677
2012.702	0.427595950082411
2018.521	0.427517463307433
2019	0.429479632681893
2017.312	0.430421473981634
2017.052	0.430186013656699
2017.964	0.430186013656699
2017.704	0.430656934306569
2018.118	0.430578447531591
2018	0.428537791382152
2015.652	0.430892394631505
2015.041	0.431834235931246
2015.825	0.431049368181461
2016.915	0.430970881406483
2015.397	0.432148183031159
2015.186	0.431363315281375
2016	0.43010752688172
2011.647	0.428773251707087
2012.052	0.429367883784845
2007	0.431520288831332
2011.096	0.429145966406435
2013.285	0.427988383957303
2010.874	0.428930225257044
2011.34	0.428066870732282
2014.896	0.431049368181461
2015.323	0.431206341731418
2018.044	0.43112785495644
2017.156	0.431520288831332
2018.37	0.430970881406483
2018.332	0.430735421081548
2016.09	0.431520288831332
2016.74	0.431441802056354
2012.279	0.429770872567483
2011.912	0.426468272712959
2011.162	0.432462130131073
2010.756	0.430421473981634
2012.795	0.428694764932109
2010.033	0.429479632681893
2014	0.427595950082411
2012.314	0.431585577074476
2006	0.432028917177432
2005.66	0.433482458205792
2005	0.433011537555922
2008.672	0.43159877560631
2008.653	0.431834235931246
2011.696	0.426889569107605
2008.038	0.431520288831332
2017.543	0.422216973704928
2017.858	0.428639165481271
2010.978	0.429066288773422
2012	0.430186013656699
2013	0.429793579781807
2014	0.429872066556785
2015	0.429538655329869
2014	0.428930225257044
2011.918	0.391335060042383
2013.082	0.427203516207519
2014	0.426575622007692
2014	0.426889569107605
2016	0.42469193940821
2017.351	0.423593124558512
2014	0.425398320383015
2013	0.425241346833059
2013	0.425790754257908
2013	0.425869241032886
2015	0.428694764932109
2012.582	0.429558119456872
2010.923	0.428302331057217
2013	0.428930225257044
2013	0.427360489757476
2013	0.428616278157131
2014	0.427909897182325
2013	0.427360489757476
2014	0.424299505533318
2011.085	0.431699190861495
2015.805	0.431107954545455
2007.636	0.433403971430814
2005.951	0.433874892080684
2005.529	0.434031865630641
2005.526	0.434031865630641
2003	0.437642257279648
2003	0.438119981105338
2016	0.432226669806138
2015	0.432540616906051
1992	0.441645082803548
1995	0.440361209265803
1983	0.444208873184138
1985	0.442401382995442
1981.129	0.443921199277922
1992	0.444889622122712
1984	0.444234553325462
1981.112	0.44352876540303
1979.932	0.442116003453418
1979.932	0.44250843732831
