1976	0.428942398489141
1977	0.427683349071451
1979	0.426603699330972
2005	0.42553865652725
2005	0.425480012590494
1975	0.430280138495436
1975	0.430280138495436
1971	0.430280138495436
1970	0.429807994963802
1967	0.428627636134718
1966	0.430988353792886
1961	0.432305156581116
1957	0.432933050780943
1977.312	0.428785017311929
1977.293	0.428312873780296
1977.293	0.428942398489141
1977.312	0.427998111425873
1977.312	0.429178470254958
1977.312	0.429099779666352
1977.277	0.428470254957507
1977.277	0.428470254957507
1977.277	0.428627636134718
1977.277	0.428470254957507
1977.277	0.42823418319169
1977.277	0.428391564368901
1977.277	0.428706326723324
1977.277	0.428548945546113
1977.293	0.428357385064269
1977.293	0.428627636134718
1977.293	0.428368458441866
1977.293	0.428436243198486
1977.293	0.428470254957507
1977.312	0.428863707900535
1977.312	0.428470254957507
1977.312	0.429807994963802
1977.312	0.428955271060534
1977.293	0.428515101332702
1977.293	0.428988250138002
1977.293	0.428695377819845
1977.293	0.428672817601136
1977.293	0.428548945546113
1977.293	0.428548945546113
1977.293	0.428470254957507
1977.293	0.428627636134718
1978.052	0.42818685669042
1978.052	0.428243489274123
1978.014	0.428076802014479
1978.014	0.427683349071451
1978	0.428155492603085
1977.323	0.428391564368901
1977.323	0.428076802014479
1977.323	0.428706326723324
1977.323	0.428312873780296
1977.323	0.428548945546113
1977.293	0.429988193624557
1977.312	0.43020144790683
1977	0.430486554688116
1976	0.429178470254958
1976	0.429257160843563
1978	0.427604658482845
1977	0.428537791382152
1976	0.429807994963802
1977	0.430247205164541
1977	0.430247205164541
1977	0.428076802014479
1977	0.428076802014479
1977	0.428785017311929
1977	0.428627636134718
1978	0.42823418319169
1978	0.428312873780296
1978	0.428391564368901
1976	0.429178470254958
1976	0.429729304375197
1976	0.429729304375197
1976	0.429807994963802
1977	0.427604658482845
1977	0.42823418319169
1977	0.428312873780296
1978	0.42823418319169
1977	0.428548945546113
1977	0.428470254957507
1977	0.429021089077746
1977	0.428627636134718
1977	0.428627636134718
1977	0.428627636134718
1977	0.428627636134718
1977	0.428785017311929
1977	0.428627636134718
1977	0.428627636134718
1976	0.428548945546113
1975	0.428548945546113
1977	0.428391564368901
1976	0.429257160843563
1981	0.425637393767705
1980	0.425716084356311
1978	0.427211205539817
1976	0.428548945546113
1976	0.428548945546113
1977	0.428942398489141
1976	0.429650613786591
1977	0.429872066556785
1977.277	0.429571923197986
1979.989	0.428717224054012
1979.989	0.428851738482066
1979.989	0.428773251707087
1979.989	0.429008712032023
1979.989	0.429008712032023
1979.907	0.429201101928375
1979.989	0.429008712032023
1979.989	0.429371843434343
1979.989	0.428851738482066
1979.989	0.429244172356958
1979.989	0.428930225257044
1979.989	0.429087198807001
1978	0.429965376141014
1978	0.42949323260938
1978	0.429335851432169
1978	0.429414542020774
1980	0.429571923197986
1980	0.429043683589138
1980	0.429021089077746
1980	0.429178470254958
1980	0.429099779666352
1979	0.428312873780296
1987	0.426817752596789
2003	0.426424299653761
1985	0.427289896128423
1985	0.427289896128423
1985	0.427211205539817
1987	0.427289896128423
1988	0.427132514951212
1988	0.42823418319169
1988	0.42823418319169
1987	0.42752596789424
1987	0.427919420837268
1986	0.427368586717029
1980	0.428785017311929
1981	0.427683349071451
1981	0.428155492603085
1981	0.427840730248662
1981	0.427840730248662
1981	0.428256591892956
1981	0.427919420837268
1977	0.429571923197986
1977	0.429335851432169
1977	0.429414542020774
1977	0.429335851432169
1934	0.440232320853936
1931	0.440467781178871
1931	0.440467781178871
1942	0.442351463778353
1931	0.441566596028569
1931	0.441723569578526
