2018.542	0.436472346786248
2018.542	0.436787034851703
2017.507	0.437731099048069
2017.507	0.43733773896625
2017.507	0.437416410982613
2017.507	0.437416410982613
2017.507	0.437416410982613
2017.507	0.437495082998977
2017.507	0.437495082998977
2017.507	0.437495082998977
2017.507	0.437495082998977
2017.507	0.437416410982613
2017.507	0.437495082998977
2017.507	0.437495082998977
2017.507	0.437180394933522
2017.507	0.437180394933522
2017.507	0.437259066949886
2017.507	0.437259066949886
2017.507	0.437180394933522
2017.507	0.437180394933522
2017.507	0.437180394933522
2017.507	0.437180394933522
2017.507	0.437180394933522
2017.507	0.437259066949886
2017.507	0.437259066949886
2017.507	0.437180394933522
2017.507	0.437259066949886
2017.507	0.437259066949886
2018.096	0.43733773896625
2018.096	0.437416410982613
2018.096	0.437416410982613
2018.096	0.437416410982613
2018.096	0.437259066949886
2018.096	0.43733773896625
2018.096	0.437259066949886
2018.096	0.43733773896625
2018.096	0.437495082998977
2018.096	0.437259066949886
2018.096	0.437495082998977
2018.096	0.437416410982613
2018.096	0.43733773896625
2018.096	0.43733773896625
2018.096	0.437416410982613
2018.096	0.437416410982613
2018.096	0.437416410982613
2018.096	0.437416410982613
2018.096	0.437416410982613
2018.096	0.43733773896625
2018.096	0.43733773896625
2018.096	0.43733773896625
2018.096	0.437416410982613
2018.096	0.437416410982613
2018.096	0.43733773896625
2018.096	0.437180394933522
2018.096	0.437495082998977
2018.096	0.437259066949886
2018.096	0.437416410982613
2018.096	0.437259066949886
2018.096	0.43733773896625
2018.096	0.43733773896625
2018.096	0.43733773896625
2018.096	0.437416410982613
2018.096	0.437180394933522
2018.096	0.437416410982613
2018.096	0.437495082998977
2018.096	0.437495082998977
2018.096	0.43733773896625
2018.096	0.437416410982613
2018.096	0.437416410982613
2018.096	0.437259066949886
2018.096	0.437180394933522
2018.096	0.437259066949886
2018.096	0.437259066949886
2018.096	0.43733773896625
2018.096	0.437259066949886
2018.096	0.437259066949886
2018.096	0.43733773896625
2007	0.441060749134404
2015.03	0.438227887944602
2006.329	0.44184765502046
2007.754	0.441060749134404
2010.915	0.439565627950897
2012.735	0.439959080893925
2012.814	0.440037771482531
2012.776	0.440037771482531
2012.749	0.439723009128108
2012.831	0.439644318539503
2012.831	0.439486937362292
2012.008	0.439408246773686
2012.008	0.439290479554195
2012.008	0.43932955618508
2012.831	0.43932955618508
2011.937	0.439408246773686
2012.831	0.439486937362292
2012.008	0.439682913429087
2012.008	0.43932955618508
2012.008	0.439486937362292
2012.831	0.439486937362292
2014.866	0.439801699716714
2016.915	0.438700031476235
2017.126	0.438385269121813
2010.973	0.439408246773686
2013.079	0.439486937362292
2013.156	0.439565627950897
2013.274	0.439486937362292
2016.071	0.437991816178785
2014.46	0.439172175007869
2018.329	0.437913125590179
2017.479	0.437440982058546
2017.329	0.43733773896625
2016.956	0.438385269121813
2017.052	0.439014793830658
2016.071	0.437913125590179
2015.959	0.435788479697828
2016.109	0.435709789109223
2016.339	0.436181932640856
2016.915	0.437913125590179
2017.321	0.436968838526912
2012.814	0.439486937362292
2012.929	0.439093484419263
2015.345	0.43862134088763
2013.074	0.438463959710419
2012.964	0.439172175007869
2013.079	0.438857412653447
2012.929	0.439250865596475
2012.85	0.439408246773686
2013.079	0.439723009128108
2013.693	0.43988039030532
2013.195	0.439565627950897
2015.348	0.437440982058546
2015.34	0.437440982058546
2013.885	0.438778722064841
2013.655	0.439172175007869
2013.351	0.439723009128108
2013.619	0.439408246773686
2013.463	0.439486937362292
2013.23	0.43932955618508
2013.236	0.439565627950897
2013.351	0.439801699716714
2013.23	0.439644318539503
2013.23	0.439565627950897
2013.463	0.439250865596475
2013.962	0.439565627950897
2016.221	0.437283600881335
2015.282	0.438505611804411
2014.94	0.438584098579389
2015.345	0.438113177929519
2015.033	0.438348638254454
2017.299	0.436857389529864
2016.399	0.43803469115454
2016.609	0.437877717604584
2016.383	0.437799230829605
2016.552	0.438270151479476
2016.609	0.438662585354368
2016.762	0.438348638254454
2018.022	0.437406796954713
2017.167	0.437642257279648
2014.633	0.439761400204066
2014.595	0.438936103242052
2013.351	0.439486937362292
2013.236	0.439644318539503
2012.964	0.439723009128108
2013.079	0.439250865596475
2012.964	0.43932955618508
2013.195	0.439644318539503
2013.543	0.439250865596475
2013.543	0.440037771482531
2013.501	0.440037771482531
2013.463	0.439959080893925
2013.195	0.439644318539503
2013.351	0.439644318539503
2013.463	0.439250865596475
2013.389	0.438936103242052
2013.619	0.438778722064841
2011.334	0.439723009128108
2015.227	0.438385269121813
2015.227	0.438385269121813
2012.792	0.439014793830658
2012.792	0.439093484419263
2016.803	0.438070506767391
2017.318	0.437598363235757
2016.664	0.437991816178785
2016.342	0.437991816178785
2012.317	0.440431224425559
2010.932	0.440352533836953
2011.937	0.440195152659742
2012.831	0.440195152659742
2011.937	0.440273843248348
2016.033	0.439565627950897
2013.773	0.441060749134404
2014.052	0.441060749134404
2012.511	0.440824677368587
2012.317	0.44129682090022
2012.451	0.441139439723009
2012.085	0.440903367957192
2012.929	0.440667296191376
2012.776	0.44129682090022
2012.107	0.440745986779981
2012.087	0.441139439723009
2012.415	0.44058860560277
2012.926	0.440352533836953
2016.798	0.44255587031791
2017.564	0.4438149197356
2012.309	0.439644318539503
2013.151	0.44058860560277
2012.664	0.440745986779981
2012.664	0.440745986779981
2012.664	0.440903367957192
2012.664	0.440745986779981
2012.664	0.440667296191376
2012.664	0.440667296191376
2012.664	0.440745986779981
2012.664	0.440745986779981
2012.664	0.440824677368587
2012.907	0.44058860560277
2012.664	0.440667296191376
2012.664	0.44058860560277
2012.664	0.440745986779981
2012.664	0.440667296191376
2012.664	0.440745986779981
2012.664	0.440745986779981
2012.568	0.44058860560277
2012.664	0.440745986779981
2012.664	0.440667296191376
2012.664	0.440431224425559
2013.151	0.440667296191376
2013.137	0.440667296191376
2013.151	0.44058860560277
2013.137	0.440352533836953
2013.137	0.440667296191376
2013.151	0.440745986779981
2013.151	0.44058860560277
2013.137	0.440431224425559
2013.137	0.440667296191376
2013.137	0.440273843248348
2013.151	0.440824677368587
2013.137	0.440667296191376
2013.137	0.440667296191376
2013.137	0.440667296191376
2013.137	0.440195152659742
2013.137	0.440667296191376
2013.137	0.440667296191376
2013.137	0.440745986779981
2013.137	0.440667296191376
2012.664	0.440745986779981
2013.137	0.44058860560277
2012.664	0.440824677368587
2012.664	0.440667296191376
2013.151	0.44058860560277
2013.137	0.440509915014164
2012.369	0.440195152659742
2013.121	0.440195152659742
2013.729	0.437834435001574
2012.292	0.440667296191376
2012.183	0.441060749134404
2012.183	0.44058860560277
2010.992	0.440667296191376
2008.41	0.441375511488826
2009.137	0.43988039030532
2012.221	0.441060749134404
2009.386	0.441611583254643
2015.156	0.43862134088763
2010.159	0.440037771482531
2012.801	0.44058860560277
2012.907	0.440667296191376
2012.929	0.440509915014164
2011.8	0.441611583254643
2012.249	0.442083726786276
2017.299	0.439486937362292
2016.893	0.441375511488826
2017.041	0.441060749134404
2013.545	0.443028013849544
2017.301	0.441454202077432
2017.375	0.438070506767391
2014.167	0.441218130311615
2011.915	0.440116462071136
2014.693	0.437126219704123
2016.798	0.436339313818067
2017.932	0.436496694995279
2017.326	0.436260623229462
2016.686	0.441454202077432
2005	0.442162417374882
2005.417	0.442791942083727
2005	0.442870632672332
2005.526	0.442005036197671
2009.252	0.442005036197671
2006.145	0.44129682090022
2009.405	0.441375511488826
2006.984	0.44129682090022
2007.789	0.441611583254643
2007	0.441690273843248
2005.773	0.442870632672332
2005.764	0.442949323260938
2012.806	0.441218130311615
2005.052	0.441768964431854
2006.491	0.441454202077432
2009.496	0.441454202077432
2005.381	0.44255587031791
2005.304	0.442083726786276
2005.066	0.442398489140699
2005.066	0.442319798552093
2008.459	0.439093484419263
2008.459	0.439093484419263
2013.926	0.439694536293497
2015.082	0.439930719571721
2015.082	0.439930719571721
2015.082	0.439930719571721
2015.082	0.439930719571721
2015.082	0.439930719571721
2015.082	0.440009447331129
2015.082	0.439773264052905
2015.082	0.439930719571721
2015.082	0.439930719571721
2015.082	0.439930719571721
2015.082	0.439930719571721
2015.082	0.439930719571721
2015.082	0.439930719571721
2015.082	0.439930719571721
2015.082	0.439930719571721
2015.082	0.439851991812313
2015.082	0.439930719571721
2015.082	0.439930719571721
2015.082	0.439930719571721
2015.082	0.439930719571721
2015.082	0.440009447331129
2015.082	0.439930719571721
2015.082	0.439930719571721
2015.082	0.439930719571721
2015.082	0.439930719571721
2015.082	0.440009447331129
2015.082	0.439851991812313
2015.082	0.439930719571721
2015.082	0.439930719571721
2015.082	0.439930719571721
2015.082	0.439537080774681
2015.082	0.439615808534089
2015.082	0.439694536293497
2015.082	0.439615808534089
2015.082	0.439773264052905
2015.082	0.439615808534089
2015.082	0.439615808534089
2015.082	0.439615808534089
2015.082	0.439615808534089
2015.515	0.439537080774681
2015.932	0.439143441977641
2015.932	0.439143441977641
2015.932	0.439222169737049
2015.932	0.439064714218233
2015.932	0.439064714218233
2015.932	0.439143441977641
2015.932	0.439064714218233
2015.932	0.438985986458825
2015.932	0.438985986458825
2015.932	0.439064714218233
2015.932	0.439222169737049
2015.932	0.438907258699417
2015.934	0.438985986458825
2015.932	0.439379625255865
2015.934	0.439300897496457
2015.934	0.439143441977641
2015.934	0.439222169737049
2015.934	0.439458353015273
2015.934	0.439379625255865
2015.934	0.439222169737049
2015.932	0.439143441977641
2015.932	0.439143441977641
2015.932	0.439379625255865
2015.932	0.439143441977641
2015.932	0.439064714218233
2015.932	0.439143441977641
2015.932	0.439143441977641
2015.932	0.439143441977641
2015.932	0.439458353015273
2015.932	0.439064714218233
2015.934	0.439300897496457
2014.534	0.439458353015273
2014.534	0.439537080774681
2014.534	0.439615808534089
2014.534	0.439615808534089
2014.534	0.439615808534089
2014.534	0.439615808534089
2014.534	0.439615808534089
2014.534	0.439615808534089
2014.534	0.439773264052905
2014.534	0.439537080774681
2014.534	0.439694536293497
2014.534	0.439537080774681
2014.534	0.439458353015273
2014.534	0.439615808534089
2014.534	0.439379625255865
2014.534	0.439615808534089
2014.534	0.439694536293497
2014.534	0.439537080774681
2014.534	0.439694536293497
2014.534	0.439694536293497
2014.534	0.439222169737049
2014.534	0.439300897496457
2014.534	0.439379625255865
2013.926	0.439300897496457
2013.926	0.440166902849945
2013.926	0.440324358368761
2013.926	0.440009447331129
2012	0.438227887944602
2012	0.438306578533207
2017.986	0.438149197355996
2017.052	0.438463959710419
2012.309	0.440431224425559
2013.121	0.439486937362292
2013.195	0.43988039030532
2013.389	0.439801699716714
2013.619	0.439801699716714
2013.926	0.439486937362292
2013.811	0.439565627950897
2013.773	0.439486937362292
2013.693	0.440037771482531
2013.885	0.43932955618508
2013.849	0.439565627950897
2014.422	0.439644318539503
2014.173	0.43988039030532
2013.619	0.438306578533207
2015.055	0.438463959710419
