2018.542	1.13040496796428
2018.542	1.12741049266346
2017.507	1.11691577545045
2017.507	1.11637881848791
2017.507	1.11547724063775
2017.507	1.11664845851108
2017.507	1.11664845851108
2017.507	1.11574739059657
2017.507	1.11574739059657
2017.507	1.11574739059657
2017.507	1.11574739059657
2017.507	1.11664845851108
2017.507	1.11574739059657
2017.507	1.11574739059657
2017.507	1.11935822121609
2017.507	1.11935822121609
2017.507	1.11935822121609
2017.507	1.11935822121609
2017.507	1.11935822121609
2017.507	1.11935822121609
2017.507	1.11935822121609
2017.507	1.11935822121609
2017.507	1.11818525641015
2017.507	1.11935822121609
2017.507	1.11935822121609
2017.507	1.11935822121609
2017.507	1.11935822121609
2017.507	1.11935822121609
2018.096	1.11574739059657
2018.096	1.11691577545045
2018.096	1.11188182882414
2018.096	1.11574739059657
2018.096	1.11691577545045
2018.096	1.11691577545045
2018.096	1.11691577545045
2018.096	1.11484741290332
2018.096	1.11601521852237
2018.096	1.11601521852237
2018.096	1.11691577545045
2018.096	1.11484741290332
2018.096	1.11484741290332
2018.096	1.11484741290332
2018.096	1.11718077948637
2018.096	1.11394852367326
2018.096	1.11484741290332
2018.096	1.11484741290332
2018.096	1.11601521852237
2018.096	1.11484741290332
2018.096	1.11574739059657
2018.096	1.11484741290332
2018.096	1.11484741290332
2018.096	1.11601521852237
2018.096	1.11574739059657
2018.096	1.11484741290332
2018.096	1.11484741290332
2018.096	1.11664845851108
2018.096	1.11484741290332
2018.096	1.11574739059657
2018.096	1.11484741290332
2018.096	1.11484741290332
2018.096	1.11574739059657
2018.096	1.11484741290332
2018.096	1.11484741290332
2018.096	1.11511575031911
2018.096	1.11601521852237
2018.096	1.11484741290332
2018.096	1.11664845851108
2018.096	1.11574739059657
2018.096	1.11484741290332
2018.096	1.11574739059657
2018.096	1.11457675450642
2018.096	1.11574739059657
2018.096	1.11574739059657
2018.096	1.11574739059657
2018.096	1.11664845851108
2018.096	1.11574739059657
2018.096	1.11574739059657
2007	1.09713784122503
2015.03	1.08895744145052
2006.329	1.10718102569961
2007.754	1.10210911704589
2010.915	1.10025542593863
2012.735	1.11054300147452
2012.814	1.11078832569643
2012.776	1.10941096173077
2012.749	1.09561762702141
2012.831	1.09474340592952
2012.831	1.09184828948828
2012.008	1.09097777065543
2012.008	1.09119872560733
2012.008	1.09097777065543
2012.831	1.09184828948828
2011.937	1.09212701155076
2012.831	1.09299809986035
2012.008	1.09524020236884
2012.008	1.09359245580695
2012.008	1.09184828948828
2012.831	1.09097777065543
2014.866	1.09034680246625
2016.915	1.10361728670534
2017.126	1.08519876028909
2010.973	1.11883751646235
2013.079	1.11562489375514
2013.156	1.1135964848574
2013.274	1.11448682780394
2016.071	1.12164817052506
2014.46	1.11845876034123
2018.329	1.10734664558212
2017.479	1.12279067152341
2017.329	1.1124238605335
2016.956	1.11099609442477
2017.052	1.11398582436806
2016.071	1.12958835850967
2015.959	1.13160826686308
2016.109	1.13502584699706
2016.339	1.13204040593543
2016.915	1.10495482706888
2017.321	1.10796748664522
2012.814	1.12914384567222
2012.929	1.12869704236611
2015.345	1.1031883128396
2013.074	1.12530390307383
2012.964	1.12892152109341
2013.079	1.1295998194085
2012.929	1.12779534714156
2012.85	1.12892152109341
2013.079	1.11029548309227
2013.693	1.10283762704545
2013.195	1.10802381970292
2015.348	1.11679986766059
2015.34	1.11590265952836
2013.885	1.11080192506538
2013.655	1.11042676650047
2013.351	1.11029548309227
2013.619	1.11384416795152
2013.463	1.10714040429477
2013.23	1.11181899673706
2013.236	1.10802381970292
2013.351	1.10512007508986
2013.23	1.1089082928824
2013.23	1.10169314066478
2013.463	1.10610432
2013.962	1.11968171155061
2016.221	1.10947978947705
2015.282	1.11534561319769
2014.94	1.11648826043187
2015.345	1.11941621762542
2015.033	1.11852193668038
2017.299	1.11457899947608
2016.399	1.11331031098383
2016.609	1.11331031098383
2016.383	1.11662409855769
2016.552	1.11787432428731
2016.609	1.11470615654918
2016.762	1.12275939580251
2018.022	1.12111123126354
2017.167	1.11636733292219
2014.633	1.1160921415108
2014.595	1.11042676650047
2013.351	1.1089082928824
2013.236	1.10662684114363
2012.964	1.11270720840266
2013.079	1.11270720840266
2012.964	1.11156807595967
2013.195	1.11156807595967
2013.543	1.11537823894832
2013.543	1.11611158481024
2013.501	1.11408964353341
2013.463	1.11522172111444
2013.195	1.12734369634395
2013.351	1.12958207012587
2013.463	1.1311674009512
2013.389	1.12666701171437
2013.619	1.13072707301784
2011.334	1.1329236003027
2015.227	1.12982047049245
2015.227	1.12710727442414
2012.792	1.12666703779357
2012.792	1.12577018844578
2016.803	1.12824158446052
2017.318	1.12891498427717
2016.664	1.12260695041089
2016.342	1.13344353347582
2012.317	1.10623507499265
2010.932	1.11086640576409
2011.937	1.11151122843917
2012.831	1.11151122843917
2011.937	1.11062925170068
2016.033	1.12842876799356
2013.773	1.1031222294499
2014.052	1.10623507499265
2012.511	1.11486232808698
2012.317	1.11355351706457
2012.451	1.11664689600633
2012.085	1.10934264645313
2012.929	1.11819437310068
2012.776	1.11133428495664
2012.107	1.11198236627309
2012.087	1.11133428495664
2012.415	1.10822829134399
2012.926	1.11133428495664
2016.798	1.13144991287454
2017.564	1.10182298627839
2012.309	1.10974832430983
2013.151	1.1164250784836
2012.664	1.1164250784836
2012.664	1.1155420054879
2012.664	1.1155420054879
2012.664	1.1155420054879
2012.664	1.11730920046716
2012.664	1.1164250784836
2012.664	1.1164250784836
2012.664	1.1155420054879
2012.664	1.1155420054879
2012.907	1.11730920046716
2012.664	1.11531756196365
2012.664	1.1164250784836
2012.664	1.1164250784836
2012.664	1.11730920046716
2012.664	1.1155420054879
2012.664	1.1164250784836
2012.568	1.1164250784836
2012.664	1.11730920046716
2012.664	1.1164250784836
2012.664	1.11531756196365
2013.151	1.1164250784836
2013.137	1.1164250784836
2013.151	1.1164250784836
2013.137	1.11753049391123
2013.137	1.1164250784836
2013.151	1.1164250784836
2013.151	1.1164250784836
2013.137	1.11753049391123
2013.137	1.1164250784836
2013.137	1.11753049391123
2013.151	1.11753049391123
2013.137	1.1164250784836
2013.137	1.11730920046716
2013.137	1.1164250784836
2013.137	1.1164250784836
2013.137	1.1164250784836
2013.137	1.1164250784836
2013.137	1.1164250784836
2013.137	1.1164250784836
2012.664	1.11443501595511
2013.137	1.11531756196365
2012.664	1.11730920046716
2012.664	1.11819437310068
2013.151	1.11730920046716
2013.137	1.11730920046716
2012.369	1.10535936944612
2013.121	1.10432825491236
2013.729	1.10361728670534
2012.292	1.1080557489724
2012.183	1.12018597668088
2012.183	1.12018597668088
2010.992	1.1292590314882
2008.41	1.11374741737041
2009.137	1.11327833663153
2012.221	1.10387272799768
2009.386	1.10535936944612
2015.156	1.09932540753321
2010.159	1.10662698412698
2012.801	1.11026550359468
2012.907	1.11026550359468
2012.929	1.1113672490459
2011.8	1.12062072837646
2012.249	1.12787785539408
2017.299	1.10027661324178
2016.893	1.11708425490981
2017.041	1.11510360906777
2013.545	1.10045556962904
2017.301	1.08032326242525
2017.375	1.09832339926179
2014.167	1.1164250784836
2011.915	1.08751694216358
2014.693	1.10503208984642
2016.798	1.0939221879023
2017.932	1.0843057323574
2017.326	1.10005633101203
2016.686	1.13457250914502
2005	1.09702884547689
2005.417	1.09863517399914
2005	1.09529715064738
2005.526	1.09963409810127
2009.252	1.09988157915293
2006.145	1.09565712125461
2009.405	1.10758805179458
2006.984	1.10869923126607
2007.789	1.10638131426722
2007	1.08942626141807
2005.773	1.10147964006862
2005.764	1.10147964006862
2012.806	1.13689071333019
2005.052	1.09504506817947
2006.491	1.09219806383504
2009.496	1.09529715064738
2005.381	1.09554707468226
2005.304	1.09727779648942
2005.066	1.09839100623003
2005.066	1.09839100623003
2008.459	1.10361728670534
2008.459	1.10676373031347
2013.926	1.12166364203912
2015.082	1.12789598764984
2015.082	1.12789598764984
2015.082	1.12789598764984
2015.082	1.12789598764984
2015.082	1.12789598764984
2015.082	1.12700065449389
2015.082	1.12789598764984
2015.082	1.12789598764984
2015.082	1.12789598764984
2015.082	1.12789598764984
2015.082	1.12789598764984
2015.082	1.12789598764984
2015.082	1.12789598764984
2015.082	1.12789598764984
2015.082	1.12789598764984
2015.082	1.12678742832411
2015.082	1.12789598764984
2015.082	1.12789598764984
2015.082	1.12789598764984
2015.082	1.12789598764984
2015.082	1.12789598764984
2015.082	1.12789598764984
2015.082	1.12789598764984
2015.082	1.12789598764984
2015.082	1.12789598764984
2015.082	1.12700065449389
2015.082	1.12789598764984
2015.082	1.12789598764984
2015.082	1.12789598764984
2015.082	1.12388925234736
2015.082	1.12678742832411
2015.082	1.12166364203912
2015.082	1.12478246848723
2015.082	1.12367019596048
2015.082	1.12478246848723
2015.082	1.12478246848723
2015.082	1.12367019596048
2015.082	1.12367019596048
2015.082	1.12478246848723
2015.515	1.1283660025567
2015.932	1.13127751125806
2015.932	1.13127751125806
2015.932	1.13127751125806
2015.932	1.13127751125806
2015.932	1.13127751125806
2015.932	1.13127751125806
2015.932	1.13016419510427
2015.932	1.13217874803671
2015.932	1.13217874803671
2015.932	1.13217874803671
2015.932	1.13037735015484
2015.932	1.13016419510427
2015.934	1.13016419510427
2015.932	1.1283660025567
2015.934	1.13037735015484
2015.934	1.12904874525801
2015.934	1.12814964217182
2015.934	1.12545876741797
2015.934	1.12635465495856
2015.934	1.12904874525801
2015.932	1.12904874525801
2015.932	1.12904874525801
2015.932	1.1252386633332
2015.932	1.12814964217182
2015.932	1.12994892361194
2015.932	1.12814964217182
2015.932	1.12904874525801
2015.932	1.12814964217182
2015.932	1.12545876741797
2015.932	1.12210598337447
2015.934	1.1252386633332
2014.534	1.12077254881348
2014.534	1.12188588469611
2014.534	1.12077254881348
2014.534	1.12077254881348
2014.534	1.12077254881348
2014.534	1.12077254881348
2014.534	1.12077254881348
2014.534	1.12077254881348
2014.534	1.11988251704487
2014.534	1.12077254881348
2014.534	1.12077254881348
2014.534	1.11965708811776
2014.534	1.12077254881348
2014.534	1.12166364203912
2014.534	1.12166364203912
2014.534	1.11988251704487
2014.534	1.12277750865036
2014.534	1.12166364203912
2014.534	1.12277750865036
2014.534	1.12188588469611
2014.534	1.12143927182005
2014.534	1.12255579841033
2014.534	1.12166364203912
2013.926	1.11629791696786
2013.926	1.122997099771
2013.926	1.12032700656114
2013.926	1.12121597856073
2012	1.10823518849168
2012	1.10938972057396
2017.986	1.12375628828756
2017.052	1.1226360287138
2012.309	1.11127242971868
2013.121	1.10714040429477
2013.195	1.10789412227089
2013.389	1.10877602800495
2013.619	1.10852749693463
2013.926	1.10081407176647
2013.811	1.10335962921223
2013.773	1.10335962921223
2013.693	1.10449648785487
2013.885	1.10701326830271
2013.849	1.10701326830271
2014.422	1.10500416981214
2014.173	1.10613346442861
2013.619	1.06918200693461
2015.055	1.1022206068516
