2009.967	1.15070375390748
2010.337	1.13606274191339
2010.359	1.14303882971371
2013.83	1.13451924311869
2013.822	1.13724481389194
2013.773	1.13473394645245
2014.247	1.13090341678643
2016.59	1.12000524283545
2015.841	1.12501163139339
2014.773	1.124746047911
2017.011	1.14845214484108
2017.214	1.11495069957537
2015.318	1.12400338034168
2016.516	1.13090036426543
2017.743	1.11358841901554
2012.915	1.1275111590994
2016.833	1.14159693040201
2015.611	1.1400294801969
2015.611	1.1400294801969
2015.611	1.1400294801969
2015.019	1.12213197299232
2015.036	1.124832109108
2014.4	1.13412999260355
2014.419	1.13503929703094
2016.295	1.14314269634575
2015.844	1.14131366832447
2015.915	1.14314269634575
2016.678	1.14314269634575
2015.885	1.1380406466194
2015.951	1.1489181207831
2016.669	1.15722185854675
2016.085	1.13619996692193
2016.415	1.144688927644
2016.423	1.141015752139
2016.423	1.141015752139
2016.423	1.14506190728843
2016.423	1.14192692459393
2016.423	1.14192692459393
2016.423	1.14375254688381
2016.423	1.14597631085135
2016.404	1.14506190728843
2016.404	1.14506190728843
2016.415	1.14295444596608
2016.331	1.14166120836751
2016.415	1.14135163291449
2016.443	1.141015752139
2016.423	1.14081287830844
2016.423	1.14192692459393
2016.423	1.13899267456429
2017.118	1.14212713377414
2017.833	1.14405885955991
2016.489	1.14741694997327
2015.808	1.145382522757
2016.262	1.14192692459393
2016.052	1.1489181207831
2016.246	1.14148021449704
2021.132	1.13998021834936
2020.598	1.15122562455948
2017.696	1.15352023162206
2017.945	1.15090243053595
2017.233	1.145382522757
2017.011	1.14395161772264
2016.227	1.1424336
2016.227	1.1424336
2016.227	1.1424336
2016.383	1.14222763318741
2016.227	1.14152020119581
2016.199	1.14222763318741
2016.306	1.14355137593103
2016.227	1.1404008
2016.227	1.13927924110821
2016.536	1.14222763318741
2016.536	1.14222763318741
2016.536	1.14222763318741
2016.536	1.14222763318741
2016.536	1.14334809554074
2016.536	1.14110500882998
2016.306	1.1424336
2016.227	1.14222763318741
2016.227	1.1444664
2016.227	1.1444664
2016.227	1.14152020119581
2016.227	1.1424336
2016.15	1.14152020119581
2016.15	1.14152020119581
2016.15	1.1424336
2016.15	1.14355137593103
2016.153	1.1444664
2016.15	1.14355137593103
2016.15	1.14355137593103
2016.15	1.14355137593103
2016.15	1.1444664
2016.15	1.14355137593103
2016.15	1.14355137593103
2016.15	1.14355137593103
2016.15	1.14355137593103
2016.15	1.14355137593103
2016.15	1.1444664
2016.15	1.14355137593103
2016.15	1.14355137593103
2016.15	1.14355137593103
2016.15	1.14355137593103
2016.15	1.14355137593103
2016.15	1.14355137593103
2016.15	1.14355137593103
2016.15	1.1444664
2016.15	1.1444664
2016.074	1.15518090288794
2017.414	1.13958404869585
2017.414	1.13775044634001
2017.414	1.13866669389406
2016.76	1.14865623833114
2016.112	1.15352023162206
2016.052	1.15904967387643
2016.795	1.15255375964408
2016.303	1.15479878506018
2016.257	1.15182629357765
2016.913	1.15109899157031
2017.06	1.15017682137574
2016.574	1.14578047693148
2017.638	1.15058140835045
2016.399	1.1489181207831
2016.219	1.13136432751969
2017.104	1.13794089774408
2016.552	1.13408340763884
2016.391	1.13317595945941
2019.312	1.13500832937004
2020.322	1.13386715868233
2019.962	1.13660762211487
2019.888	1.13752331804722
2016.497	1.13339550225492
2017.137	1.1272758219561
2016.582	1.13654879453751
2016.582	1.13542667699014
2016.497	1.13542667699014
2016.497	1.13542667699014
2016.497	1.13542667699014
2016.497	1.13542667699014
2015.951	1.14405885955991
2016.205	1.1424336
2015.649	1.14152020119581
2015.748	1.14060789737515
2015.877	1.13750518513175
2015.762	1.1462997459617
2016.077	1.13659280884189
2015.852	1.1384186604494
2015.852	1.1384186604494
2016.016	1.1466965516316
2015.953	1.145382522757
2021.258	1.1505648
2020.675	1.1605521406717
2015.953	1.145382522757
2015.455	1.13969668678848
2015.896	1.13702963379844
2015.805	1.13676025707111
2015.46	1.1424336
2016.967	1.14497612459388
2015.652	1.1466965516316
2015.337	1.14283918892711
2015.403	1.1444664
2015.381	1.14466700021278
2015.816	1.14212713377414
2015.332	1.14375254688381
2020.156	1.13507529017224
2020.732	1.14148379416455
2018.118	1.14070343960708
2017.858	1.1388899209119
2017.159	1.1388899209119
2017.871	1.14597631085135
2017.701	1.1447270848967
2015.838	1.1463617386337
2013.159	1.13611946402598
2012.844	1.13045775353236
2012.844	1.12909632
2012.844	1.12796042786863
2012.844	1.12819358462133
2011.09	1.13617774107443
2012.377	1.15072561727542
2011.178	1.12974502689474
2011.51	1.13057905656236
2011.51	1.12370468643551
2012.751	1.15679802076556
2013.016	1.14381658416922
2012.852	1.14582680663701
2012.749	1.14856637961428
2012.415	1.14966552268855
2013.038	1.15149838891446
2011.351	1.14165845446624
2011.356	1.14274831663573
2011.356	1.14274831663573
2012.691	1.14819152563488
2011.6	1.14565026724409
2011.663	1.1480199221011
2011.663	1.14948175425787
2011.778	1.14655897255618
2011.526	1.15277437547594
2011.526	1.15185747404036
2011.836	1.14546968495184
2011.838	1.14237764550265
2011.737	1.14256399355772
2011.737	1.14256399355772
2011.806	1.14147153596422
2012.883	1.14037698412698
2013.195	1.14147153596422
2011.005	1.14510245704655
2010.932	1.14510245704655
2010.91	1.14728933468088
2010.89	1.14619694514034
2010.91	1.14728933468088
2010.91	1.14728933468088
2011.485	1.14271526225189
2010.91	1.14728933468088
2014.693	1.11641404597132
2016.224	1.1239309818787
2019.66	1.12687354669258
2019.726	1.12597078402367
2018.077	1.11206348474742
2015.97	1.12147320200269
2015.57	1.11740989329978
2017.907	1.13295587307824
2016.951	1.14024891523507
2017.795	1.14321815453728
2017.236	1.14046617602574
2017.219	1.1409468243402
2016.776	1.13545931249662
2016.628	1.13819810783357
2020.71	1.13462244824888
2020.667	1.12727566093759
2020.97	1.12310056589708
2021.241	1.12165178571429
2020.765	1.12976297397122
2021.241	1.13697451061426
2020.844	1.13277903271532
2009.271	1.14925575889305
2015.099	1.16999365871383
2015.099	1.1704950084254
2015.099	1.17033342380879
2015.099	1.1704950084254
2014.556	1.16996024303691
2012.923	1.16955277058197
2012.923	1.16637354712812
2012.923	1.16749369880277
2012.923	1.16843427777676
2012.923	1.16843427777676
2012.923	1.16749369880277
2012.923	1.16749369880277
2012.923	1.16749369880277
2012.923	1.16637354712812
2013.926	1.16749369880277
2019.463	1.14967830481429
2019.718	1.14903703703704
2020.175	1.14739934855774
2021.055	1.14875207862444
2020.631	1.15400916323631
2020.169	1.15039465944378
2017.603	1.15479878506018
2016.511	1.16334472552319
2021.23	1.16131648346519
2019.975	1.14711410447177
2020.276	1.14484390923164
2020.484	1.14505834442791
2018.005	1.17023914729381
2017.775	1.1708928
2020.445	1.15255375964408
2020.522	1.15813062453358
2017.625	1.16699206581977
2020.951	1.13663947336062
2020.402	1.1785759760876
2021.167	1.17732145640001
2019.852	1.17433089256407
2020.268	1.17433089256407
2020.402	1.17747744225347
2020.284	1.17040560536949
2021.03	1.16280899030109
2020.402	1.16316782055942
2020.167	1.17198782222417
2019.899	1.17228501992894
2020.689	1.16485860405309
2018.496	1.1799677854335
2018.496	1.17559045947607
2018.581	1.17952167392405
2018.496	1.1785759760876
2018.496	1.17842263783433
2018.581	1.17668798924433
2018.496	1.17668798924433
2018.496	1.1777833841138
2018.496	1.17763141513488
2018.496	1.17668798924433
2018.496	1.17668798924433
2018.496	1.17684059176885
2018.496	1.17668798924433
2018.496	1.1777833841138
2018.496	1.1777833841138
2018.496	1.1777833841138
2018.581	1.17872730984961
2018.581	1.17872730984961
2018.581	1.17872730984961
2018.496	1.18076663045488
2018.414	1.17684059176885
2018.496	1.16886
2018.496	1.16886
2018.496	1.1749584
2018.496	1.1749584
2018.496	1.17480453538171
2019.249	1.17605017169462
2018.414	1.17386450378471
2018.581	1.17386450378471
2018.581	1.17386450378471
2018.496	1.17872730984961
2018.496	1.16869636622028
2018.581	1.16979564935218
2018.581	1.16886
2020.454	1.14004938372936
2020.713	1.16046659537019
2019.825	1.16955277058197
2018.496	1.16930051557116
2018.496	1.16930051557116
2018.496	1.16979564935218
2018.496	1.17668798924433
2018.496	1.17668798924433
2018.882	1.17040560536949
2018.414	1.1749584
2020.361	1.16666030983313
2021.241	1.15684630063653
2021.047	1.15425546258629
2020.842	1.15740650895612
2019.545	1.14916986451562
2017.178	1.1594486647349
2017.586	1.1566632
2019.31	1.13980786125202
2015.8	1.15167607487193
2017.414	1.15833410379684
2017.414	1.15833410379684
2017.414	1.15833410379684
2017.414	1.15751356015779
2017.414	1.15833410379684
2017.414	1.15833410379684
2017.414	1.15833410379684
2017.414	1.15851608428456
2017.414	1.15740650895612
2017.414	1.15944419647189
2017.414	1.15944419647189
2017.414	1.15944419647189
2017.414	1.16148188398766
2017.414	1.15944419647189
2017.414	1.15722185854675
2017.414	1.15944419647189
2017.414	1.15815004929232
2017.414	1.15944419647189
2017.414	1.15944419647189
2017.414	1.15722185854675
2017.414	1.15944419647189
2017.414	1.15722185854675
2017.414	1.15629478319157
2017.414	1.1605521406717
2016.497	1.15370724960715
2016.582	1.1525976
2016.582	1.1525976
2016.497	1.15684430872568
2016.811	1.1566632
2016.391	1.1627616
2016.683	1.15880984341037
2016.161	1.1489181207831
2017.216	1.16334472552319
2017.945	1.16165794048712
2017.778	1.1607288
2017.849	1.15944419647189
2017.877	1.1658942980185
