1918	1.07224734592958
1933.025	1.1005912242456
1933.414	1.101779427273
1932	1.09820795321115
1932	1.10539996740051
1933	1.10420322161848
1933	1.10719809637121
1935	1.09075573856137
1945	1.08903767511826
1948	1.09639535538819
1943	1.09364458593355
1943	1.09157880508245
1947	1.0931128658917
1947	1.09550529484088
1954	1.1115651714036
1954	1.1115651714036
1954	1.1115651714036
1951	1.10335576643866
1951	1.10882788903235
1951	1.10576641164375
1951	1.1070086475191
1951	1.09861489756201
1957	1.11287243113798
1957	1.10922516630282
1957	1.10955024285425
1953	1.12524763035646
1954	1.1026724674373
1950	1.10338357046835
1950	1.10338357046835
1946	1.10411571922091
1939	1.10288545594056
1940	1.10288545594056
1946	1.09936202754683
1948	1.1026629085479
1942	1.10529682449122
1942	1.10592198015885
1934	1.1005912242456
1935	1.1005912242456
1946	1.09220952434644
1946	1.0934138279537
1935	1.09906789072588
1936	1.09747982763856
1934	1.11557804528844
1934	1.11589623942934
1934	1.11073607085952
1934	1.11073607085952
1993	1.11094732598764
1995.578	1.12593120128998
1996	1.12226751815004
1991	1.10971618941282
1986	1.10708814274158
1987	1.11349985013198
1986	1.10890229752584
1987	1.10519387954955
1987	1.10327469181677
1986	1.10824847361845
1986	1.10585567735269
1989.003	1.11322733550383
1987	1.10224324799013
1986	1.11013364902524
1986	1.10124107809851
1980	1.1117087741265
1980	1.10502362681292
1981	1.1019117585534
1983	1.11077124217187
1983	1.10863924362644
1983	1.09605786936917
1982	1.09142267533556
1982	1.0924143317677
1983	1.09142267533556
1980	1.10708814274158
1978	1.10495090694478
1978	1.106507245081
1978	1.106507245081
1978	1.10682922067333
1977	1.10682922067333
1978	1.10656321480627
1977	1.10077353594057
1978	1.1025721852092
1978	1.1025721852092
1978	1.1025721852092
1978	1.1025721852092
1978	1.1025721852092
1977	1.09954552944682
1977	1.10167230996799
1977	1.10167230996799
1977	1.10077353594057
1978	1.10224324799013
1977	1.09519619054913
1951	1.10129808415802
1949	1.09371525380839
1949	1.0928218781023
1948	1.09708239224695
1950	1.10101095192147
1983	1.11564885399382
1983	1.11777432172558
1983	1.11686017388261
1983	1.11290324071731
1983	1.11199419175322
1983	1.11472468597844
1983	1.11655060653406
1983	1.11472468597844
1983	1.11594714700568
1983	1.11594714700568
1983	1.11777432172558
1983	1.11594714700568
1983	1.11686017388261
1983	1.11686017388261
1983	1.11655060653406
1983	1.11563708592878
1983	1.11659771261984
1983	1.11441162069778
1983	1.1116796626959
1983	1.11686017388261
1983	1.11686017388261
1983	1.11686017388261
1983	1.11716723780818
1983	1.11594714700568
1983	1.11777432172558
1983	1.11686017388261
1983	1.11594714700568
1983	1.11686017388261
1983	1.11381340485079
1983	1.11472468597844
1983	1.11686017388261
1983	1.11472468597844
1983	1.11716723780818
1983	1.11472468597844
1983	1.11686017388261
1983	1.11563708592878
1983	1.11686017388261
1983	1.11929923635362
1983	1.11777432172558
1983	1.11746524963029
1983	1.1136259631337
1983	1.11290324071731
1983	1.11686017388261
1983	1.11716723780818
1983	1.11080292061012
1982	1.11352380855764
1984	1.118160773216
1984	1.11989894486617
1989.005	1.10180516853928
1991.551	1.10848265869696
1996	1.12349112796365
1995	1.12134706092556
1995.964	1.11734914956342
1995.942	1.11271910996062
1996	1.11455225480636
1996.019	1.12200375958949
1996	1.11363511659808
1996.003	1.11551442220526
1995.953	1.11519626102861
1995.929	1.11304337249381
1995.874	1.11487554234427
1995.907	1.11668190824569
1996	1.11795153177869
1996	1.11304337249381
1996	1.11734914956342
1996	1.11459875269965
1995.948	1.11638993339761
1995.871	1.1167122397963
1995.332	1.11766377561992
1996.003	1.11330876186392
1995.934	1.11114699727778
1995.945	1.1102322848265
1995.962	1.11147690900777
1995.918	1.11330876186392
1995.986	1.10931870141747
1995.989	1.10997093071048
1996.104	1.11147690900777
1995.953	1.11920299388746
1995	1.11245116358077
1996	1.12441334514459
1996	1.12441334514459
1996	1.12134706092556
1995.923	1.12349112796365
1996	1.12349112796365
1996	1.11705892684936
1995.975	1.11551442220526
1995	1.11979405562235
1995.986	1.12196248244922
1995.942	1.12318910917518
1995.912	1.12196248244922
1995.951	1.12718681996828
1998	1.1167122397963
2000	1.12565770426249
2000	1.13744451687288
2000	1.13556909342119
2000	1.13556909342119
2000	1.12938597090363
2000	1.13093242994422
2000	1.13186650583251
2000	1.12999950985198
2000	1.13744451687288
2000	1.13650622487991
2000	1.14272894830691
2000.279	1.13246779020083
2001.022	1.13220120173797
2000	1.12999950985198
2000	1.13403899432739
2000	1.13335082669668
2000	1.13305898491084
2000	1.13055989610784
2000	1.13643986618071
1992	1.11153838317728
2001.022	1.12724663400332
2001.584	1.12009289304575
2001.518	1.12943122050332
2001.353	1.1238079581343
2001.058	1.13286201126047
2002.926	1.13600722536175
2003.937	1.13349244981038
2003.937	1.13349244981038
2003.811	1.13349244981038
2003.723	1.13349244981038
2003.696	1.13349244981038
2003.515	1.13349244981038
2003.068	1.13349244981038
2003.973	1.13349244981038
2003.964	1.13349244981038
2003.923	1.13349244981038
2003.819	1.13349244981038
2003.789	1.13349244981038
2003.773	1.13349244981038
2003.715	1.13349244981038
2003	1.13349244981038
2003	1.13349244981038
2003	1.13349244981038
2003	1.13349244981038
2001	1.13067923281874
2002.97	1.12607585755939
2003.153	1.12143000051093
2001	1.13410576613147
2000	1.13568065917295
2000.112	1.12974382087712
2000	1.12880956925622
2000.68	1.12320090299559
2000.587	1.12320090299559
2000.828	1.12413089749353
2000.623	1.12352174060904
2000.68	1.12352174060904
2000.669	1.12538187562277
2000.639	1.12445123115098
2000.642	1.12352174060904
2000.68	1.12538187562277
2000.653	1.12703185562067
2000.626	1.12445123115098
2000.62	1.12445123115098
2000.56	1.12320090299559
2000.678	1.12413089749353
2000.549	1.12445123115098
2000.631	1.12418646749872
2000.713	1.12445123115098
2000.806	1.12880956925622
2000.56	1.12320090299559
2000.467	1.12445123115098
2000.648	1.12320090299559
2000.699	1.12445123115098
2000.705	1.12320090299559
2000.735	1.12506204750331
2000.464	1.12506204750331
2000.563	1.1256991083234
2000.721	1.12445123115098
2000.779	1.1228774610033
2000.76	1.12135746395131
2000.839	1.12599435494001
2000.855	1.12599435494001
2000.68	1.12538187562277
2000.735	1.12445123115098
2000.658	1.12227206209836
2000.639	1.12538187562277
2000.658	1.12227206209836
2000.658	1.12445123115098
2000.568	1.1266304002036
2000.464	1.12506204750331
2000	1.12320090299559
2000.743	1.12320090299559
2000.508	1.12473961236011
2000.719	1.12445123115098
2000.661	1.12445123115098
2000.664	1.12599435494001
2000.544	1.12506204750331
2000.675	1.12631367593527
2000.675	1.12506204750331
2000.541	1.12506204750331
2000.716	1.12538187562277
2000.623	1.12009289304575
2000.751	1.1256991083234
2000.642	1.12240749524683
2000.683	1.12511689284065
2001	1.1238909549068
2001.463	1.1266304002036
1999.997	1.11910235307707
2000	1.12077087397597
2000	1.12110452767097
2001	1.11229603985971
2000	1.1219481190518
2001.019	1.12601375715484
2001.019	1.12601375715484
2001.019	1.12681419539162
1999	1.11876689450939
1999	1.12348240142571
1999	1.12348240142571
1999	1.12162156132859
1999	1.11213040722937
1998.071	1.11514489849505
1998	1.1074749814484
1997.997	1.11205226519088
1997.041	1.10930249760867
1997.041	1.11205226519088
1997	1.10048037157218
1995	1.10139117672383
1996	1.10781145419159
1996	1.10896435640765
1996	1.10896435640765
1996	1.10896435640765
1996	1.10896435640765
1996	1.10896435640765
1996	1.10896435640765
1996	1.10896435640765
1996	1.10896435640765
1996	1.10896435640765
1996	1.10896435640765
1996	1.10896435640765
1996	1.11021795248832
1997	1.12227206209836
1997.86	1.12036319363497
1997.822	1.12506204750331
1997.923	1.12506204750331
2000.68	1.12818075174572
2000.617	1.12724663400332
2000	1.12786244977435
2001.019	1.12134437289469
2000.962	1.13444166516954
2001.038	1.12724663400332
2001.077	1.12818075174572
2001.101	1.12787647603776
2001.063	1.12738382632654
2001.09	1.1256991083234
2001.06	1.12694453930742
2001	1.12255140299754
2001.156	1.12645036842714
2001.592	1.13504478970221
2001.425	1.13786886853552
2001.077	1.12384370597863
2001.074	1.1329586648093
2001.066	1.13108290575209
2001.058	1.13255354535714
2001.06	1.13347124513353
2000	1.1256991083234
2000	1.13133361199737
2000.964	1.13410576613147
2001.06	1.13470884408268
2001.066	1.13364012843014
2001.466	1.12880956925622
2001.54	1.13192479350429
2001.479	1.13410576613147
2001.54	1.13316790736146
2001.622	1.13440857918084
2001.523	1.13316790736146
2001.499	1.13316790736146
2001.479	1.13316790736146
2001.537	1.1292118011828
2001.419	1.13316790736146
2001.556	1.13410576613147
2001.542	1.13347124513353
2001.43	1.13316790736146
2001.542	1.13161580700333
2001.545	1.12974382087712
2001.523	1.13192479350429
2001.622	1.12974382087712
2001.537	1.13192479350429
2001.605	1.13098873830884
2001.427	1.13072243533302
2001.523	1.12880956925622
2001.537	1.12756284824994
2001.592	1.12880956925622
2001.529	1.13005384375212
2001.512	1.12880956925622
2001.521	1.13347124513353
2001.499	1.12880956925622
2001.499	1.13223121146648
2001.504	1.13139174674493
2001.521	1.12880956925622
2001.293	1.13098873830884
2001.405	1.13410576613147
2001.389	1.13098873830884
2001.375	1.13192479350429
2001.499	1.13192479350429
2001.488	1.13067923281874
2001.679	1.13223121146648
2001.54	1.13098873830884
2001.46	1.13223121146648
2001.471	1.13098873830884
2001.425	1.13440857918084
2001.488	1.12880956925622
2001.43	1.13098873830884
2001.616	1.1266304002036
2001.521	1.13005384375212
2001.575	1.13347124513353
2001.414	1.13290109127778
2001.523	1.13410576613147
2001.49	1.13286201126047
2001.504	1.12787647603776
2001.433	1.13005384375212
2001.638	1.13326646348521
2001.501	1.13440857918084
2001.468	1.13098873830884
2002.074	1.12818075174572
2002.005	1.12943122050332
2002.011	1.13036130061876
2002	1.12880195557445
2001.556	1.13316790736146
2001.501	1.13192479350429
2001.616	1.12880956925622
2001.507	1.13504478970221
2001.54	1.13161580700333
2001	1.1344325222973
2001.405	1.12974382087712
2001.54	1.12787647603776
2001.504	1.13534707641407
2001.479	1.12943122050332
2001	1.13534707641407
2001.567	1.13223121146648
2001.548	1.13534707641407
2001.542	1.13440857918084
2001.57	1.13470884408268
2001.518	1.13316790736146
2001.507	1.13440857918084
2001.507	1.13440857918084
2001.545	1.13169802040857
2001.488	1.13192479350429
2001.115	1.13347124513353
2001.049	1.13521653697973
2001.063	1.13846771138582
2001.058	1.13564681374223
2001.068	1.13440857918084
2001.159	1.13784800899544
2001.14	1.13594401307584
2001.14	1.13283638756319
2002	1.13036130061876
2000	1.12445123115098
2001	1.12787647603776
2001.03	1.12162156132859
2001.025	1.12698121214459
2001.025	1.128496454377
2000	1.12725610475404
2001	1.12849601826219
2000.68	1.12663534913381
2000	1.1238079581343
2000	1.12255140299754
2002	1.13473994216285
2003.06	1.1145171154042
2003.159	1.11817498427241
2003.173	1.11817498427241
2003.052	1.12222271728792
2002.984	1.12162156132859
2003.036	1.12009939255336
2003.038	1.12062608304544
2003.055	1.12909279171149
2003.058	1.12567242560003
2003.074	1.12818075174572
2003	1.13099008226673
2003.227	1.13353342849427
2003	1.1344325222973
2003.071	1.12255140299754
2003.115	1.12255140299754
2003.216	1.12733131605653
2003.036	1.12540737440492
2003.151	1.11758256216833
2003	1.1228774610033
2005	1.12567242560003
2005.603	1.12847783865713
2005.715	1.13228640533798
2005.718	1.12735790518204
2005.699	1.12909279171149
2005.679	1.127218001181
2005.685	1.12703247306158
2005	1.12786244977435
2005.682	1.12847783865713
2005.759	1.13035394446574
2005	1.12786244977435
2005.496	1.12282338909063
2006.271	1.12268879483181
2005	1.12786244977435
2007.142	1.13064813460335
2007.118	1.12589739583333
2007.137	1.12529438077559
2007.06	1.12750084034574
2007.06	1.12274959708063
2007.077	1.12589739583333
2007.123	1.12402324318965
2007.134	1.12368541666667
2007.082	1.12402324318965
2007.123	1.12274959708063
2007.099	1.12611308218204
2007.099	1.128109375
2007.153	1.12754153681927
2007.115	1.12754153681927
2007.121	1.12689183110387
2007.178	1.12502069513582
2007.173	1.12941530722619
2007.096	1.12847783865713
2007.047	1.12815481227807
2007.184	1.127218001181
2007.099	1.13035394446574
2007.145	1.12628235648076
2007.079	1.12847783865713
2006.989	1.127218001181
2007.077	1.13035394446574
2007.178	1.13192885797421
2007.181	1.13099008226673
2007.096	1.12973519739674
2007.099	1.12973519739674
2007.156	1.12973519739674
2007.153	1.13099008226673
2007.178	1.12754153681927
2007.079	1.12502069513582
2007.137	1.12670439520304
2007.107	1.127218001181
2007.153	1.12815481227807
2007.142	1.12909279171149
2007.118	1.13473994216285
2007.118	1.12683623039404
2007.079	1.13286880300988
2007.077	1.127218001181
2007.077	1.13067332083351
2007.066	1.13035394446574
2007.077	1.13161261327138
2007.104	1.13067332083351
2007.082	1.13129375231912
2007.085	1.13067332083351
2007.079	1.127218001181
2007.085	1.13161261327138
2007.153	1.13161261327138
2007.145	1.12660639977732
2007.175	1.12660639977732
2007.03	1.13223473273369
2007.153	1.12909279171149
2007.134	1.12847783865713
2007.162	1.12911603108525
2007.079	1.13129375231912
2007.121	1.12923370836053
2007.178	1.13191375948604
2007.118	1.13286880300988
2007.077	1.12909279171149
2006.962	1.13223473273369
2007.134	1.11681519357195
2007.115	1.11739835177596
2007.104	1.12469087049624
2007.14	1.12282338909063
2007.068	1.11994914189053
2007.077	1.12155741571504
2007.115	1.12435839048065
2007.079	1.11867500206515
2007.181	1.121891392128
2007.041	1.12308792120544
2007.099	1.12375654790271
2007.088	1.12435839048065
2007.079	1.12656301477571
2007.082	1.12435839048065
2007.145	1.12435839048065
2007.118	1.12435839048065
2007.066	1.12689183110387
2007.118	1.12562635880723
2007.077	1.12342356749841
2007.041	1.12562635880723
2007.041	1.12562635880723
2007.153	1.12308792120544
2007.115	1.12495973408276
2007.159	1.11994914189053
2007.085	1.12122077618959
2007.173	1.120288949281
2007.107	1.12529438077559
2007.077	1.12402324318965
2007.14	1.12428238677571
2007.115	1.12843983746545
2007.011	1.1214734375
2007.008	1.11798093585263
2007.058	1.12469087049624
2007.134	1.12162156132859
2007.195	1.12660639977732
2007.134	1.12162156132859
2007.175	1.127218001181
2007.101	1.12660639977732
2007.14	1.12136109811435
2007.088	1.127218001181
2006.989	1.12847783865713
2007.159	1.13354295206455
2007.137	1.13380991931656
2007.153	1.12735790518204
2007.068	1.12847783865713
2007.085	1.12941530722619
2007.082	1.12847783865713
2007.079	1.1253478762418
2007.115	1.13349244981038
2007.088	1.12222271728792
2007.126	1.12660639977732
2007.118	1.13349244981038
2007.068	1.12847783865713
2007.175	1.13224249812298
2007.137	1.127218001181
2007.14	1.11969590995163
2007.145	1.12248990988862
2007.14	1.13099008226673
2007.14	1.1253478762418
2007.137	1.1253478762418
2007.153	1.1253478762418
2007.137	1.1253478762418
2007.118	1.12628235648076
2007.137	1.12692782172268
2007.126	1.12692782172268
2007.058	1.11876689450939
2007.162	1.12408687430438
2007.115	1.12782915011605
2007.126	1.12155741571504
2007.118	1.12441455853262
2007.107	1.12441455853262
2007.077	1.1253478762418
2007.137	1.12567242560003
2007.118	1.12388504849799
2007.137	1.12441455853262
2007.121	1.12879824102203
2007.195	1.12441455853262
2007.115	1.12408687430438
2007.173	1.12222271728792
2007.06	1.12389641026279
2007.101	1.127218001181
2007.123	1.12595568009039
2007.099	1.127218001181
2007.118	1.127218001181
2007.14	1.12815481227807
2007.101	1.12628235648076
2007.156	1.12628235648076
2007.099	1.12815481227807
2007.085	1.127218001181
2007.096	1.12502941859505
2007.068	1.12282338909063
2007.164	1.12408687430438
2007.041	1.12315421566433
2007.153	1.12408687430438
2007.079	1.12155741571504
2007.192	1.12282338909063
2007.03	1.12155741571504
2007.041	1.12502069513582
2007.047	1.12502069513582
2007.058	1.12375654790271
2007.178	1.12375654790271
2007.088	1.12003087604321
2007.066	1.12628235648076
2007.134	1.121891392128
2007.115	1.1253478762418
2007.079	1.12315421566433
2007.077	1.12375654790271
2007.079	1.12155741571504
2007.126	1.11935828352736
2007.079	1.12062608304544
2007.159	1.12096055508686
2007.134	1.11842877700025
2007.195	1.11949759848094
2007.096	1.12062608304544
2007.173	1.12155741571504
2007.063	1.121891392128
2007.038	1.12155741571504
2007.096	1.121891392128
2007.06	1.121891392128
2006.962	1.12282338909063
2007.077	1.121891392128
2007.173	1.11969590995163
2007.063	1.121891392128
2007.06	1.121891392128
2007.03	1.120288949281
2006.929	1.1253478762418
2007.107	1.12375654790271
2007.104	1.121891392128
2007.099	1.11777689673641
2007.063	1.121891392128
2007.142	1.12282338909063
2007.079	1.11994914189053
2007.142	1.12315421566433
2007.162	1.12408687430438
2007.082	1.11935828352736
2007.115	1.11876689450939
2007.192	1.12315421566433
2007.162	1.12567242560003
2007.058	1.11935828352736
2007.077	1.12595568009039
2007.159	1.12062608304544
2007.096	1.12628235648076
2007.118	1.127218001181
2007.066	1.1253478762418
2007.115	1.12502069513582
2007.175	1.12155741571504
2007.121	1.12076516889442
2007.178	1.12408687430438
2007.121	1.121891392128
2007.06	1.12642175583051
2007.134	1.12435839048065
2007.115	1.12248990988862
2007.115	1.12248990988862
2007.115	1.12469087049624
2007.027	1.12215376618559
2007.137	1.12375654790271
2007.156	1.12248990988862
2007.115	1.12282338909063
2007.173	1.12062608304544
2007.181	1.12375654790271
2007.082	1.12215376618559
2007.118	1.12656301477571
2007.063	1.11611918607425
2007.079	1.1205394600785
2007.126	1.12656301477571
2007.126	1.12529438077559
2007.014	1.12435839048065
2007.156	1.12289452414193
2007.173	1.12215376618559
2007.096	1.12215376618559
2007.068	1.12215376618559
2007.162	1.12274959708063
2007.099	1.12215376618559
2007.14	1.12122077618959
2007.066	1.12215376618559
2007.079	1.12088146163529
2007.115	1.12122077618959
2007.063	1.12215376618559
2007.099	1.12469087049624
2007.099	1.12342356749841
2007.123	1.12435839048065
2007.104	1.12469087049624
2007.096	1.12469087049624
2007.096	1.12122077618959
2007.2	1.12469087049624
2007.068	1.13035394446574
2007.058	1.13035394446574
2007.181	1.13035394446574
2007.058	1.13129375231912
2007.195	1.12782915011605
2007.156	1.12782915011605
2007.126	1.13035394446574
2007.192	1.13443752404251
2007.164	1.13443752404251
2007.192	1.13255307665342
2007.173	1.13255307665342
2007.192	1.13255307665342
2007.164	1.13223473273369
2007.189	1.13255307665342
2007.156	1.12562635880723
2007.079	1.12689183110387
2006.274	1.12036319363497
2007.085	1.13255354535714
2007.058	1.12815481227807
2007.153	1.12562635880723
2007.107	1.12750084034574
2007.101	1.12750084034574
2007.096	1.12970729991589
2007.096	1.12917529742005
2007.096	1.12750084034574
2007.104	1.12750084034574
2007.101	1.12938000808701
2006.967	1.12876763907077
2007.173	1.12595568009039
2007.156	1.13129375231912
2007.077	1.13161261327138
2007.077	1.13255307665342
2007.077	1.127218001181
2007.099	1.13317688766089
2007.142	1.13097226336583
2007.153	1.13097226336583
2007.049	1.13097226336583
2007.077	1.13317688766089
2007.137	1.12876763907077
2007.173	1.12435839048065
2007.134	1.12441455853262
2007.173	1.13161261327138
2007.123	1.12689183110387
2007.068	1.13255307665342
2007.068	1.12689183110387
2007.123	1.12970729991589
2007.121	1.12782915011605
2007.068	1.12782915011605
2007.101	1.13097226336583
2007.099	1.12797029908555
2007.058	1.12782915011605
2007.123	1.13349471292674
2007.096	1.13035394446574
2007.068	1.13129375231912
2007.121	1.13223473273369
2007.115	1.14396054750903
2007.162	1.14443349662323
2007.027	1.15195271569186
2007.162	1.14224528726066
2007.153	1.14414112973495
2007.173	1.14348552938568
2007.178	1.14224528726066
2003.729	1.12315421566433
2005.266	1.12408687430438
2005.449	1.11750042777525
2006.2	1.13160005891494
2006.321	1.13530177489638
2006.271	1.13220120173797
2006	1.13223121146648
2005	1.12261306791147
2005.033	1.13036714855143
2005.055	1.13067923281874
2003.688	1.12506204750331
2003.589	1.12506204750331
2005	1.13506428518626
2004	1.12885016905768
2005.6	1.12308792120544
2005.69	1.12155080314004
2005.663	1.1214734375
2005.611	1.12215376618559
2003.03	1.12786244977435
2003.17	1.11737539458726
2008.027	1.12819401745177
2008.008	1.12693333333333
2008.481	1.13975744724554
2008.44	1.13067332083351
2008.437	1.13286880300988
2008.437	1.13380991931656
2007	1.13129375231912
2008.469	1.13035394446574
2008.478	1.13412251855168
2007.995	1.13132204617556
2008.122	1.12847783865713
2008.434	1.13005247394866
2007.981	1.12782915011605
2008.036	1.12943122050332
2007.962	1.12660639977732
2007.945	1.1238079581343
2007.849	1.12348240142571
2008.016	1.12483123776263
2008.123	1.12847783865713
2008.484	1.13380991931656
2008.497	1.13099008226673
2008.12	1.13286880300988
2008.077	1.13569567353437
2008.074	1.13506472887914
2008.94	1.12656301477571
2008.123	1.12315421566433
2008.108	1.13506472887914
2008.623	1.13380028209126
2008.88	1.13568065917295
2008.847	1.14005707789809
2008.861	1.13426249737002
2008.842	1.13631617912915
2008.833	1.13881257064594
2008.776	1.13645642869956
2008.776	1.13881257064594
2008.814	1.13318192351143
2008.828	1.13192885797421
2008.839	1.13412251855168
2008.6	1.13032135416667
2008.063	1.13317688766089
2008.016	1.13133541666667
2007.868	1.12782915011605
2008.055	1.12469087049624
2008.333	1.13159014508914
2008.041	1.12469087049624
2008.896	1.13286201126047
2008.915	1.13255354535714
2008.825	1.1365859468952
2009.033	1.12941530722619
2007.948	1.1253799823367
2008.038	1.13007590873021
2008.117	1.12941709051208
2007.997	1.12505745628296
2008.041	1.1288139059447
2008.137	1.13067332083351
2009.023	1.13349471292674
2009.088	1.12818075174572
2008.112	1.13224249812298
2008.921	1.13537376475614
2008.858	1.13786886853552
2008.801	1.13099008226673
2008.148	1.127218001181
2008.533	1.13473994216285
2008.16	1.1344325222973
2008.342	1.12847783865713
2008.036	1.12787303171514
2007.863	1.12819401745177
2008.71	1.12911603108525
2008.022	1.12818075174572
2007	1.12628235648076
2008.437	1.13725976736264
2008.444	1.13725976736264
2008.984	1.1297674286616
2008.137	1.13945524953901
2007	1.13436574053512
2008.085	1.13662254647162
2008.538	1.13224249812298
2008.828	1.13067332083351
2008.839	1.13067332083351
2008.885	1.12879824102203
2008.866	1.12754153681927
2008.899	1.12941530722619
2008.885	1.13067332083351
2008.883	1.12941530722619
2008.861	1.13192885797421
2008.85	1.13067332083351
2008	1.13192885797421
2008.844	1.13067332083351
2008.56	1.12595568009039
2008.563	1.13099008226673
2008.555	1.13286880300988
2008.022	1.12754940337917
2008.71	1.13130424044782
2007.992	1.12473229166667
2008	1.1354140625
2009.016	1.12911603108525
2008.989	1.12435155216506
2008.984	1.12528559287425
2009.14	1.12561285101841
2009	1.13250132909177
2009.233	1.13531204771721
2007	1.13538151195595
2009.118	1.13067332083351
2009.134	1.12567242560003
2009.323	1.13349244981038
2009.162	1.127218001181
2009.121	1.12973519739674
2009.323	1.13191375948604
2009.323	1.13255307665342
2009.023	1.13631617912915
2007	1.13632667862633
2007	1.13600722536175
2007	1.13538151195595
2009.052	1.14156786324458
2009.036	1.13501939796491
2008.489	1.12809470913421
2009.085	1.12368808917665
2008.634	1.13438955940841
2009.414	1.12780702811591
2008.959	1.13412251855168
2008.191	1.12879824102203
2009.129	1.13129375231912
2009.014	1.12502069513582
2009.321	1.13380991931656
2009.326	1.13286880300988
2009	1.11715915133968
2009.325	1.1329586648093
2009.707	1.12964593227069
2009.321	1.13005247394866
2009.323	1.13005247394866
2009.323	1.13005247394866
2009.319	1.12879824102203
2009.319	1.12973519739674
2009.315	1.12973519739674
2009.318	1.127218001181
2009.326	1.12879824102203
2009.323	1.12599435494001
2009.323	1.12724663400332
2009.323	1.12599435494001
2009.318	1.12599435494001
2009	1.12348240142571
2009.323	1.1238079581343
2008.934	1.11901798488077
2008.934	1.11842877700025
2009.325	1.11623147095507
2009.348	1.12315421566433
2009.348	1.12315421566433
2009.353	1.12408687430438
2009.332	1.12315421566433
2009.323	1.12315421566433
2009.318	1.12315421566433
2009.322	1.11691232890275
2009.329	1.11691232890275
2009.326	1.11564719355381
2009.323	1.11691232890275
2009.373	1.11783903479851
2009.205	1.12375654790271
2009	1.12782834456457
2009.162	1.12281571931565
2009.312	1.12501477312353
2009.162	1.12876217051884
2009.625	1.11826711178289
2009.575	1.12628235648076
2008	1.12835157724528
2009.315	1.12255140299754
2009.322	1.12754153681927
2009.323	1.12754153681927
2009.323	1.12754153681927
2009.162	1.11244778843339
2009	1.11969590995163
2007	1.11657323393192
2008.937	1.12248695621358
2007	1.13725976736264
2008.672	1.13125504128466
2009.112	1.12162156132859
2009.086	1.11910235307707
2009.462	1.1206928745033
2009.473	1.12631367593527
2009.323	1.12756284824994
2009.186	1.1253478762418
2008.842	1.12889934801898
2009.537	1.12881445351681
2009.43	1.1253478762418
2009.163	1.13504478970221
2009.041	1.12567015470007
2009.808	1.13076363748688
2009.67	1.12562635880723
2009.538	1.12495973408276
2008.975	1.129134375
2009.153	1.129134375
2009.323	1.13067332083351
2009.007	1.12413089749353
2009.527	1.13349244981038
2009.077	1.12879824102203
2008.844	1.12379560022974
2009.5	1.12408687430438
2009.499	1.13036714855143
2009.522	1.13850983970662
2009.456	1.13600722536175
2009.573	1.13600722536175
2008.877	1.128496454377
2008.861	1.12724663400332
2008.992	1.12724663400332
2009.041	1.12724663400332
2009.329	1.12320090299559
2009.323	1.12445123115098
2009.323	1.12322831911904
2009.318	1.12101993036841
2009.318	1.12101993036841
2009.337	1.12009289304575
2009.326	1.12009289304575
2009.323	1.12101993036841
2009.321	1.12101993036841
2009.323	1.12476897069872
2009	1.12162156132859
2008.943	1.12818075174572
2009.318	1.12660639977732
2009.34	1.1253478762418
2009.326	1.1253478762418
2009.323	1.1253478762418
2009.326	1.1253478762418
2009.049	1.12315421566433
2008.997	1.12786244977435
2009.033	1.12720351781832
2009.085	1.12687167088629
2008.713	1.12943122050332
2009.162	1.13318192351143
2009.126	1.13192885797421
2008.79	1.12911603108525
2009.068	1.13005247394866
2009.326	1.13036714855143
2009.036	1.13130424044782
2009.118	1.13692633896855
2009.326	1.12756284824994
2009.132	1.13255354535714
2009.352	1.13316790736146
2009.319	1.1296971567455
2009.345	1.12879824102203
2009.332	1.12786244977435
2009.323	1.12879824102203
2009.321	1.12879824102203
2009.318	1.12911603108525
2009.314	1.128496454377
2009	1.12188565870588
2008.117	1.13380991931656
2009.086	1.12786244977435
2009.025	1.13192885797421
2009.011	1.13412251855168
2009.323	1.13412251855168
2009.323	1.13412251855168
2009.121	1.13286880300988
2009.318	1.12879824102203
2009.315	1.12879824102203
2009.321	1.12879824102203
2009.326	1.13067332083351
2009.326	1.13286880300988
2009.319	1.13161261327138
2009.319	1.13598498000334
2009.326	1.13598498000334
2009.329	1.13224249812298
2009.323	1.14414112973495
2009.323	1.13598498000334
2009.323	1.13598498000334
2009.321	1.13224249812298
2009.318	1.13224249812298
2009.118	1.13349244981038
2009.167	1.13318192351143
2009.099	1.13130424044782
2009.052	1.13473994216285
2009.318	1.13286880300988
2009.323	1.13161261327138
2009.326	1.13318192351143
2009.323	1.13161580700333
2009	1.1325090963095
2009	1.1296971567455
2009.162	1.1306200979728
2009.247	1.12593747679513
2009.163	1.13109267562598
2009.163	1.12724663400332
2009.086	1.12911603108525
2009.163	1.13161580700333
2009.137	1.13537376475614
2009.137	1.13412251855168
2009.163	1.13192885797421
2009.137	1.13286880300988
2009.438	1.13099008226673
2009.085	1.1325090963095
2009.148	1.13349244981038
2009.319	1.13224249812298
2009.548	1.13130424044782
2009.326	1.13506428518626
2009.326	1.13506428518626
2009.321	1.13506428518626
2009.323	1.13506428518626
2009.318	1.13506428518626
2009.321	1.13380991931656
2009.318	1.13412251855168
2008.653	1.13600722536175
2008.657	1.13349471292674
2008.802	1.13820453140694
2008.762	1.13695134102877
2008.6	1.13506428518626
2009.153	1.12909279171149
2009.11	1.1347522088411
2009.167	1.12595568009039
2009.145	1.13192885797421
2009.399	1.13014086341847
2009.137	1.13286880300988
2009.112	1.12911603108525
2009.156	1.13850983970662
2009.156	1.13349244981038
2009.151	1.13192885797421
2009.137	1.13192885797421
2009.112	1.12847783865713
2009.107	1.13067332083351
2009.104	1.13161261327138
2009.036	1.13192885797421
2009.142	1.13161261327138
2009.137	1.13286880300988
2009.074	1.13286880300988
2009.115	1.13067332083351
2009.363	1.13175306270711
2009.118	1.13192885797421
2009.216	1.12847783865713
2009.195	1.13035394446574
2009.186	1.13380991931656
2009.184	1.13380991931656
2009.162	1.13099008226673
2009.159	1.12941530722619
2009.323	1.12879824102203
2009.323	1.12879824102203
2009.082	1.12847783865713
2009.077	1.12973519739674
2009.077	1.12847783865713
2009.326	1.13067332083351
2009.167	1.13192885797421
2009.132	1.13067332083351
2009.14	1.13192885797421
2009.118	1.13067332083351
2009.159	1.13161261327138
2009.159	1.13067332083351
2009.167	1.13286880300988
2009.225	1.13286880300988
2009.162	1.13380991931656
2009.134	1.127218001181
2009.184	1.13067332083351
2009.137	1.13035394446574
2009.145	1.13192885797421
2009.107	1.13067332083351
2009.195	1.13192885797421
2009.148	1.13067332083351
2009.142	1.12973519739674
2009.11	1.13067332083351
2009.162	1.12689183110387
2009.112	1.1253478762418
2009.115	1.12562635880723
2009.145	1.12628235648076
2009.134	1.12469087049624
2009.112	1.12660639977732
2009.093	1.12663289131768
2009.079	1.12689183110387
2009.077	1.12689183110387
2009.058	1.12689183110387
2009.118	1.12595568009039
2009.137	1.12595568009039
2009.222	1.12502069513582
2009.093	1.12628235648076
2009.137	1.12502069513582
2009.156	1.13473994216285
2008.146	1.12861750974051
2007	1.13129375231912
2008.486	1.12308792120544
2008.59	1.12308792120544
2008.574	1.11901798488077
2007	1.12879824102203
2006	1.13448501971728
2004	1.13725976736264
2007.395	1.13566787563897
2007.364	1.13631790323884
2007.351	1.13249397663369
2007.351	1.13631790323884
2007.395	1.13315246477789
2007.375	1.13758750377897
2008.82	1.13317688766089
2008.762	1.13249397663369
2008	1.1384631289738
2008	1.1384631289738
2008.781	1.14040183745213
2007.971	1.13569152493545
2008	1.13624685424459
2008	1.13184279667
2007.499	1.13220758054565
2007.364	1.14044038668099
2007.556	1.13187916142932
2007.354	1.13948823444807
2007.351	1.13377114465361
2007.107	1.13631790323884
2007.088	1.13726700981952
2007.088	1.13726700981952
2007.386	1.13315246477789
2007.444	1.13409853233408
2008.016	1.12725901862626
2008.139	1.12855678484946
2008.011	1.13010383520792
2008.183	1.12855678484946
2008.954	1.1291543676294
2008.861	1.13175009041362
2008.5	1.12406948152998
2008.858	1.1291543676294
2008.536	1.12725901862626
2008.746	1.1269050561401
2008.746	1.12785263234894
2008.678	1.12785263234894
2008.648	1.1246557446508
2008.522	1.13045351860707
2008.055	1.1308004365092
2007.211	1.14361867188549
2007.058	1.14075430486563
2006.504	1.13569152493545
2006.392	1.13569152493545
2006	1.13121427612667
2004	1.13035394446574
2006	1.13979076054607
2006	1.14104589796898
2005.573	1.13253333333333
2005.605	1.128109375
2006.334	1.13412021905618
2005.989	1.127218001181
2006.816	1.1222256080497
2006	1.1076251622157
2007.011	1.13064813460335
2006.759	1.127218001181
2006.545	1.12348240142571
2006.57	1.13129375231912
2006.564	1.13664031535133
2006.584	1.13097226336583
2006.447	1.13349471292674
2006.384	1.12970729991589
2006.463	1.13161261327138
2006.033	1.13161261327138
2007.101	1.13003194142487
2007.126	1.12843983746545
2008.716	1.11994914189053
2006.008	1.12282338909063
2006	1.13537376475614
2006	1.13005247394866
2006.121	1.12692782172268
2006.493	1.13003194142487
2004.809	1.13945524953901
2001	1.12003087604321
2004.697	1.12909279171149
2005.929	1.13725976736264
2005.912	1.13725976736264
2006.921	1.13349471292674
2006.225	1.12941530722619
2006.244	1.13035394446574
2007.789	1.12628235648076
2007.767	1.12754153681927
2007.104	1.13412251855168
2007.047	1.13161580700333
2007.137	1.13161580700333
2007.14	1.13412251855168
2007.162	1.13192885797421
2007.162	1.13005247394866
2008.096	1.13789663414199
2007.863	1.12096055508686
2007	1.12599435494001
2007	1.12506204750331
2007	1.12506204750331
2007	1.12506204750331
2007	1.12506204750331
2007	1.12506204750331
2007	1.12506204750331
2007	1.12506204750331
2007	1.12506204750331
2007	1.12506204750331
2007	1.12506204750331
2007	1.12506204750331
2007	1.12506204750331
2007	1.12506204750331
2007	1.12506204750331
2007	1.12506204750331
2007	1.12506204750331
2007	1.12506204750331
2007	1.12506204750331
2007	1.12506204750331
2007	1.12413089749353
2007	1.12506204750331
2007	1.128496454377
2007	1.12506204750331
2007	1.12506204750331
2007	1.12506204750331
2007	1.12506204750331
2007	1.12506204750331
2007	1.128496454377
2007	1.12506204750331
2007	1.12506204750331
2008.79	1.13161261327138
2007.658	1.13005247394866
2008.138	1.13692633896855
2007.959	1.13665026958788
2007	1.12506204750331
2007	1.12506204750331
2007	1.12506204750331
2008.005	1.12987463471095
2008.116	1.12162156132859
2008.092	1.1238079581343
2008.169	1.128496454377
2008.094	1.12413089749353
2008.137	1.12660639977732
2008.085	1.12692782172268
2008.074	1.12375654790271
2007.925	1.12413089749353
2007	1.1228774610033
2007.718	1.12352174060904
2008.022	1.12849079294651
2008.003	1.1244044766246
2008.074	1.12660639977732
2007.51	1.12450263952938
2008.066	1.12960840600343
2008.131	1.12815481227807
2007.748	1.13067332083351
2007.929	1.12941530722619
2007.923	1.12941530722619
2007.795	1.13192885797421
2007.997	1.13412251855168
2008.026	1.13019117238992
2008.027	1.129134375
2008.563	1.13725976736264
2008.486	1.13945524953901
2008.437	1.13631617912915
2008.434	1.13631617912915
2008.443	1.13452975997543
2008.499	1.13578106437561
2008.434	1.13631617912915
2007	1.13064813460335
2007	1.13380991931656
2007	1.13192885797421
2007.806	1.123467277685
2007.638	1.13600722536175
2007.827	1.1347522088411
2009.023	1.1344325222973
2009.163	1.12222271728792
