2018.542	42.7189048855322
2018.542	42.6402328691684
2017.507	42.4828888364409
2017.507	42.3255448037133
2017.507	42.3255448037133
2017.507	42.4042168200771
2017.507	42.4042168200771
2017.507	42.4042168200771
2017.507	42.4042168200771
2017.507	42.4042168200771
2017.507	42.4042168200771
2017.507	42.4042168200771
2017.507	42.4042168200771
2017.507	42.4042168200771
2017.507	42.4042168200771
2017.507	42.4042168200771
2017.507	42.4042168200771
2017.507	42.4042168200771
2017.507	42.4042168200771
2017.507	42.4042168200771
2017.507	42.4042168200771
2017.507	42.4042168200771
2017.507	42.3255448037133
2017.507	42.4042168200771
2017.507	42.4042168200771
2017.507	42.4042168200771
2017.507	42.4042168200771
2017.507	42.4042168200771
2018.096	42.4042168200771
2018.096	42.4828888364409
2018.096	42.3255448037133
2018.096	42.4042168200771
2018.096	42.4828888364409
2018.096	42.4828888364409
2018.096	42.4828888364409
2018.096	42.4042168200771
2018.096	42.4828888364409
2018.096	42.4828888364409
2018.096	42.4828888364409
2018.096	42.4042168200771
2018.096	42.4042168200771
2018.096	42.4042168200771
2018.096	42.5615608528047
2018.096	42.4042168200771
2018.096	42.4042168200771
2018.096	42.4042168200771
2018.096	42.4828888364409
2018.096	42.4042168200771
2018.096	42.4042168200771
2018.096	42.4042168200771
2018.096	42.4042168200771
2018.096	42.4828888364409
2018.096	42.4042168200771
2018.096	42.4042168200771
2018.096	42.4042168200771
2018.096	42.4042168200771
2018.096	42.4042168200771
2018.096	42.4042168200771
2018.096	42.4042168200771
2018.096	42.4042168200771
2018.096	42.4042168200771
2018.096	42.4042168200771
2018.096	42.4042168200771
2018.096	42.4828888364409
2018.096	42.4828888364409
2018.096	42.4042168200771
2018.096	42.4042168200771
2018.096	42.4042168200771
2018.096	42.4042168200771
2018.096	42.4042168200771
2018.096	42.3255448037133
2018.096	42.4042168200771
2018.096	42.4042168200771
2018.096	42.4042168200771
2018.096	42.4042168200771
2018.096	42.4042168200771
2018.096	42.4042168200771
2007	43.2798237330815
2015.03	42.4142272584199
2006.329	43.988039030532
2007.754	43.7519672647151
2010.915	43.4372049102927
2012.735	43.3585143216871
2012.814	43.4372049102927
2012.776	43.2798237330815
2012.749	42.5716084356311
2012.831	42.5716084356311
2012.831	42.4929178470255
2012.008	42.4929178470255
2012.008	42.3828584883447
2012.008	42.4929178470255
2012.831	42.4929178470255
2011.937	42.5716084356311
2012.831	42.5716084356311
2012.008	42.5398320383015
2012.008	42.4929178470255
2012.008	42.4929178470255
2012.831	42.4929178470255
2014.866	42.8076802014479
2016.915	43.1224425558703
2017.126	42.0994649039975
2010.973	43.7519672647151
2013.079	43.2798237330815
2013.156	43.2011331444759
2013.274	43.2011331444759
2016.071	43.2011331444759
2014.46	43.0437519672647
2018.329	42.6502990242367
2017.479	43.2798237330815
2017.329	42.4828888364409
2016.956	42.4142272584199
2017.052	43.0437519672647
2016.071	43.4372049102927
2015.959	43.2011331444759
2016.109	43.1224425558703
2016.339	43.0437519672647
2016.915	42.7289896128423
2017.321	42.5716084356311
2012.814	43.9093484419263
2012.929	43.7519672647151
2015.345	42.7289896128423
2013.074	43.5158954988983
2012.964	43.8306578533207
2013.079	43.7519672647151
2012.929	43.7519672647151
2012.85	43.8306578533207
2013.079	43.2798237330815
2013.693	42.8863707900535
2013.195	43.1224425558703
2015.348	42.8076802014479
2015.34	42.8076802014479
2013.885	42.8863707900535
2013.655	43.0437519672647
2013.351	43.2798237330815
2013.619	43.2798237330815
2013.463	43.1224425558703
2013.23	43.2011331444759
2013.236	43.1224425558703
2013.351	43.0437519672647
2013.23	43.1224425558703
2013.23	42.8076802014479
2013.463	42.8076802014479
2013.962	43.4372049102927
2016.221	42.4929178470255
2015.282	43.010752688172
2014.94	43.0892394631505
2015.345	43.1677262381289
2015.033	43.1677262381289
2017.299	42.7752923632368
2016.399	42.9322659131936
2016.609	42.9322659131936
2016.383	42.8537791382152
2016.552	43.2462130131073
2016.609	43.0892394631505
2016.762	43.0892394631505
2018.022	42.8537791382152
2017.167	42.7752923632368
2014.633	43.2462130131073
2014.595	43.0437519672647
2013.351	43.1224425558703
2013.236	42.9650613786591
2012.964	43.2011331444759
2013.079	43.2011331444759
2012.964	43.1224425558703
2013.195	43.1224425558703
2013.543	43.2011331444759
2013.543	43.4372049102927
2013.501	43.3585143216871
2013.463	43.4372049102927
2013.195	43.9093484419263
2013.351	44.0667296191376
2013.463	43.988039030532
2013.389	43.6732766761095
2013.619	43.8306578533207
2011.334	44.3028013849544
2015.227	43.5158954988983
2015.227	43.5158954988983
2012.792	43.988039030532
2012.792	43.988039030532
2016.803	43.5945860875039
2017.318	43.5158954988983
2016.664	43.5158954988983
2016.342	43.8306578533207
2012.317	43.6732766761095
2010.932	43.7519672647151
2011.937	43.6732766761095
2012.831	43.6732766761095
2011.937	43.6732766761095
2016.033	44.3028013849544
2013.773	43.5158954988983
2014.052	43.6732766761095
2012.511	43.9093484419263
2012.317	44.0667296191376
2012.451	44.2241107963488
2012.085	43.8306578533207
2012.929	44.1454202077432
2012.776	43.9093484419263
2012.107	43.8306578533207
2012.087	43.9093484419263
2012.415	43.7519672647151
2012.926	43.9093484419263
2016.798	44.774944916588
2017.564	44.5388731507712
2012.309	43.6732766761095
2013.151	44.1454202077432
2012.664	44.1454202077432
2012.664	44.1454202077432
2012.664	44.1454202077432
2012.664	44.1454202077432
2012.664	44.1454202077432
2012.664	44.1454202077432
2012.664	44.1454202077432
2012.664	44.1454202077432
2012.664	44.1454202077432
2012.907	44.1454202077432
2012.664	44.0667296191376
2012.664	44.1454202077432
2012.664	44.1454202077432
2012.664	44.1454202077432
2012.664	44.1454202077432
2012.664	44.1454202077432
2012.568	44.1454202077432
2012.664	44.1454202077432
2012.664	44.1454202077432
2012.664	44.0667296191376
2013.151	44.1454202077432
2013.137	44.1454202077432
2013.151	44.1454202077432
2013.137	44.2241107963488
2013.137	44.1454202077432
2013.151	44.1454202077432
2013.151	44.1454202077432
2013.137	44.2241107963488
2013.137	44.1454202077432
2013.137	44.2241107963488
2013.151	44.2241107963488
2013.137	44.1454202077432
2013.137	44.1454202077432
2013.137	44.1454202077432
2013.137	44.1454202077432
2013.137	44.1454202077432
2013.137	44.1454202077432
2013.137	44.1454202077432
2013.137	44.1454202077432
2012.664	44.0667296191376
2013.137	44.0667296191376
2012.664	44.1454202077432
2012.664	44.1454202077432
2013.151	44.1454202077432
2013.137	44.1454202077432
2012.369	43.6732766761095
2013.121	43.9093484419263
2013.729	43.1224425558703
2012.292	43.988039030532
2012.183	43.9093484419263
2012.183	43.9093484419263
2010.992	44.6175637393768
2008.41	43.8306578533207
2009.137	43.6732766761095
2012.221	43.2011331444759
2009.386	43.6732766761095
2015.156	42.8863707900535
2010.159	43.5158954988983
2012.801	44.1454202077432
2012.907	44.1454202077432
2012.929	44.2241107963488
2011.8	44.38149197356
2012.249	44.774944916588
2017.299	42.6502990242367
2016.893	44.38149197356
2017.041	44.3028013849544
2013.545	44.0667296191376
2017.301	42.6502990242367
2017.375	42.0994649039975
2014.167	44.1454202077432
2011.915	42.2568460812087
2014.693	42.4929178470255
2016.798	42.0994649039975
2017.932	41.8633931381807
2017.326	42.3355366698143
2016.686	45.3257790368272
2005	43.5158954988983
2005.417	43.7519672647151
2005	43.5158954988983
2005.526	43.5158954988983
2009.252	43.5945860875039
2006.145	43.3585143216871
2009.405	43.8306578533207
2006.984	43.9093484419263
2007.789	43.4372049102927
2007	43.0437519672647
2005.773	43.8306578533207
2005.764	43.8306578533207
2012.806	45.168397859616
2005.052	43.4372049102927
2006.491	43.3585143216871
2009.496	43.5158954988983
2005.381	43.5945860875039
2005.304	43.5945860875039
2005.066	43.6732766761095
2005.066	43.6732766761095
2008.459	43.1224425558703
2008.459	43.2798237330815
2013.926	44.0088175090537
2015.082	44.3237285466856
2015.082	44.3237285466856
2015.082	44.3237285466856
2015.082	44.3237285466856
2015.082	44.3237285466856
2015.082	44.3237285466856
2015.082	44.3237285466856
2015.082	44.3237285466856
2015.082	44.3237285466856
2015.082	44.3237285466856
2015.082	44.3237285466856
2015.082	44.3237285466856
2015.082	44.3237285466856
2015.082	44.3237285466856
2015.082	44.3237285466856
2015.082	44.2450007872776
2015.082	44.3237285466856
2015.082	44.3237285466856
2015.082	44.3237285466856
2015.082	44.3237285466856
2015.082	44.3237285466856
2015.082	44.3237285466856
2015.082	44.3237285466856
2015.082	44.3237285466856
2015.082	44.3237285466856
2015.082	44.3237285466856
2015.082	44.3237285466856
2015.082	44.3237285466856
2015.082	44.3237285466856
2015.082	44.1662730278696
2015.082	44.2450007872776
2015.082	44.0088175090537
2015.082	44.1662730278696
2015.082	44.0875452684617
2015.082	44.1662730278696
2015.082	44.1662730278696
2015.082	44.0875452684617
2015.082	44.0875452684617
2015.082	44.1662730278696
2015.515	44.1662730278696
2015.932	44.2450007872776
2015.932	44.2450007872776
2015.932	44.2450007872776
2015.932	44.2450007872776
2015.932	44.2450007872776
2015.932	44.2450007872776
2015.932	44.1662730278696
2015.932	44.2450007872776
2015.932	44.2450007872776
2015.932	44.2450007872776
2015.932	44.2450007872776
2015.932	44.1662730278696
2015.934	44.1662730278696
2015.932	44.1662730278696
2015.934	44.2450007872776
2015.934	44.0875452684617
2015.934	44.0875452684617
2015.934	44.0875452684617
2015.934	44.0875452684617
2015.934	44.0875452684617
2015.932	44.0875452684617
2015.932	44.0875452684617
2015.932	44.0088175090537
2015.932	44.0875452684617
2015.932	44.0875452684617
2015.932	44.0875452684617
2015.932	44.0875452684617
2015.932	44.0875452684617
2015.932	44.0875452684617
2015.932	43.8513619902378
2015.934	44.0088175090537
2014.534	44.0088175090537
2014.534	44.0875452684617
2014.534	44.0088175090537
2014.534	44.0088175090537
2014.534	44.0088175090537
2014.534	44.0088175090537
2014.534	44.0088175090537
2014.534	44.0088175090537
2014.534	44.0088175090537
2014.534	44.0088175090537
2014.534	44.0088175090537
2014.534	43.9300897496457
2014.534	44.0088175090537
2014.534	44.0088175090537
2014.534	44.0088175090537
2014.534	44.0088175090537
2014.534	44.0875452684617
2014.534	44.0088175090537
2014.534	44.0875452684617
2014.534	44.0875452684617
2014.534	43.9300897496457
2014.534	44.0088175090537
2014.534	44.0088175090537
2013.926	43.6939064714218
2013.926	44.1662730278696
2013.926	44.1662730278696
2013.926	44.1662730278696
2012	42.6502990242367
2012	42.7289896128423
2017.986	43.9093484419263
2017.052	43.8306578533207
2012.309	43.5945860875039
2013.121	43.1224425558703
2013.195	43.3585143216871
2013.389	43.3585143216871
2013.619	43.2798237330815
2013.926	42.8076802014479
2013.811	43.0437519672647
2013.773	43.0437519672647
2013.693	43.1224425558703
2013.885	43.3585143216871
2013.849	43.3585143216871
2014.422	43.2798237330815
2014.173	43.3585143216871
2013.619	41.3125590179415
2015.055	42.9650613786591
