1979	1.06156503033562
1980	1.05491592010078
1980	1.05771430636825
1981.145	1.04961232003159
1981	1.04924512669536
1981	1.0528675396734
1981	1.04924512669536
1981	1.04961232003159
1981	1.04467401796388
1980	1.04513849214861
1998	1.06772498215575
1989	1.05501662175149
1987	1.04829531680441
1987	1.05330620343243
2005.074	1.07307621838298
1992	1.04578128
1992.101	1.05169197822216
1992.016	1.04999158726621
1992	1.05045534265436
1994.005	1.05918127690326
1992	1.04677865014828
1999.455	1.05698914472729
1993	1.05048200558239
1995.803	1.07255888255197
2000.208	1.06199662152463
2000.208	1.06478830645161
2012.538	1.06052561933757
2013.636	1.08815173846579
2004.686	1.07003018977512
2011.896	1.09435412812703
2003.112	1.0667789229206
2001.038	1.09302667813148
1999.863	1.07883845699814
2001.868	1.05463210346015
2005.753	1.05910312301675
2006.34	1.05957716043633
2006	1.06246535109126
1997.31	1.06793229381752
1995.923	1.04458625930813
1998.882	1.03833125176737
1998.17	1.05857358870968
1994.101	1.06532158829751
1992.792	1.04537045132464
2005.266	1.08892773428176
2002.175	1.08583849746034
1999	1.08052923452259
2006.195	1.04430527499056
2007.847	1.05073381258861
2007.142	1.04600887221966
1993.173	1.05130643060216
1994	1.05357327060957
1994.011	1.05894971136391
1998	1.05151148338724
1998.458	1.05310217274616
1997.962	1.05310217274616
1997	1.05818849787771
1996.814	1.05346998703601
1985	1.0371890497592
1991	1.05076794033689
1994	1.05480003973817
1998	1.04095543253822
1995	1.05871343342071
1995	1.05417327903413
1995	1.04388956228956
1993	1.0495972018645
1998	1.09145642466469
2005.975	1.0692447294509
2005.868	1.07410890870228
2013.058	1.09967931967986
2012.385	1.09576912679102
2012.033	1.07585613721991
2009.233	1.08325882172382
2006.677	1.07323689013972
2011.619	1.11710727579988
2011.836	1.06743456276026
2011.833	1.06917234767859
2012.26	1.07302663688739
2011.855	1.07149603577879
2012.049	1.06853203568532
2011.948	1.07200693432126
2011.641	1.06073706288428
2011.562	1.07077462457407
2011.392	1.06246535109126
2012.481	1.0672948305139
2019	1.08462915497564
2019.729	1.09968585818072
2013.655	1.07667863153284
2012.046	1.07150523500396
2012.085	1.07302663688739
2011.816	1.07054497123602
2011.855	1.07164534999009
2013.468	1.07542960656643
2011.644	1.07178699275347
2011.63	1.07302663688739
2012.085	1.07054497123602
2013.751	1.06749403248134
2012.219	1.0689254804199
2012.079	1.07477637428439
2012.066	1.07528813208907
2012.003	1.0735354214886
2011.951	1.0735354214886
2012.128	1.0715470011534
2012.29	1.07404348188255
2012.295	1.07673135063682
2011.397	1.07004283194759
2011.244	1.07215337007767
2012.098	1.07725115120585
2012.227	1.0689254804199
2011.836	1.0689254804199
2014.148	1.0746825114147
2014.94	1.06718275070684
2014.175	1.07616609745939
2011.934	1.06506571402123
2012.107	1.07441124068244
2013.496	1.07477637428439
2012.025	1.06755903617456
2013.016	1.08658484077966
2014.093	1.08944557182769
2014	1.06225908802344
2014.808	1.06265222510227
2014.225	1.07104636430962
2013.036	1.05957716043633
2013.496	1.07178699275347
2010.89	1.10353655003659
2012.063	1.08186817582191
2011.951	1.08377166764796
2015.107	1.07001468848969
2013.058	1.06413120498156
2013.268	1.06538709314504
2007.277	1.07290807032162
2009	1.07883845699814
2006.03	1.07446624917463
2009.03	1.06930056775492
2006.789	1.07953769380003
2009	1.06743456276026
2005.888	1.07586129701197
2016.15	1.0818041390746
2004.24	1.06206821336506
2003	1.10612543078529
2018.315	1.0616006794273
2003	1.05719863774585
2004.153	1.05347886184432
2000	1.05746946905865
2000	1.05245521885522
1999	1.06151117455101
1999	1.06701487603306
2003.099	1.06979401478267
2003.482	1.0777520569131
2004.287	1.07203814098223
2004.721	1.08015893319897
2006.236	1.08845321271492
2006.236	1.08628630957992
2008.369	1.06990495994024
2005.929	1.0901345703093
2007.31	1.0852933225196
2006.312	1.08056744457519
2012.366	1.1017725486137
2012.366	1.1017725486137
2012.366	1.10475323312954
2012.366	1.10475323312954
2011.981	1.07760428789195
2011.932	1.0777866191591
2011.882	1.08285875042166
2012.153	1.08353505092083
2011.014	1.08650711483187
2013.666	1.0777520569131
2013.329	1.10088132717504
2015.956	1.09431133111508
2015.956	1.09462631963427
2015.94	1.09342578688177
2015.882	1.09342578688177
2016.896	1.09342578688177
2015.934	1.09431133111508
2014.937	1.08683766185512
2010.915	1.083107129666
2010.915	1.08265106595259
2012.085	1.08461878060739
2011.748	1.08305266972079
2013	1.08479040466302
2013.044	1.08661232844215
2013	1.10415732940423
2013	1.08324897437264
2011.748	1.0856268174284
2010.915	1.08518204753892
2011.096	1.08386942910062
2011.096	1.09222295071219
2011.096	1.09222295071219
2011.047	1.0901345703093
2011.096	1.0901345703093
2011.096	1.0901345703093
2011.871	1.09399388345868
2011.871	1.09399388345868
2011	1.08485760554963
2011	1.09140680115769
2011	1.08485760554963
2012.852	1.08474758942848
2012.852	1.08474758942848
2011.871	1.08964717741935
2011.871	1.08964717741935
2013.038	1.10918565486187
2013.038	1.10918565486187
2013.038	1.11307821740941
2013.038	1.11307821740941
2013.036	1.11074460073696
2013.036	1.11074460073696
2013.038	1.11307821740941
2013.038	1.11307821740941
2013.036	1.10326539094701
2013.038	1.10356204702462
2013.038	1.10326539094701
2013.038	1.10356204702462
2012.866	1.0964413989405
2012.866	1.0964413989405
2015.438	1.0967461895737
2014.008	1.0763872997219
2011.014	1.09197428833792
2011.014	1.09197428833792
2011.666	1.08048934904062
2011.871	1.08996004106278
2011.871	1.08996004106278
2011.871	1.08876896091066
2011.871	1.08876896091066
2011	1.0858235703187
2010.915	1.0908841539066
2011	1.09671132214786
2013.833	1.09052645692962
2013.038	1.09140680115769
2013.038	1.09140680115769
2012.79	1.10589282312135
2012.863	1.08495731389147
2012.863	1.08495731389147
2012.863	1.08550040526566
2012.863	1.08550040526566
2012.186	1.0839818375889
2012.011	1.0798286504717
2011	1.0834008097166
2010.915	1.0923353909465
2011	1.08637996850023
2011	1.08757560483871
2011	1.0943648053819
2011.022	1.0860584311475
2012.79	1.0860584311475
2011.175	1.08757560483871
2011.175	1.08757560483871
2010.915	1.09202827643481
2011.833	1.0858235703187
2012.085	1.08757560483871
2011.773	1.0796188642026
2011.858	1.0796188642026
2011.277	1.0796188642026
2011.277	1.0796188642026
2012	1.09052645692962
2012.904	1.10326539094701
2012.904	1.10326539094701
2012.904	1.10118375813391
2012.904	1.10118375813391
2012.904	1.10237404346495
2012.904	1.10237404346495
2012.995	1.10415781994264
2011	1.08375533494667
2010.833	1.08901414809962
2010.833	1.08277933427463
2013.885	1.09728802398834
2010	1.09176159940011
2011	1.08757560483871
2011	1.0901345703093
2008.962	1.0839818375889
2009.096	1.08178104869773
2010.915	1.08319816166532
2011.852	1.08420130706633
2011.852	1.08420130706633
2009.019	1.08595780950352
2009.019	1.08595780950352
2009.134	1.08854839709215
2009.134	1.08869396125526
2009.134	1.08869396125526
2009.134	1.08869396125526
2009.134	1.08716571558283
2009.134	1.08957460345283
2009.96	1.08683766185512
2009.96	1.08804618990641
2007	1.08485760554963
2008	1.05033914145112
2009	1.03917183562428
2012.085	1.08244906281594
2009.845	1.07741463116009
2009.03	1.09399388345868
2009.019	1.09310787913505
2009.211	1.08530221896105
2013.038	1.10236094948895
2013.038	1.10236094948895
2013.036	1.11095537190083
2013.036	1.11095537190083
2013.038	1.09190211695111
2013.038	1.09190211695111
2013.038	1.09901394369037
2013.036	1.09901394369037
2013.036	1.09728802398834
2013.036	1.09728802398834
2013.036	1.0951979515617
2013.036	1.0951979515617
2009.481	1.09232180410904
2006.915	1.07881895385091
2007.962	1.08892773428176
2009.959	1.08915444083108
2009.079	1.0964413989405
2009.079	1.09467294535901
2009.627	1.09222295071219
2009.627	1.0922882118233
2008.025	1.08837131209351
2007.233	1.08474758942848
2008.809	1.13538151195595
2006.734	1.07220715486861
2007.099	1.07185287628886
2006.951	1.07359289690556
2004.954	1.08266958871399
2005.181	1.07847737214854
2005.074	1.08110300081103
2005.036	1.07900783995675
2005.216	1.08056744457519
2004.24	1.07850547491124
2003.351	1.0950006978836
2002.907	1.08826063121623
2001	1.08872091906188
2004	1.08299233471687
2008.306	1.06995926593729
2017	1.08795420126677
2016	1.08503777900123
2020.609	1.12465195004878
2001	1.07701371205098
2013.153	1.0560171631857
2012	1.09519791774323
2005.507	1.06718314088808
2005.507	1.06631356818766
2007.23	1.06793229381752
2008.73	1.05879048923491
2010.855	1.0800513424324
2008.306	1.06603951462046
2009.742	1.06991556575959
2008.254	1.06805377771982
2008.407	1.07029516138541
2009.145	1.06767563515202
2009.074	1.06526369794558
2008.287	1.06593462339895
2016.353	1.10298042482299
2011.817	1.06990495994024
2009	1.0577673933849
2010.414	1.06964677720503
2010.299	1.07298617013992
2009.668	1.05526906503707
2011.277	1.05939508803513
2010.863	1.07054497123602
2009.608	1.05493994169096
2010.767	1.05024372595334
2010.014	1.07556525775653
2010.592	1.08041132861308
2010.592	1.08076870364506
2017.967	1.10236945329499
2009.592	1.07585613721991
2005.679	1.07164534999009
2003	1.07091437972817
2013.162	1.09883176823761
2012.579	1.10188515437791
2006.255	1.07916948793359
2006.219	1.08165078375823
2007.907	1.07079704210281
2007.904	1.07419921069179
2014	1.08059552259796
2015	1.07603980158686
2011.773	1.07011708244196
2011.044	1.06421212082005
2015.011	1.09047483642333
2009.249	1.07969266829484
2014	1.0501929568914
2012.415	1.10080466565725
2014	1.0542676582149
2011.893	1.09576912679102
2012.923	1.09462631963427
2012.424	1.09837372279812
2011.236	1.08981035044354
2013.23	1.09246464704648
2011.973	1.09702049250769
2011.879	1.09848809192086
2011.833	1.09488096542788
2011.814	1.09759916774774
2012.369	1.0901345703093
2009.09	1.07928931451613
2011.088	1.08835740955649
2012.082	1.08447687085442
2010.86	1.08087026550687
2012.087	1.08516796039955
2015	1.10119237978863
2008.074	1.07813326423587
2009.203	1.08804618990641
2005.471	1.07707470360443
2006.137	1.06816880613299
2004	1.07506053268765
2004	1.07395370242655
2005	1.07017293204069
2006	1.06880212256894
2014.816	1.0873637796948
2010.803	1.08027107714671
2010.781	1.08325882172382
2008.415	1.06503930395055
2010.085	1.08397125146387
2012	1.06542895847936
2011.466	1.07199669208032
2017.378	1.07576741469272
2019.748	1.11795350712174
2016.298	1.07825256105993
2017.337	1.06124394749427
2018.964	1.04319797312518
2007	1.09336818367498
2007.252	1.0715470011534
2015.058	1.07417817757537
2014.521	1.04992386371909
2013.942	1.06927224916331
2005.912	1.06025620979437
2005.6	1.07377629449838
2004.26	1.07255888255197
2005.792	1.06532916914535
2006.693	1.06743456276026
2009.153	1.08112347885693
2006.805	1.07952989986851
2006.808	1.07952989986851
2006.792	1.07968873372115
2007.211	1.07658218286917
2006.838	1.08129877963073
2006.847	1.08251476294963
2005.855	1.07973746258485
2012.06	1.09569530788874
2007.285	1.0847064436204
2007.2	1.08345945822266
2011.619	1.08115730426127
2008.115	1.06800743343815
2008.074	1.06374393070986
2008.082	1.06413120498156
2009.942	1.0543528786772
2009.707	1.05648288449271
2012.008	1.06364438480604
2012.046	1.06581508763217
2010.603	1.07415928414835
2011.162	1.06566886569093
2011.688	1.06142269548737
2011.008	1.06772719262651
2011.008	1.06860507722879
2010.858	1.07055621838447
2009.058	1.06811517710532
2010.288	1.06431349057326
2010.285	1.07377916161704
2012.117	1.08415180612711
2010.729	1.06888302875571
2013.123	1.06183153240282
2009.468	1.08111072512069
2010	1.07180730704952
2010.666	1.07918545641507
2012.385	1.09426273727527
2013.389	1.07089013511988
2010.364	1.07778771376602
2010.364	1.08309875674408
2005.926	1.07798321841863
2008.519	1.0951286525125
2007.625	1.07097560333214
2005.471	1.06951262679861
2009.071	1.07466190759469
2008.705	1.07326771746922
2009.605	1.07343549295886
2008.667	1.09064518544008
2008.669	1.09152955206537
2007.37	1.08217770564983
2007.844	1.0680019941196
2008.672	1.07918545641507
2008.314	1.0871369101522
2007.6	1.06959424395623
2007.775	1.06749700034062
2007.77	1.06749700034062
2007.559	1.06836506047987
2007.89	1.06887152552598
2005.784	1.07061377711226
2006.901	1.07851382477038
2006.271	1.0668971495786
2016.779	1.10226759441163
2017.142	1.08677185808161
2005.74	1.06602745558614
2006.718	1.07570495154859
2006.704	1.07658218286917
2006.699	1.07658218286917
2006.693	1.0735957261534
2007.54	1.07255888255197
2009.211	1.08754209149116
2010.493	1.07630331465564
2011.91	1.07055621838447
2011.132	1.06918737379105
2010.841	1.06479195244627
2010.841	1.06391612114263
2010.614	1.05768870514846
2011.8	1.04820990460494
2011.545	1.05165000212681
2011.255	1.05122624870152
2011.247	1.04993535271562
2016.779	1.08197810817891
2017.219	1.08049563061947
2016.377	1.08800764779013
2016.377	1.08800764779013
2016.071	1.09286553503684
2013.811	1.08341818670498
2018.063	1.06352164803593
2017.414	1.07354178294386
2017.603	1.09591219763122
2018.027	1.10055011231747
2017.888	1.1000791493531
2017.252	1.06942140278883
2016.475	1.08572264217657
2016.227	1.07923022663824
2017.386	1.08057209529903
2017.197	1.07880645491531
2018.874	1.07973825944599
2018.671	1.07812892762184
2018.077	1.0661958188302
2018.786	1.07098445187542
2018.948	1.07936340836508
2018.863	1.07455080815036
2018.784	1.06642339161942
2017.953	1.05069471053728
2018.819	1.06391169123798
2018.91	1.06391169123798
2018.825	1.05663269033232
2017.693	1.09840479046111
2010.027	1.09275618554082
2012.12	1.08464253099509
2009.132	1.068701502786
2011.658	1.07286638827814
2011.455	1.08881206987967
2012.12	1.09365612883029
2012.194	1.0873637796948
2012.063	1.09149694559414
2011.504	1.09455718430502
2011.392	1.09330293774762
2012.033	1.08935039603962
2011.238	1.09580899522563
2011.912	1.09510706770114
2012.178	1.07716801072321
2010.89	1.0906050906874
2012.093	1.06217469284802
2012.798	1.06312890095571
2013.595	1.06352164803593
2014.904	1.06408871246887
2014.956	1.06429904223372
2012.312	1.06304265987441
2011.951	1.08791721717871
2012.216	1.08621668900267
2010	1.08791721717871
2010.699	1.08289179685362
2011.879	1.09740230317261
2010.641	1.10819418157281
2012.24	1.10969578654883
2012	1.11297550130334
2012	1.10696646816437
2007.356	1.1008855146466
2006.186	1.08237686872009
2006.178	1.08098447712418
2006.082	1.08061619090054
2006.929	1.07693629941804
2006.923	1.07693629941804
2010.148	1.09875201558721
2009.838	1.10153795259308
2006.953	1.10222638864116
2006.66	1.09346974652202
2006.03	1.07338293522723
2012.754	1.09046952931495
2009.233	1.08251476294963
2006.693	1.06413120498156
2008.246	1.07029516138541
2009.268	1.07777027522228
2009.266	1.07777027522228
2009.263	1.07653039500331
2009.26	1.07777027522228
2009.189	1.07229208636157
2009.759	1.06876066300638
2008.746	1.07740901597879
2011.945	1.06339047874706
2011.797	1.06691135225699
2010.685	1.06582833338252
2011.973	1.059430472997
2011.238	1.06327657674505
2011.066	1.07480625004104
2009.397	1.08249896868087
2010.479	1.07061361804233
2011.663	1.07100552363835
2011.005	1.07403848541656
2011.184	1.08249896868087
2014.942	1.08330322032097
2010.556	1.07178115710978
2010.556	1.07556321820947
2011.247	1.06837028447193
2011.682	1.06280636511442
2009	1.0735354214886
2010.71	1.07690077944134
2010.71	1.07352293101679
2008.328	1.06816733800293
2011.616	1.06749403248134
2008.194	1.08536632915908
2010.685	1.08891182726107
2009.214	1.08625107852456
2011.392	1.0575766478821
2011.085	1.05918127690326
2012.771	1.07307621838298
2011.449	1.05458971299622
2012.292	1.0591015137802
2013.233	1.06052266152492
2012.025	1.05839309794756
2010.893	1.08395761873423
2011.263	1.08625470149187
2017.66	1.08946565529222
2016.74	1.10950262380418
2011.493	1.06661732189708
2014.512	1.08358792268353
2013.964	1.07621088308331
2011.496	1.07828871303624
2013.71	1.07667863153284
2011.027	1.07338999007575
2013.06	1.0663161243889
2012.601	1.06805377771982
2015.762	1.07090246794227
2016.432	1.07909689375378
2017.866	1.08754005319645
2017.584	1.08343316713339
2016.667	1.08164458606457
2018.005	1.07085755994337
2018.488	1.09269511855935
2018.003	1.09053564204045
2018.614	1.08405721248378
2017.885	1.09053129480483
2018.266	1.08487943668476
2016.91	1.06613632842134
2011.677	1.08358959179902
2014.189	1.08589510249346
2018.46	1.09570545552271
2017.063	1.08785569255413
2016.15	1.08766688547638
2017.392	1.09604796889809
2012.773	1.09930678573451
2017.367	1.09125753929098
2010.953	1.09088126182403
2012.702	1.07695157189741
2018.521	1.06590357161002
2019	1.07029516138541
2017.312	1.06827287416968
2017.052	1.06865823915612
2017.964	1.07128662489651
2017.704	1.07242298476788
2018.118	1.10116135337488
2018	1.08944557182769
2015.652	1.08447687085442
2015.041	1.0800513424324
2015.825	1.07585613721991
2016.915	1.07054497123602
2015.397	1.06656725866219
2015.186	1.08358959179902
2016	1.08625470149187
2011.647	1.06788480919108
2012.052	1.06874408502997
2007	1.06805377771982
2011.096	1.09399731290003
2013.285	1.06509176148199
2010.874	1.06933867545574
2011.34	1.08905963771154
2014.896	1.07935151790569
2015.323	1.08683766185512
2018.044	1.09817741647381
2017.156	1.09462631963427
2018.37	1.09759916774774
2018.332	1.09728802398834
2016.09	1.09190211695111
2016.74	1.08407720253941
2012.279	1.07605247981546
2011.912	1.08666451155644
2011.162	1.0819052440303
2010.756	1.10291348685583
2012.795	1.11131924670726
2010.033	1.08642959839164
2014	1.11004220356395
2012.314	1.10159817864664
2006	1.0917398560475
2005.66	1.07082475368022
2005	1.07429722729525
2008.672	1.08638310529447
2008.653	1.08285875042166
2011.696	1.08516796039955
2008.038	1.07637444633782
2017.543	1.12004343951882
2017.858	1.10057851747304
2010.978	1.10424720662867
2012	1.06240306963322
2013	1.03534059776804
2014	1.0345294331152
2015	1.08593862379868
2014	1.09874593210877
2011.918	1.18412111708483
2013.082	1.08075195595109
2014	1.08151853657071
2014	1.07247018811776
2016	1.08097542510874
2017.351	1.08934509861737
2014	1.07908202991599
2013	1.06602861826378
2013	1.06644074650141
2013	1.06732192039194
2015	1.08500520693362
2012.582	1.07770151486595
2010.923	1.06502682595794
2013	1.08076018695185
2013	1.08495035947987
2013	1.07254596566636
2014	1.0835385309362
2013	1.06637727705872
2014	1.07669206929838
2011.085	1.07257085162629
2015.805	1.10041386723999
2007.636	1.07743742591326
2005.951	1.08251680622637
2005.529	1.08515977608212
2005.526	1.08182527487005
2003	1.08795114736258
2003	1.08273402342325
2016	1.1200025172159
2015	1.10326539094701
1992	1.05118092794625
1995	1.05758545949752
1983	1.03925365761583
1985	1.05500943533169
1981.129	1.05407046558046
1992	1.05378573998627
1984	1.05736681666425
1981.112	1.05407046558046
1979.932	1.06156503033562
1979.932	1.05540507851549
