1918	41.8399804257402
1933.025	41.6765146143544
1933.414	41.755298195856
1932	41.5189474513511
1932	41.6075650118203
1933	41.5287628053585
1933	41.6075650118203
1935	40.8404154863078
1945	40.4991758888627
1948	40.9868369196816
1943	41.0377358490566
1943	40.8916097637548
1947	40.1222474727686
1947	40.1911626449389
1954	40.3478533375118
1954	40.3478533375118
1954	40.3478533375118
1951	40.2006112373638
1951	40.3478533375118
1951	40.2695079912253
1951	40.3478533375118
1951	39.8777812597932
1957	40.5140662957448
1957	40.5140662957448
1957	40.5924300603401
1953	38.6435331230284
1954	40.0438837081733
1950	40.3478533375118
1950	40.3478533375118
1946	40.5924300603401
1939	40.5140662957448
1940	40.5140662957448
1946	40.3321470937129
1948	40.9065782200111
1942	40.9700965387332
1942	41.1270700886901
1934	41.6765146143544
1935	41.6765146143544
1946	41.1250295438431
1946	41.2038131253447
1935	41.2055568636685
1936	40.8131229887764
1934	41.5091367359798
1934	41.351606805293
1934	41.1940768746062
1934	41.1940768746062
1993	40.7250470809793
1995.578	41.2743251726303
1996	41.0389202762084
1991	40.646578782172
1986	40.582889376371
1987	40.8179254152303
1986	40.582889376371
1987	40.3478533375118
1987	40.1128172986525
1986	40.4261986837982
1986	40.5045440300846
1989.003	41.2096521466625
1987	40.5045440300846
1986	40.6612347226575
1986	40.2695079912253
1980	41.0529614540896
1980	40.7395800689439
1981	40.4261986837982
1983	40.8179254152303
1983	40.7395800689439
1983	40.1128172986525
1982	39.8777812597932
1982	39.9655199435781
1983	39.8777812597932
1980	40.582889376371
1978	40.5045440300846
1978	40.6612347226575
1978	40.6612347226575
1978	40.7395800689439
1977	40.7395800689439
1978	40.8962707615168
1977	40.582889376371
1978	40.582889376371
1978	40.582889376371
1978	40.582889376371
1978	40.582889376371
1978	40.582889376371
1977	40.5045440300846
1977	40.582889376371
1977	40.582889376371
1977	40.582889376371
1978	40.5045440300846
1977	40.0532998902649
1951	40.4906046072804
1949	40.1911626449389
1949	40.1911626449389
1948	40.3478533375118
1950	40.4261986837982
1983	41.1313068003761
1983	40.9746161078032
1983	40.9746161078032
1983	40.8962707615168
1983	40.8962707615168
1983	40.8962707615168
1983	40.8962707615168
1983	40.8962707615168
1983	40.9746161078032
1983	40.9746161078032
1983	40.9746161078032
1983	40.9746161078032
1983	40.9746161078032
1983	40.9746161078032
1983	40.8962707615168
1983	40.8962707615168
1983	40.9842488833164
1983	40.8179254152303
1983	40.8179254152303
1983	40.9746161078032
1983	40.9746161078032
1983	40.9746161078032
1983	41.0529614540896
1983	40.9746161078032
1983	40.9746161078032
1983	40.9746161078032
1983	40.9746161078032
1983	40.9746161078032
1983	40.8962707615168
1983	40.8962707615168
1983	40.9746161078032
1983	40.8962707615168
1983	41.0529614540896
1983	40.8962707615168
1983	40.9746161078032
1983	40.8962707615168
1983	40.9746161078032
1983	41.1313068003761
1983	40.9746161078032
1983	40.8962707615168
1983	40.8467267738142
1983	40.8962707615168
1983	40.9746161078032
1983	41.0529614540896
1983	41.0529614540896
1982	41.0529614540896
1984	41.2290327637561
1984	41.2879974929489
1989.005	40.1911626449389
1991.551	40.5681104833647
1996	41.1173885750157
1995	41.0389202762084
1995.964	40.7250470809793
1995.942	40.4896421845574
1996	40.4896421845574
1996.019	40.8131229887764
1996	40.4896421845574
1996.003	40.7250470809793
1995.953	40.646578782172
1995.929	40.5681104833647
1995.874	40.5681104833647
1995.907	40.8500590318772
1996	40.646578782172
1996	40.5681104833647
1996	40.7250470809793
1996	40.7250470809793
1995.948	40.4896421845574
1995.871	40.5681104833647
1995.332	40.8035153797866
1996.003	40.4111738857502
1995.934	40.3327055869429
1995.945	40.3327055869429
1995.962	40.4111738857502
1995.918	40.4111738857502
1995.986	40.3327055869429
1995.989	40.3422023389059
1996.104	40.4111738857502
1995.953	40.9604519774011
1995	40.646578782172
1996	41.1173885750157
1996	41.1173885750157
1996	41.0389202762084
1995.923	41.1173885750157
1996	41.1173885750157
1996	40.8819836785939
1995.975	40.7250470809793
1995	40.646578782172
1995.986	40.9604519774011
1995.942	41.0389202762084
1995.912	40.9604519774011
1995.951	41.1173885750157
1998	40.5681104833647
2000	40.9604519774011
2000	41.1173885750157
2000	41.1173885750157
2000	41.1173885750157
2000	40.7250470809793
2000	40.8819836785939
2000	40.8819836785939
2000	40.8819836785939
2000	41.1173885750157
2000	41.1173885750157
2000	41.2743251726303
2000.279	41.0389202762084
2001.022	41.0485833137116
2000	40.8819836785939
2000	40.9604519774011
2000	41.2743251726303
2000	41.195856873823
2000	41.2743251726303
2000	41.3527934714375
1992	40.646578782172
2001.022	40.4991758888627
2001.584	40.3422023389059
2001.518	40.5776626638411
2001.353	40.3422023389059
2001.058	40.734636213798
2002.926	40.5776626638411
2003.937	40.6561494388196
2003.937	40.6561494388196
2003.811	40.6561494388196
2003.723	40.6561494388196
2003.696	40.6561494388196
2003.515	40.6561494388196
2003.068	40.6561494388196
2003.973	40.6561494388196
2003.964	40.6561494388196
2003.923	40.6561494388196
2003.819	40.6561494388196
2003.789	40.6561494388196
2003.773	40.6561494388196
2003.715	40.6561494388196
2003	40.6561494388196
2003	40.6561494388196
2003	40.6561494388196
2003	40.6561494388196
2001	40.6561494388196
2002.97	40.3612092658029
2003.153	40.2136349355954
2001	40.8131229887764
2000	40.734636213798
2000.112	40.6561494388196
2000	40.6561494388196
2000.68	40.4206891138843
2000.587	40.4206891138843
2000.828	40.4206891138843
2000.623	40.4991758888627
2000.68	40.4991758888627
2000.669	40.4991758888627
2000.639	40.4991758888627
2000.642	40.4991758888627
2000.68	40.4991758888627
2000.653	40.5967805261091
2000.626	40.4991758888627
2000.62	40.4991758888627
2000.56	40.4206891138843
2000.678	40.4206891138843
2000.549	40.4991758888627
2000.631	40.5087140838436
2000.713	40.4991758888627
2000.806	40.6561494388196
2000.56	40.4206891138843
2000.467	40.4991758888627
2000.648	40.4206891138843
2000.699	40.4991758888627
2000.705	40.4206891138843
2000.735	40.4206891138843
2000.464	40.4206891138843
2000.563	40.5776626638411
2000.721	40.4991758888627
2000.779	40.3422023389059
2000.76	40.2731983042864
2000.839	40.4206891138843
2000.855	40.4206891138843
2000.68	40.4991758888627
2000.735	40.4991758888627
2000.658	40.4206891138843
2000.639	40.4991758888627
2000.658	40.4206891138843
2000.658	40.4991758888627
2000.568	40.5776626638411
2000.464	40.4206891138843
2000	40.4206891138843
2000.743	40.4206891138843
2000.508	40.3422023389059
2000.719	40.4991758888627
2000.661	40.4991758888627
2000.664	40.4206891138843
2000.544	40.4206891138843
2000.675	40.4991758888627
2000.675	40.4206891138843
2000.541	40.4206891138843
2000.716	40.4991758888627
2000.623	40.3422023389059
2000.751	40.5776626638411
2000.642	40.4492617027961
2000.683	40.5087140838436
2001	40.6657246035484
2001.463	40.5776626638411
1999.997	40.1067420139706
2000	40.2006112373638
2000	40.131682081831
2001	40.0282552389922
2000	40.3422023389059
2001.019	40.6561494388196
2001.019	40.6561494388196
2001.019	40.6944771780973
1999	40.0282552389922
1999	40.2637155639275
1999	40.2637155639275
1999	40.2637155639275
1999	40.4206891138843
1998.071	40.2637155639275
1998	40.1852287889491
1997.997	40.1852287889491
1997.041	40.1852287889491
1997.041	40.1852287889491
1997	39.6358213641001
1995	39.6358213641001
1996	40.2637155639275
1996	40.1067420139706
1996	40.1067420139706
1996	40.1067420139706
1996	40.1067420139706
1996	40.1067420139706
1996	40.1067420139706
1996	40.1067420139706
1996	40.1067420139706
1996	40.1067420139706
1996	40.1067420139706
1996	40.1067420139706
1996	40.1852287889491
1997	40.4206891138843
1997.86	40.1852287889491
1997.822	40.4206891138843
1997.923	40.4206891138843
2000.68	40.4991758888627
2000.617	40.4991758888627
2000	40.4206891138843
2001.019	40.4206891138843
2000.962	40.9797456429581
2001.038	40.4991758888627
2001.077	40.4991758888627
2001.101	40.6561494388196
2001.063	40.5278039585297
2001.09	40.5776626638411
2001.06	40.6561494388196
2001	40.2637155639275
2001.156	40.5278039585297
2001.592	40.8131229887764
2001.425	40.8131229887764
2001.077	40.6446540880503
2001.074	40.6753042795446
2001.066	40.6753042795446
2001.058	40.6561494388196
2001.06	40.8916097637548
2000	40.5776626638411
2000	40.9012403831057
2000.964	40.8131229887764
2001.06	40.9700965387332
2001.066	41.0087202451096
2001.466	40.6561494388196
2001.54	40.734636213798
2001.479	40.8131229887764
2001.54	40.8131229887764
2001.622	40.8916097637548
2001.523	40.8131229887764
2001.499	40.8131229887764
2001.479	40.8131229887764
2001.537	40.6753042795446
2001.419	40.8131229887764
2001.556	40.8131229887764
2001.542	40.8916097637548
2001.43	40.8131229887764
2001.542	40.6561494388196
2001.545	40.6561494388196
2001.523	40.734636213798
2001.622	40.6561494388196
2001.537	40.734636213798
2001.605	40.734636213798
2001.427	40.7442298634009
2001.523	40.6561494388196
2001.537	40.5776626638411
2001.592	40.6561494388196
2001.529	40.734636213798
2001.512	40.6561494388196
2001.521	40.8916097637548
2001.499	40.6561494388196
2001.499	40.8131229887764
2001.504	40.75382803298
2001.521	40.6561494388196
2001.293	40.734636213798
2001.405	40.8131229887764
2001.389	40.734636213798
2001.375	40.734636213798
2001.499	40.734636213798
2001.488	40.6561494388196
2001.679	40.8131229887764
2001.54	40.734636213798
2001.46	40.8131229887764
2001.471	40.734636213798
2001.425	40.8916097637548
2001.488	40.6561494388196
2001.43	40.734636213798
2001.616	40.5776626638411
2001.521	40.734636213798
2001.575	40.8916097637548
2001.414	40.8227351232533
2001.523	40.8131229887764
2001.49	40.734636213798
2001.504	40.6561494388196
2001.433	40.734636213798
2001.638	40.75382803298
2001.501	40.8916097637548
2001.468	40.734636213798
2002.074	40.4991758888627
2002.005	40.5776626638411
2002.011	40.8131229887764
2002	40.8916097637548
2001.556	40.8131229887764
2001.501	40.734636213798
2001.616	40.6561494388196
2001.507	40.8131229887764
2001.54	40.6561494388196
2001	40.6561494388196
2001.405	40.6561494388196
2001.54	40.6561494388196
2001.504	40.8916097637548
2001.479	40.5776626638411
2001	40.8916097637548
2001.567	40.8131229887764
2001.548	40.8916097637548
2001.542	40.8916097637548
2001.57	40.9700965387332
2001.518	40.8131229887764
2001.507	40.8916097637548
2001.507	40.8916097637548
2001.545	40.8323517864154
2001.488	40.734636213798
2001.115	40.8916097637548
2001.049	40.9301594783565
2001.063	40.9700965387332
2001.058	40.9700965387332
2001.068	40.8916097637548
2001.159	41.1367561626629
2001.14	41.0485833137116
2001.14	40.9700965387332
2002	40.8131229887764
2000	40.4991758888627
2001	40.6561494388196
2001.03	40.2637155639275
2001.025	40.5087140838436
2001.025	40.5776626638411
2000	40.734636213798
2001	40.8131229887764
2000.68	40.8131229887764
2000	40.3422023389059
2000	40.2637155639275
2002	40.734636213798
2003.06	39.899465912661
2003.159	40.1067420139706
2003.173	40.1067420139706
2003.052	40.1852287889491
2002.984	40.2637155639275
2003.036	40.194693044434
2003.038	40.0282552389922
2003.055	40.2637155639275
2003.058	40.3422023389059
2003.074	40.4991758888627
2003	40.4991758888627
2003.227	40.7442298634009
2003	40.6561494388196
2003.071	40.2637155639275
2003.115	40.2637155639275
2003.216	40.4397330192383
2003.036	40.3517035641388
2003.151	40.1852287889491
2003	40.3422023389059
2005	40.3422023389059
2005.603	40.3422023389059
2005.715	40.4302088239912
2005.718	40.2921771913289
2005.699	40.2637155639275
2005.679	40.2637155639275
2005.685	40.2136349355954
2005	40.4206891138843
2005.682	40.3422023389059
2005.759	40.3422023389059
2005	40.4206891138843
2005.496	40.1067420139706
2006.271	40.2921771913289
2005	40.4206891138843
2007.142	40.1852287889491
2007.118	39.9497684640138
2007.137	40.0282552389922
2007.06	40.1067420139706
2007.06	39.8712816890354
2007.077	39.9497684640138
2007.123	39.9497684640138
2007.134	39.8712816890354
2007.082	39.9497684640138
2007.123	39.8712816890354
2007.099	39.9182775420399
2007.099	40.0282552389922
2007.153	40.3422023389059
2007.115	40.3422023389059
2007.121	40.1852287889491
2007.178	40.1852287889491
2007.173	40.3422023389059
2007.096	40.3422023389059
2007.047	40.2637155639275
2007.184	40.2637155639275
2007.099	40.3422023389059
2007.145	40.2637155639275
2007.079	40.3422023389059
2006.989	40.2637155639275
2007.077	40.3422023389059
2007.178	40.4991758888627
2007.181	40.4991758888627
2007.096	40.4206891138843
2007.099	40.4206891138843
2007.156	40.4206891138843
2007.153	40.4991758888627
2007.178	40.3422023389059
2007.079	40.1852287889491
2007.137	40.1350926798618
2007.107	40.2637155639275
2007.153	40.2637155639275
2007.142	40.2637155639275
2007.118	40.734636213798
2007.118	39.9497684640138
2007.079	40.4991758888627
2007.077	40.2637155639275
2007.077	40.4206891138843
2007.066	40.3422023389059
2007.077	40.4206891138843
2007.104	40.4206891138843
2007.082	40.3422023389059
2007.085	40.4206891138843
2007.079	40.2637155639275
2007.085	40.4206891138843
2007.153	40.4206891138843
2007.145	40.3422023389059
2007.175	40.3422023389059
2007.03	40.3422023389059
2007.153	40.2637155639275
2007.134	40.3422023389059
2007.162	40.4991758888627
2007.079	40.3422023389059
2007.121	40.2921771913289
2007.178	40.2637155639275
2007.118	40.4991758888627
2007.077	40.2637155639275
2006.962	40.3422023389059
2007.134	39.792794914057
2007.115	39.7143081390786
2007.104	40.1067420139706
2007.14	40.1067420139706
2007.068	39.8712816890354
2007.077	40.0282552389922
2007.115	40.0282552389922
2007.079	39.792794914057
2007.181	40.1067420139706
2007.041	39.9497684640138
2007.099	40.1067420139706
2007.088	40.0282552389922
2007.079	40.1067420139706
2007.082	40.0282552389922
2007.145	40.0282552389922
2007.118	40.0282552389922
2007.066	40.1852287889491
2007.118	40.1067420139706
2007.077	40.0282552389922
2007.041	40.1067420139706
2007.041	40.1067420139706
2007.153	39.9497684640138
2007.115	39.9497684640138
2007.159	39.8712816890354
2007.085	39.9497684640138
2007.173	39.9497684640138
2007.107	40.0282552389922
2007.077	39.9497684640138
2007.14	39.792794914057
2007.115	40.1067420139706
2007.011	39.792794914057
2007.008	39.6358213641001
2007.058	40.1067420139706
2007.134	40.2637155639275
2007.195	40.3422023389059
2007.134	40.2637155639275
2007.175	40.2637155639275
2007.101	40.3422023389059
2007.14	39.9780081683946
2007.088	40.2637155639275
2006.989	40.3422023389059
2007.159	40.5087140838436
2007.137	40.4991758888627
2007.153	40.2921771913289
2007.068	40.3422023389059
2007.085	40.3422023389059
2007.082	40.3422023389059
2007.079	40.2637155639275
2007.115	40.6561494388196
2007.088	40.1852287889491
2007.126	40.3422023389059
2007.118	40.6561494388196
2007.068	40.3422023389059
2007.175	40.5776626638411
2007.137	40.2637155639275
2007.14	40.0282552389922
2007.145	40.0282552389922
2007.14	40.4991758888627
2007.14	40.2637155639275
2007.137	40.2637155639275
2007.153	40.2637155639275
2007.137	40.2637155639275
2007.118	40.2637155639275
2007.137	40.4206891138843
2007.126	40.4206891138843
2007.058	40.0282552389922
2007.162	40.1852287889491
2007.115	40.1852287889491
2007.126	40.0282552389922
2007.118	40.2637155639275
2007.107	40.2637155639275
2007.077	40.2637155639275
2007.137	40.3422023389059
2007.118	40.2826855123675
2007.137	40.2637155639275
2007.121	40.4206891138843
2007.195	40.2637155639275
2007.115	40.1852287889491
2007.173	40.1852287889491
2007.06	40.1350926798618
2007.101	40.2637155639275
2007.123	40.1852287889491
2007.099	40.2637155639275
2007.118	40.2637155639275
2007.14	40.2637155639275
2007.101	40.2637155639275
2007.156	40.2637155639275
2007.099	40.2637155639275
2007.085	40.2637155639275
2007.096	40.0376825247292
2007.068	40.1067420139706
2007.164	40.1852287889491
2007.041	40.1852287889491
2007.153	40.1852287889491
2007.079	40.0282552389922
2007.192	40.1067420139706
2007.03	40.0282552389922
2007.041	40.1852287889491
2007.047	40.1852287889491
2007.058	40.1067420139706
2007.178	40.1067420139706
2007.088	40.1067420139706
2007.066	40.2637155639275
2007.134	40.1067420139706
2007.115	40.2637155639275
2007.079	40.1852287889491
2007.077	40.1067420139706
2007.079	40.0282552389922
2007.126	39.9497684640138
2007.079	40.0282552389922
2007.159	40.1067420139706
2007.134	39.9497684640138
2007.195	39.9780081683946
2007.096	40.0282552389922
2007.173	40.0282552389922
2007.063	40.1067420139706
2007.038	40.0282552389922
2007.096	40.1067420139706
2007.06	40.1067420139706
2006.962	40.1067420139706
2007.077	40.1067420139706
2007.173	40.0282552389922
2007.063	40.1067420139706
2007.06	40.1067420139706
2007.03	39.9497684640138
2006.929	40.2637155639275
2007.107	40.1067420139706
2007.104	40.1067420139706
2007.099	40.0062878251985
2007.063	40.1067420139706
2007.142	40.1067420139706
2007.079	39.8712816890354
2007.142	40.1852287889491
2007.162	40.1852287889491
2007.082	39.9497684640138
2007.115	40.0282552389922
2007.192	40.1852287889491
2007.162	40.3422023389059
2007.058	39.9497684640138
2007.077	40.1852287889491
2007.159	40.0282552389922
2007.096	40.2637155639275
2007.118	40.2637155639275
2007.066	40.2637155639275
2007.115	40.1852287889491
2007.175	40.0282552389922
2007.121	40.0565504241282
2007.178	40.1852287889491
2007.121	40.1067420139706
2007.06	40.2921771913289
2007.134	40.0282552389922
2007.115	40.0282552389922
2007.115	40.0282552389922
2007.115	40.1067420139706
2007.027	39.9497684640138
2007.137	40.1067420139706
2007.156	40.0282552389922
2007.115	40.1067420139706
2007.173	40.0282552389922
2007.181	40.1067420139706
2007.082	39.9497684640138
2007.118	40.1067420139706
2007.063	39.6358213641001
2007.079	39.792794914057
2007.126	40.1067420139706
2007.126	40.0282552389922
2007.014	40.0282552389922
2007.156	40.0471142520612
2007.173	39.9497684640138
2007.096	39.9497684640138
2007.068	39.9497684640138
2007.162	39.8712816890354
2007.099	39.9497684640138
2007.14	39.9497684640138
2007.066	39.9497684640138
2007.079	39.8712816890354
2007.115	39.9497684640138
2007.063	39.9497684640138
2007.099	40.1067420139706
2007.099	40.0282552389922
2007.123	40.0282552389922
2007.104	40.1067420139706
2007.096	40.1067420139706
2007.096	39.9497684640138
2007.2	40.1067420139706
2007.068	40.3422023389059
2007.058	40.3422023389059
2007.181	40.3422023389059
2007.058	40.3422023389059
2007.195	40.1852287889491
2007.156	40.1852287889491
2007.126	40.3422023389059
2007.192	40.4206891138843
2007.164	40.4206891138843
2007.192	40.4206891138843
2007.173	40.4206891138843
2007.192	40.4206891138843
2007.164	40.3422023389059
2007.189	40.4206891138843
2007.156	40.1067420139706
2007.079	40.1852287889491
2006.274	40.1852287889491
2007.085	40.6561494388196
2007.058	40.2637155639275
2007.153	40.1067420139706
2007.107	40.1067420139706
2007.101	40.1067420139706
2007.096	40.1852287889491
2007.096	40.2041617589321
2007.096	40.1067420139706
2007.104	40.1067420139706
2007.101	40.1067420139706
2006.967	40.1852287889491
2007.173	40.1852287889491
2007.156	40.3422023389059
2007.077	40.4206891138843
2007.077	40.4206891138843
2007.077	40.2637155639275
2007.099	40.3422023389059
2007.142	40.2637155639275
2007.153	40.2637155639275
2007.049	40.2637155639275
2007.077	40.3422023389059
2007.137	40.1852287889491
2007.173	40.0282552389922
2007.134	40.2637155639275
2007.173	40.4206891138843
2007.123	40.1852287889491
2007.068	40.4206891138843
2007.068	40.1852287889491
2007.123	40.1852287889491
2007.121	40.1852287889491
2007.068	40.1852287889491
2007.101	40.2637155639275
2007.099	40.2136349355954
2007.058	40.1852287889491
2007.123	40.4206891138843
2007.096	40.3422023389059
2007.068	40.3422023389059
2007.121	40.3422023389059
2007.115	40.8323517864154
2007.162	41.0485833137116
2007.027	41.2840436386469
2007.162	40.9700965387332
2007.153	40.9700965387332
2007.173	41.0485833137116
2007.178	40.9700965387332
2003.729	40.1852287889491
2005.266	40.1852287889491
2005.449	39.9497684640138
2006.2	40.8916097637548
2006.321	41.1270700886901
2006.271	41.0485833137116
2006	40.8131229887764
2005	40.3517035641388
2005.033	40.5776626638411
2005.055	40.6561494388196
2003.688	40.4206891138843
2003.589	40.4206891138843
2005	40.5776626638411
2004	40.5087140838436
2005.6	39.9497684640138
2005.69	39.8806720050243
2005.663	39.792794914057
2005.611	39.9497684640138
2003.03	40.4206891138843
2003.17	39.9874302773195
2008.027	40.4637955513488
2008.008	40.3849187569017
2008.481	40.8131229887764
2008.44	40.4206891138843
2008.437	40.4991758888627
2008.437	40.4991758888627
2007	40.3422023389059
2008.469	40.3422023389059
2008.478	40.5776626638411
2007.995	40.3060419624546
2008.122	40.3422023389059
2008.434	40.4991758888627
2007.981	40.1852287889491
2008.036	40.5776626638411
2007.962	40.3422023389059
2007.945	40.3422023389059
2007.849	40.2637155639275
2008.016	40.1350926798618
2008.123	40.3422023389059
2008.484	40.4991758888627
2008.497	40.4991758888627
2008.12	40.4991758888627
2008.077	40.4991758888627
2008.074	40.3422023389059
2008.94	40.1067420139706
2008.123	40.1852287889491
2008.108	40.3422023389059
2008.623	40.2637155639275
2008.88	40.734636213798
2008.847	40.8916097637548
2008.861	40.6063462142633
2008.842	40.6561494388196
2008.833	40.8131229887764
2008.776	40.6848884699969
2008.776	40.8131229887764
2008.814	40.5776626638411
2008.828	40.4991758888627
2008.839	40.5776626638411
2008.6	40.1067420139706
2008.063	40.3422023389059
2008.016	40.5426723457959
2007.868	40.1852287889491
2008.055	40.1067420139706
2008.333	40.1852287889491
2008.041	40.1067420139706
2008.896	40.734636213798
2008.915	40.6561494388196
2008.825	40.9700965387332
2009.033	40.3422023389059
2007.948	40.4637955513488
2008.038	40.4637955513488
2008.117	40.2393889282621
2007.997	40.3849187569017
2008.041	40.3849187569017
2008.137	40.4206891138843
2009.023	40.4206891138843
2009.088	40.4991758888627
2008.112	40.5776626638411
2008.921	40.6561494388196
2008.858	40.8131229887764
2008.801	40.4991758888627
2008.148	40.2637155639275
2008.533	40.734636213798
2008.16	40.6561494388196
2008.342	40.3422023389059
2008.036	40.3849187569017
2007.863	40.4637955513488
2008.71	40.4991758888627
2008.022	40.4991758888627
2007	40.2637155639275
2008.437	40.6561494388196
2008.444	40.6561494388196
2008.984	40.6215491402429
2008.137	40.734636213798
2007	40.2530644523527
2008.085	40.734636213798
2008.538	40.5776626638411
2008.828	40.4206891138843
2008.839	40.4206891138843
2008.885	40.4206891138843
2008.866	40.3422023389059
2008.899	40.3422023389059
2008.885	40.4206891138843
2008.883	40.3422023389059
2008.861	40.4991758888627
2008.85	40.4206891138843
2008	40.4991758888627
2008.844	40.4206891138843
2008.56	40.1852287889491
2008.563	40.4991758888627
2008.555	40.4991758888627
2008.022	40.3060419624546
2008.71	40.5776626638411
2007.992	40.3060419624546
2008	40.5543743601858
2009.016	40.4991758888627
2008.989	40.1757689893283
2008.984	40.1757689893283
2009.14	40.2542372881356
2009	40.3327055869429
2009.233	40.8035153797866
2007	40.4206891138843
2009.118	40.4206891138843
2009.134	40.3422023389059
2009.323	40.6561494388196
2009.162	40.2637155639275
2009.121	40.4206891138843
2009.323	40.2637155639275
2009.323	40.4206891138843
2009.023	40.6561494388196
2007	40.4206891138843
2007	40.5776626638411
2007	40.4206891138843
2009.052	40.9604519774011
2009.036	40.4896421845574
2008.489	40.1757689893283
2009.085	40.0188323917138
2008.634	40.5681104833647
2009.414	40.3327055869429
2008.959	40.5776626638411
2008.191	40.4206891138843
2009.129	40.3422023389059
2009.014	40.1852287889491
2009.321	40.4991758888627
2009.326	40.4991758888627
2009	39.8712816890354
2009.325	40.6753042795446
2009.707	40.097300690521
2009.321	40.4991758888627
2009.323	40.4991758888627
2009.323	40.4991758888627
2009.319	40.4206891138843
2009.319	40.4206891138843
2009.315	40.4206891138843
2009.318	40.2637155639275
2009.326	40.4206891138843
2009.323	40.4206891138843
2009.323	40.4991758888627
2009.323	40.4206891138843
2009.318	40.4206891138843
2009	40.2637155639275
2009.323	40.3422023389059
2008.934	39.8712816890354
2008.934	39.9497684640138
2009.325	39.8712816890354
2009.348	40.1852287889491
2009.348	40.1852287889491
2009.353	40.1852287889491
2009.332	40.1852287889491
2009.323	40.1852287889491
2009.318	40.1852287889491
2009.322	40.0282552389922
2009.329	40.0282552389922
2009.326	39.9497684640138
2009.323	40.0282552389922
2009.373	40.0282552389922
2009.205	40.1067420139706
2009	40.5681104833647
2009.162	40.2542372881356
2009.312	40.3992769001022
2009.162	40.5681104833647
2009.625	40.0978767069224
2009.575	40.2637155639275
2008	40.3802341110849
2009.315	40.2637155639275
2009.322	40.3422023389059
2009.323	40.3422023389059
2009.323	40.3422023389059
2009.162	39.7834274952919
2009	40.0282552389922
2007	39.9497684640138
2008.937	40.1757689893283
2007	40.6561494388196
2008.672	40.7250470809793
2009.112	40.2637155639275
2009.086	40.1067420139706
2009.462	40.2637155639275
2009.473	40.4991758888627
2009.323	40.5776626638411
2009.186	40.2637155639275
2008.842	40.5967805261091
2009.537	40.2817347261792
2009.43	40.2637155639275
2009.163	40.8131229887764
2009.041	40.3060419624546
2009.808	40.3704583234386
2009.67	40.1067420139706
2009.538	39.9497684640138
2008.975	40.4637955513488
2009.153	40.4637955513488
2009.323	40.4206891138843
2009.007	40.4206891138843
2009.527	40.6561494388196
2009.077	40.4206891138843
2008.844	40.3060419624546
2009.5	40.1852287889491
2009.499	40.5776626638411
2009.522	40.734636213798
2009.456	40.5776626638411
2009.573	40.5776626638411
2008.877	40.5776626638411
2008.861	40.4991758888627
2008.992	40.4991758888627
2009.041	40.4991758888627
2009.329	40.4206891138843
2009.323	40.4991758888627
2009.323	40.6561494388196
2009.318	40.3422023389059
2009.318	40.3422023389059
2009.337	40.3422023389059
2009.326	40.3422023389059
2009.323	40.3422023389059
2009.321	40.3422023389059
2009.323	40.5776626638411
2009	40.2637155639275
2008.943	40.4991758888627
2009.318	40.3422023389059
2009.34	40.2637155639275
2009.326	40.2637155639275
2009.323	40.2637155639275
2009.326	40.2637155639275
2009.049	40.1852287889491
2008.997	40.4206891138843
2009.033	40.4778747150829
2009.085	40.3327055869429
2008.713	40.5776626638411
2009.162	40.5776626638411
2009.126	40.4991758888627
2008.79	40.4991758888627
2009.068	40.4991758888627
2009.326	40.5776626638411
2009.036	40.5776626638411
2009.118	40.8131229887764
2009.326	40.5776626638411
2009.132	40.6561494388196
2009.352	40.8131229887764
2009.319	40.5681104833647
2009.345	40.4206891138843
2009.332	40.4206891138843
2009.323	40.4206891138843
2009.321	40.4206891138843
2009.318	40.4991758888627
2009.314	40.5776626638411
2009	40.2542372881356
2008.117	40.4991758888627
2009.086	40.4206891138843
2009.025	40.4991758888627
2009.011	40.5776626638411
2009.323	40.5776626638411
2009.323	40.5776626638411
2009.121	40.4991758888627
2009.318	40.4206891138843
2009.315	40.4206891138843
2009.321	40.4206891138843
2009.326	40.4206891138843
2009.326	40.4991758888627
2009.319	40.4206891138843
2009.319	40.8131229887764
2009.326	40.8131229887764
2009.329	40.5776626638411
2009.323	40.9700965387332
2009.323	40.8131229887764
2009.323	40.8131229887764
2009.321	40.5776626638411
2009.318	40.5776626638411
2009.118	40.6561494388196
2009.167	40.5776626638411
2009.099	40.5776626638411
2009.052	40.734636213798
2009.318	40.4991758888627
2009.323	40.4206891138843
2009.326	40.5776626638411
2009.323	40.6561494388196
2009	40.5681104833647
2009	40.5681104833647
2009.162	40.3327055869429
2009.247	40.3327055869429
2009.163	40.5065282365896
2009.163	40.4991758888627
2009.086	40.4991758888627
2009.163	40.6561494388196
2009.137	40.6561494388196
2009.137	40.5776626638411
2009.163	40.4991758888627
2009.137	40.4991758888627
2009.438	40.4991758888627
2009.085	40.5681104833647
2009.148	40.6561494388196
2009.319	40.5776626638411
2009.548	40.5776626638411
2009.326	40.5776626638411
2009.326	40.5776626638411
2009.321	40.5776626638411
2009.323	40.5776626638411
2009.318	40.5776626638411
2009.321	40.4991758888627
2009.318	40.5776626638411
2008.653	40.5776626638411
2008.657	40.4206891138843
2008.802	40.6561494388196
2008.762	40.5776626638411
2008.6	40.5776626638411
2009.153	40.2637155639275
2009.11	40.4991758888627
2009.167	40.1852287889491
2009.145	40.4991758888627
2009.399	40.4397330192383
2009.137	40.4991758888627
2009.112	40.4991758888627
2009.156	40.734636213798
2009.156	40.6561494388196
2009.151	40.4991758888627
2009.137	40.4991758888627
2009.112	40.3422023389059
2009.107	40.4206891138843
2009.104	40.4206891138843
2009.036	40.4991758888627
2009.142	40.4206891138843
2009.137	40.4991758888627
2009.074	40.4991758888627
2009.115	40.4206891138843
2009.363	40.4492617027961
2009.118	40.4991758888627
2009.216	40.3422023389059
2009.195	40.3422023389059
2009.186	40.4991758888627
2009.184	40.4991758888627
2009.162	40.4991758888627
2009.159	40.3422023389059
2009.323	40.4206891138843
2009.323	40.4206891138843
2009.082	40.3422023389059
2009.077	40.4206891138843
2009.077	40.3422023389059
2009.326	40.4206891138843
2009.167	40.4991758888627
2009.132	40.4206891138843
2009.14	40.4991758888627
2009.118	40.4206891138843
2009.159	40.4206891138843
2009.159	40.4206891138843
2009.167	40.4991758888627
2009.225	40.4991758888627
2009.162	40.4991758888627
2009.134	40.2637155639275
2009.184	40.4206891138843
2009.137	40.3422023389059
2009.145	40.4991758888627
2009.107	40.4206891138843
2009.195	40.4991758888627
2009.148	40.4206891138843
2009.142	40.4206891138843
2009.11	40.4206891138843
2009.162	40.1852287889491
2009.112	40.2637155639275
2009.115	40.1067420139706
2009.145	40.2637155639275
2009.134	40.1067420139706
2009.112	40.3422023389059
2009.093	40.0438837081733
2009.079	40.1852287889491
2009.077	40.1852287889491
2009.058	40.1852287889491
2009.118	40.1852287889491
2009.137	40.1852287889491
2009.222	40.1852287889491
2009.093	40.2637155639275
2009.137	40.1852287889491
2009.156	40.734636213798
2008.146	40.3707194470625
2007	40.3422023389059
2008.486	39.9497684640138
2008.59	39.9497684640138
2008.574	39.8712816890354
2007	40.4206891138843
2006	40.5087140838436
2004	40.6561494388196
2007.395	40.0282552389922
2007.364	40.1852287889491
2007.351	39.9497684640138
2007.351	40.1852287889491
2007.395	40.1067420139706
2007.375	40.2637155639275
2008.82	40.3422023389059
2008.762	39.9497684640138
2008	40.3897532610404
2008	40.3897532610404
2008.781	40.734636213798
2007.971	40.2637155639275
2008	40.5469118340406
2008	40.3897532610404
2007.499	40.1067420139706
2007.364	40.2637155639275
2007.556	40.0282552389922
2007.354	40.2637155639275
2007.351	40.0282552389922
2007.107	40.1852287889491
2007.088	40.1852287889491
2007.088	40.1852287889491
2007.386	40.1067420139706
2007.444	40.1067420139706
2008.016	39.4003610391649
2008.139	39.4788478141433
2008.011	39.4003610391649
2008.183	39.4788478141433
2008.954	39.4003610391649
2008.861	39.5573345891217
2008.5	39.3218742641865
2008.858	39.4003610391649
2008.536	39.4003610391649
2008.746	39.3218742641865
2008.746	39.3218742641865
2008.678	39.3218742641865
2008.648	39.2433874892081
2008.522	39.4788478141433
2008.055	39.5573345891217
2007.211	40.3422023389059
2007.058	40.1067420139706
2006.504	40.2637155639275
2006.392	40.2637155639275
2006	39.8712816890354
2004	40.3422023389059
2006	40.5776626638411
2006	40.6561494388196
2005.573	40.1852287889491
2005.605	40.0282552389922
2006.334	40.3422023389059
2005.989	40.2637155639275
2006.816	40.0376825247292
2006	39.9403640929065
2007.011	40.1852287889491
2006.759	40.2637155639275
2006.545	40.2637155639275
2006.57	40.3422023389059
2006.564	40.4991758888627
2006.584	40.2637155639275
2006.447	40.4206891138843
2006.384	40.1852287889491
2006.463	40.4206891138843
2006.033	40.4206891138843
2007.101	40.2637155639275
2007.126	40.1067420139706
2008.716	39.8712816890354
2006.008	40.1067420139706
2006	40.6561494388196
2006	40.4991758888627
2006.121	40.4206891138843
2006.493	40.2637155639275
2004.809	40.734636213798
2001	40.1067420139706
2004.697	40.2637155639275
2005.929	40.6561494388196
2005.912	40.6561494388196
2006.921	40.4206891138843
2006.225	40.3422023389059
2006.244	40.3422023389059
2007.789	40.2637155639275
2007.767	40.3422023389059
2007.104	40.5776626638411
2007.047	40.6561494388196
2007.137	40.6561494388196
2007.14	40.5776626638411
2007.162	40.4991758888627
2007.162	40.4991758888627
2008.096	40.5776626638411
2007.863	40.1067420139706
2007	40.4206891138843
2007	40.4206891138843
2007	40.4206891138843
2007	40.4206891138843
2007	40.4206891138843
2007	40.4206891138843
2007	40.4206891138843
2007	40.4206891138843
2007	40.4206891138843
2007	40.4206891138843
2007	40.4206891138843
2007	40.4206891138843
2007	40.4206891138843
2007	40.4206891138843
2007	40.4206891138843
2007	40.4206891138843
2007	40.4206891138843
2007	40.4206891138843
2007	40.4206891138843
2007	40.4206891138843
2007	40.4206891138843
2007	40.4206891138843
2007	40.5776626638411
2007	40.4206891138843
2007	40.4206891138843
2007	40.4206891138843
2007	40.4206891138843
2007	40.4206891138843
2007	40.5776626638411
2007	40.4206891138843
2007	40.4206891138843
2008.79	40.4206891138843
2007.658	40.4991758888627
2008.138	40.8131229887764
2007.959	40.9370563180312
2007	40.4206891138843
2007	40.4206891138843
2007	40.4206891138843
2008.005	40.4492617027961
2008.116	40.2637155639275
2008.092	40.3422023389059
2008.169	40.5776626638411
2008.094	40.4206891138843
2008.137	40.3422023389059
2008.085	40.4206891138843
2008.074	40.1067420139706
2007.925	40.4206891138843
2007	40.3422023389059
2007.718	40.4991758888627
2008.022	40.3060419624546
2008.003	40.2271651680076
2008.074	40.3422023389059
2007.51	40.3258327284458
2008.066	40.458794877838
2008.131	40.2637155639275
2007.748	40.4206891138843
2007.929	40.3422023389059
2007.923	40.3422023389059
2007.795	40.4991758888627
2007.997	40.5776626638411
2008.026	40.5278039585297
2008.027	40.4637955513488
2008.563	40.6561494388196
2008.486	40.734636213798
2008.437	40.6561494388196
2008.434	40.6561494388196
2008.443	40.5967805261091
2008.499	40.6753042795446
2008.434	40.6561494388196
2007	40.1852287889491
2007	40.4991758888627
2007	40.4991758888627
2007.806	40.2271651680076
2007.638	40.5776626638411
2007.827	40.4991758888627
2009.023	40.6561494388196
2009.163	40.1852287889491
