1979	40.5776626638411
1980	40.4206891138843
1980	40.7521044764377
1981.145	40.1852287889491
1981	40.1067420139706
1981	40.3422023389059
1981	40.1067420139706
1981	40.1852287889491
1981	40.0282552389922
1980	39.9497684640138
1998	40.8131229887764
1989	40.4492617027961
1987	39.5573345891217
1987	39.7143081390786
2005.074	40.2637155639275
1992	40.2637155639275
1992.101	39.5573345891217
1992.016	39.5573345891217
1992	39.4788478141433
1994.005	39.8712816890354
1992	39.4282123782595
1999.455	39.2433874892081
1993	39.6638391454603
1995.803	40.3422023389059
2000.208	40.1067420139706
2000.208	40.3422023389059
2012.538	39.792794914057
2013.636	40.4991758888627
2004.686	40.8819836785939
2011.896	41.5097300690521
2003.112	40.7250470809793
2001.038	40.8131229887764
1999.863	40.1852287889491
2001.868	39.6358213641001
2005.753	39.3218742641865
2006.34	39.2433874892081
2006	39.4788478141433
1997.31	39.7143081390786
1995.923	39.3218742641865
1998.882	39.0864139392512
1998.17	40.1067420139706
1994.101	39.9591772648767
1992.792	39.4788478141433
2005.266	40.8916097637548
2002.175	40.5776626638411
1999	40.3707194470625
2006.195	38.7724668393376
2007.847	38.6939800643592
2007.142	38.7724668393376
1993.173	39.4788478141433
1994	40.1350926798618
1994.011	40.1491708323415
1998	40.0565504241282
1998.458	40.0282552389922
1997.962	40.0282552389922
1997	40.2136349355954
1996.814	40.1067420139706
1985	40.2136349355954
1991	39.899465912661
1994	40.0282552389922
1998	39.9497684640138
1995	39.2433874892081
1995	40.1445518108257
1995	39.4096404459099
1993	40.3707194470625
1998	41.5195039635821
2005.975	40.2447634737585
2005.868	40.1067420139706
2013.058	40.4111738857502
2012.385	41.0485833137116
2012.033	40.1067420139706
2009.233	40.4660683356952
2006.677	40.1067420139706
2011.619	41.2055568636685
2011.836	39.792794914057
2011.833	39.792794914057
2012.26	39.8712816890354
2011.855	40.1067420139706
2012.049	40.0282552389922
2011.948	40.0282552389922
2011.641	39.4788478141433
2011.562	39.9497684640138
2011.392	39.4788478141433
2012.481	39.4003610391649
2019	41.1270700886901
2019.729	41.3625304136253
2013.655	39.7143081390786
2012.046	39.2532312111058
2012.085	39.8712816890354
2011.816	39.7143081390786
2011.855	39.9497684640138
2013.468	39.6358213641001
2011.644	39.792794914057
2011.63	39.8712816890354
2012.085	39.7143081390786
2013.751	39.0864139392512
2012.219	39.5573345891217
2012.079	39.8712816890354
2012.066	39.792794914057
2012.003	39.792794914057
2011.951	39.792794914057
2012.128	39.5573345891217
2012.29	39.7143081390786
2012.295	40.1067420139706
2011.397	39.792794914057
2011.244	39.8712816890354
2012.098	40.0282552389922
2012.227	39.5573345891217
2011.836	39.5573345891217
2014.148	39.4788478141433
2014.94	38.850953614316
2014.175	39.792794914057
2011.934	39.4788478141433
2012.107	39.792794914057
2013.496	39.8712816890354
2012.025	39.6358213641001
2013.016	40.3422023389059
2014.093	40.1852287889491
2014	39.0864139392512
2014.808	39.1649007142297
2014.225	39.6358213641001
2013.036	39.2433874892081
2013.496	39.792794914057
2010.89	41.2055568636685
2012.063	40.1511572980633
2011.951	40.1067420139706
2015.107	39.6787907416155
2013.058	39.3638797039836
2013.268	39.4426074633916
2007.277	40.4206891138843
2009	40.1852287889491
2006.03	40.5776626638411
2009.03	39.6358213641001
2006.789	40.3422023389059
2009	39.792794914057
2005.888	40.4991758888627
2016.15	39.9432758213188
2004.24	39.8362462604314
2003	42.3828584883447
2018.315	39.4788478141433
2003	39.6358213641001
2004.153	39.4003610391649
2000	39.8712816890354
2000	39.7143081390786
1999	40.3968253968254
1999	40.2637155639275
2003.099	40.4991758888627
2003.482	40.734636213798
2004.287	41.0280594199481
2004.721	41.1066572349289
2006.236	41.2055568636685
2006.236	40.8916097637548
2008.369	39.9497684640138
2005.929	40.9700965387332
2007.31	40.6561494388196
2006.312	40.5776626638411
2012.366	41.4410171886037
2012.366	41.4410171886037
2012.366	41.5195039635821
2012.366	41.5195039635821
2011.981	40.4991758888627
2011.932	40.3422023389059
2011.882	40.4991758888627
2012.153	40.6561494388196
2011.014	40.734636213798
2013.666	40.734636213798
2013.329	41.4410171886037
2015.956	41.1270700886901
2015.956	41.2055568636685
2015.94	41.1270700886901
2015.882	41.1270700886901
2016.896	41.1270700886901
2015.934	41.1270700886901
2014.937	40.8131229887764
2010.915	40.9700965387332
2010.915	41.2840436386469
2012.085	40.4991758888627
2011.748	40.3422023389059
2013	40.8901470472596
2013.044	40.9700965387332
2013	41.7551309271054
2013	40.732877250924
2011.748	40.734636213798
2010.915	41.0485833137116
2011.096	40.734636213798
2011.096	41.0485833137116
2011.096	41.0485833137116
2011.047	40.9700965387332
2011.096	40.9700965387332
2011.096	40.9700965387332
2011.871	41.0485833137116
2011.871	41.0485833137116
2011	40.9700965387332
2011	41.2840436386469
2011	40.9700965387332
2012.852	40.734636213798
2012.852	40.734636213798
2011.871	41.2840436386469
2011.871	41.2840436386469
2013.038	41.9904246134526
2013.038	41.9904246134526
2013.038	41.4108014485908
2013.038	41.4108014485908
2013.036	41.4410171886037
2013.036	41.4410171886037
2013.038	41.4108014485908
2013.038	41.4108014485908
2013.036	41.5979907385606
2013.038	41.676477513539
2013.038	41.5979907385606
2013.038	41.676477513539
2012.866	41.4410171886037
2012.866	41.4410171886037
2015.438	41.5195039635821
2014.008	40.4206891138843
2011.014	41.2055568636685
2011.014	41.2055568636685
2011.666	40.9700965387332
2011.871	41.3625304136253
2011.871	41.3625304136253
2011.871	41.2840436386469
2011.871	41.2840436386469
2011	41.2055568636685
2010.915	41.5979907385606
2011	41.2840436386469
2013.833	41.2840436386469
2013.038	41.2840436386469
2013.038	41.2840436386469
2012.79	41.9025157232704
2012.863	40.5776626638411
2012.863	40.5776626638411
2012.863	40.4991758888627
2012.863	40.4991758888627
2012.186	40.9700965387332
2012.011	40.8131229887764
2011	40.9094485091653
2010.915	41.5195039635821
2011	41.1270700886901
2011	41.2055568636685
2011	41.3625304136253
2011.022	41.0485833137116
2012.79	41.0485833137116
2011.175	41.2055568636685
2011.175	41.2055568636685
2010.915	41.4410171886037
2011.833	41.2055568636685
2012.085	41.2055568636685
2011.773	40.9700965387332
2011.858	40.9700965387332
2011.277	40.9700965387332
2011.277	40.9700965387332
2012	41.2840436386469
2012.904	41.5979907385606
2012.904	41.5979907385606
2012.904	41.5195039635821
2012.904	41.5195039635821
2012.904	41.5979907385606
2012.904	41.5979907385606
2012.995	41.5979907385606
2011	41.1270700886901
2010.833	41.1270700886901
2010.833	40.8916097637548
2013.885	41.2055568636685
2010	41.5979907385606
2011	41.2055568636685
2011	40.9700965387332
2008.962	40.9700965387332
2009.096	40.6561494388196
2010.915	40.5776626638411
2011.852	40.8131229887764
2011.852	40.8131229887764
2009.019	40.8131229887764
2009.019	40.8131229887764
2009.134	41.0872810118627
2009.134	41.0485833137116
2009.134	41.0485833137116
2009.134	41.0485833137116
2009.134	40.8916097637548
2009.134	41.0485833137116
2009.96	40.8131229887764
2009.96	40.8916097637548
2007	40.9700965387332
2008	40.3422023389059
2009	39.0864139392512
2012.085	40.8131229887764
2009.845	40.6561494388196
2009.03	41.0485833137116
2009.019	41.0485833137116
2009.211	40.8708637899866
2013.038	41.3625304136253
2013.038	41.3625304136253
2013.036	41.9020715630885
2013.036	41.9020715630885
2013.038	40.9700965387332
2013.038	40.9700965387332
2013.038	41.1173885750157
2013.036	41.1173885750157
2013.036	41.2055568636685
2013.036	41.2055568636685
2013.036	41.1270700886901
2013.036	41.1270700886901
2009.481	40.9301594783565
2006.915	40.5776626638411
2007.962	40.8916097637548
2009.959	40.734636213798
2009.079	41.4410171886037
2009.079	41.4410171886037
2009.627	41.0485833137116
2009.627	41.2840436386469
2008.025	40.9700965387332
2007.233	40.734636213798
2008.809	40.4206891138843
2006.734	40.2637155639275
2007.099	40.1852287889491
2006.951	40.1852287889491
2004.954	40.8708637899866
2005.181	40.4991758888627
2005.074	40.4991758888627
2005.036	40.4206891138843
2005.216	40.5776626638411
2004.24	40.7136681600252
2003.351	41.7549642885174
2002.907	41.4507772020725
2001	41.2046866399308
2004	40.734636213798
2008.306	40.3422023389059
2017	39.7236614853195
2016	40.6657246035484
2020.609	41.8433035013346
2001	40.9700965387332
2013.153	40.1067420139706
2012	41.5088383838384
2005.507	39.5573345891217
2005.507	39.5573345891217
2007.23	39.7143081390786
2008.73	39.0864139392512
2010.855	39.8712816890354
2008.306	39.3218742641865
2009.742	39.4003610391649
2008.254	39.5573345891217
2008.407	39.4788478141433
2009.145	39.4788478141433
2009.074	39.1649007142297
2008.287	39.4788478141433
2016.353	40.841972981464
2011.817	39.9497684640138
2009	39.4003610391649
2010.414	39.8087924143876
2010.299	39.9655199435781
2009.668	39.2433874892081
2011.277	39.5573345891217
2010.863	39.7143081390786
2009.608	39.0079271642728
2010.767	38.9294403892944
2010.014	40.1358931816386
2010.592	39.9497684640138
2010.592	40.0282552389922
2017.967	41.8334510634958
2009.592	40.1067420139706
2005.679	39.9497684640138
2003	39.792794914057
2013.162	40.8520108090924
2012.579	40.5776626638411
2006.255	39.8712816890354
2006.219	40.0282552389922
2007.907	39.7049591964846
2007.904	40.2542372881356
2014	40.1852287889491
2015	40.3422023389059
2011.773	40.1852287889491
2011.044	40.0282552389922
2015.011	40.4206891138843
2009.249	40.5776626638411
2014	39.0864139392512
2012.415	40.9700965387332
2014	38.2230594144887
2011.893	41.0485833137116
2012.923	41.2055568636685
2012.424	40.8131229887764
2011.236	40.8916097637548
2013.23	40.8916097637548
2011.973	41.3625304136253
2011.879	41.2840436386469
2011.833	41.0485833137116
2011.814	41.2840436386469
2012.369	40.9700965387332
2009.09	40.8916097637548
2011.088	40.3422023389059
2012.082	39.8712816890354
2010.86	39.4788478141433
2012.087	39.6358213641001
2015	39.792794914057
2008.074	40.4206891138843
2009.203	40.8916097637548
2005.471	40.5776626638411
2006.137	39.9497684640138
2004	40.646578782172
2004	40.1511572980633
2005	39.6358213641001
2006	39.7143081390786
2014.816	39.6000629822075
2010.803	40.3873405762872
2010.781	40.4660683356952
2008.415	39.9016341424718
2010.085	40.0671785028791
2012	38.850953614316
2011.466	39.9149740198394
2017.378	39.1180654338549
2019.748	41.2533459297748
2016.298	40.6870893691126
2017.337	39.039039039039
2018.964	38.4068278805121
2007	40.5447960951031
2007.252	39.5573345891217
2015.058	39.5573345891217
2014.521	38.3800329644455
2013.942	38.8127853881278
2005.912	39.5573345891217
2005.6	40.4206891138843
2004.26	40.3422023389059
2005.792	39.7143081390786
2006.693	39.792794914057
2009.153	40.1067420139706
2006.805	39.9497684640138
2006.808	39.9497684640138
2006.792	39.792794914057
2007.211	40.1511572980633
2006.838	40.6235238545111
2006.847	40.7022516139191
2005.855	40.4660683356952
2012.06	40.8131229887764
2007.285	39.9937017792474
2007.2	39.9149740198394
2011.619	39.9937017792474
2008.115	39.4426074633916
2008.074	39.2851519445757
2008.082	39.3638797039836
2009.942	38.9702409069438
2009.707	39.0489686663518
2012.008	38.576602109904
2012.046	38.6553298693119
2010.603	39.4426074633916
2011.162	38.9702409069438
2011.688	38.6553298693119
2011.008	39.2064241851677
2011.008	39.2064241851677
2010.858	38.8915131475358
2009.058	39.2851519445757
2010.288	39.0489686663518
2010.285	39.3638797039836
2012.117	39.6787907416155
2010.729	39.4426074633916
2013.123	38.7340576287199
2009.468	39.6000629822075
2010	39.4213956445716
2010.666	39.7575185010235
2012.385	40.5447960951031
2013.389	39.6787907416155
2010.364	39.4967351489091
2010.364	39.8362462604314
2005.926	40.4660683356952
2008.519	40.8916097637548
2007.625	40.0724295386553
2005.471	39.7575185010235
2009.071	40.3086128168792
2008.705	40.3873405762872
2009.605	40.2298850574713
2008.667	41.1746181703669
2008.669	41.1746181703669
2007.37	40.6235238545111
2007.844	39.9937017792474
2008.672	39.7575185010235
2008.314	40.5447960951031
2007.6	40.1511572980633
2007.775	40.0724295386553
2007.77	40.0724295386553
2007.559	40.0724295386553
2007.89	39.9937017792474
2005.784	39.9937017792474
2006.901	40.3873405762872
2006.271	39.7575185010235
2016.779	40.3086128168792
2017.142	39.2851519445757
2005.74	39.7575185010235
2006.718	40.1511572980633
2006.704	40.1511572980633
2006.699	40.1511572980633
2006.693	40.0724295386553
2007.54	40.3422023389059
2009.211	40.2298850574713
2010.493	39.5213352227996
2011.91	38.8915131475358
2011.132	38.9702409069438
2010.841	38.9702409069438
2010.841	38.9702409069438
2010.614	38.5370065144023
2011.8	38.2230594144887
2011.545	38.3800329644455
2011.255	38.3015461894671
2011.247	38.2230594144887
2016.779	39.7143081390786
2017.219	39.4003610391649
2016.377	39.4788478141433
2016.377	39.4788478141433
2016.071	39.9497684640138
2013.811	40.0282552389922
2018.063	39.1649007142297
2017.414	39.2433874892081
2017.603	40.0282552389922
2018.027	40.2637155639275
2017.888	39.9497684640138
2017.252	38.7724668393376
2016.475	39.9497684640138
2016.227	39.3218742641865
2017.386	39.792794914057
2017.197	39.792794914057
2018.874	39.2433874892081
2018.671	40.0282552389922
2018.077	39.7143081390786
2018.786	40.1852287889491
2018.948	40.1067420139706
2018.863	39.6358213641001
2018.784	39.4003610391649
2017.953	38.850953614316
2018.819	39.2433874892081
2018.91	39.2433874892081
2018.825	39.3496701225259
2017.693	40.1852287889491
2010.027	39.9937017792474
2012.12	39.7143081390786
2009.132	39.0489686663518
2011.658	38.9294403892944
2011.455	39.9149740198394
2012.12	39.9937017792474
2012.194	39.6000629822075
2012.063	39.5213352227996
2011.504	39.9937017792474
2011.392	39.9149740198394
2012.033	39.8362462604314
2011.238	40.0724295386553
2011.912	39.9149740198394
2012.178	38.9702409069438
2010.89	39.9149740198394
2012.093	39.2433874892081
2012.798	39.0864139392512
2013.595	39.1649007142297
2014.904	39.6358213641001
2014.956	39.3218742641865
2012.312	39.2433874892081
2011.951	39.9149740198394
2012.216	39.4788478141433
2010	39.9149740198394
2010.699	39.6000629822075
2011.879	40.2298850574713
2010.641	40.859707132735
2012.24	40.780979373327
2012	41.0656577599117
2012	40.780979373327
2007.356	40.6235238545111
2006.186	40.4660683356952
2006.178	40.1511572980633
2006.082	40.4660683356952
2006.929	40.2298850574713
2006.923	40.2298850574713
2010.148	40.5447960951031
2009.838	40.780979373327
2006.953	41.1746181703669
2006.66	40.780979373327
2006.03	39.8362462604314
2012.754	40.7022516139191
2009.233	40.7022516139191
2006.693	39.3638797039836
2008.246	39.4788478141433
2009.268	39.9497684640138
2009.266	39.9497684640138
2009.263	39.8712816890354
2009.26	39.9497684640138
2009.189	39.7143081390786
2009.759	39.1649007142297
2008.746	39.8712816890354
2011.945	38.4585197394239
2011.797	39.3218742641865
2010.685	38.9294403892944
2011.973	38.5370065144023
2011.238	38.7724668393376
2011.066	39.3218742641865
2009.397	39.6358213641001
2010.479	39.0079271642728
2011.663	39.0864139392512
2011.005	39.1649007142297
2011.184	39.6358213641001
2014.942	39.2433874892081
2010.556	39.2433874892081
2010.556	39.4788478141433
2011.247	39.0864139392512
2011.682	38.850953614316
2009	39.792794914057
2010.71	39.8362462604314
2010.71	39.6787907416155
2008.328	39.4003610391649
2011.616	39.0864139392512
2008.194	40.5447960951031
2010.685	40.5447960951031
2009.214	40.5447960951031
2011.392	39.7143081390786
2011.085	39.8712816890354
2012.771	40.2637155639275
2011.449	38.7724668393376
2012.292	37.8306255395966
2013.233	39.0864139392512
2012.025	39.0079271642728
2010.893	38.3015461894671
2011.263	39.8712816890354
2017.66	39.792794914057
2016.74	40.8916097637548
2011.493	39.3231649189704
2014.512	40.2637155639275
2013.964	40.1852287889491
2011.496	39.8712816890354
2013.71	39.7143081390786
2011.027	39.9497684640138
2013.06	39.8021667451719
2012.601	39.5573345891217
2015.762	39.2433874892081
2016.432	39.4788478141433
2017.866	39.0079271642728
2017.584	39.0864139392512
2016.667	39.0864139392512
2018.005	38.5370065144023
2018.488	39.7143081390786
2018.003	39.6358213641001
2018.614	39.4003610391649
2017.885	40.0282552389922
2018.266	39.8362462604314
2016.91	39.1649007142297
2011.677	39.8712816890354
2014.189	39.792794914057
2018.46	40.1852287889491
2017.063	40.0282552389922
2016.15	40.1852287889491
2017.392	40.2637155639275
2012.773	40.1852287889491
2017.367	39.792794914057
2010.953	40.1067420139706
2012.702	39.4003610391649
2018.521	38.7724668393376
2019	39.4788478141433
2017.312	39.2433874892081
2017.052	39.3218742641865
2017.964	39.3218742641865
2017.704	39.5573345891217
2018.118	41.2840436386469
2018	40.1852287889491
2015.652	39.8712816890354
2015.041	39.8712816890354
2015.825	40.1067420139706
2016.915	39.7143081390786
2015.397	39.792794914057
2015.186	39.8712816890354
2016	39.8712816890354
2011.647	39.1649007142297
2012.052	39.1048292108363
2007	39.5573345891217
2011.096	40.1387903162211
2013.285	38.6154932893807
2010.874	38.9294403892944
2011.34	39.3218742641865
2014.896	40.4991758888627
2015.323	40.8131229887764
2018.044	41.2055568636685
2017.156	41.2055568636685
2018.37	41.2840436386469
2018.332	41.2055568636685
2016.09	40.9700965387332
2016.74	40.5776626638411
2012.279	39.7049591964846
2011.912	39.8362462604314
2011.162	40.8916097637548
2010.756	41.0485833137116
2012.795	40.8916097637548
2010.033	40.1067420139706
2014	40.5776626638411
2012.314	41.0171626515509
2006	40.8612289800409
2005.66	40.3422023389059
2005	40.3422023389059
2008.672	40.4991758888627
2008.653	40.4991758888627
2011.696	39.6358213641001
2008.038	40.0282552389922
2017.543	40.3873405762872
2017.858	40.6195669353564
2010.978	40.780979373327
2012	38.7724668393376
2013	37.909112314575
2014	38.0660858645318
2015	39.6787907416155
2014	40.2637155639275
2011.918	36.3393768150067
2013.082	39.0864139392512
2014	39.2433874892081
2014	38.850953614316
2016	38.7724668393376
2017.351	39.0079271642728
2014	38.9294403892944
2013	38.4585197394239
2013	38.5370065144023
2013	38.5370065144023
2015	39.792794914057
2012.582	39.5573345891217
2010.923	38.7724668393376
2013	40.4206891138843
2013	39.4003610391649
2013	39.4003610391649
2014	39.4788478141433
2013	38.6939800643592
2014	39.1649007142297
2011.085	39.8223068380136
2015.805	40.7986111111111
2007.636	40.2637155639275
2005.951	40.4206891138843
2005.529	40.4206891138843
2005.526	40.2637155639275
2003	41.5195039635821
2003	41.1746181703669
2016	41.9904246134526
2015	41.5979907385606
1992	40.3422023389059
1995	40.2041617589321
1983	39.8900667451904
1985	40.3897532610404
1981.129	40.4206891138843
1992	40.6159164113442
1984	40.6139315230224
1981.112	40.4206891138843
1979.932	40.5776626638411
1979.932	40.3422023389059
