2012.199	43.2011331444759
2013.044	43.2011331444759
2012.199	43.2798237330815
2013.044	43.0437519672647
2013.003	43.0437519672647
2012.219	42.9650613786591
2012.219	43.0437519672647
2013.025	43.0437519672647
2013.118	42.9650613786591
2013.044	42.9650613786591
2013.044	43.0437519672647
2013.044	42.9650613786591
2012.199	43.010752688172
2011.937	43.2798237330815
2011.89	43.2011331444759
2011.89	43.0437519672647
2013.025	43.0437519672647
2013.044	43.1224425558703
2013.044	43.2798237330815
2013.044	43.1224425558703
2013.003	43.0437519672647
2012.219	42.9650613786591
2013.044	42.9650613786591
2012.519	43.2011331444759
2012.24	43.2011331444759
2013.044	43.2011331444759
2013.044	43.2011331444759
2013.044	43.1224425558703
2013.003	43.2798237330815
2013.025	43.2798237330815
2013.044	43.2011331444759
2012.219	43.2798237330815
2013.044	43.2798237330815
2013.063	43.2798237330815
2013.044	43.2798237330815
2012.519	43.2798237330815
2012.24	43.2798237330815
2011.89	43.2798237330815
2012.577	43.2011331444759
2012.519	43.2011331444759
2012.577	43.2011331444759
2012.664	43.2011331444759
2013.118	43.1224425558703
2013.104	43.2011331444759
2013.118	43.2011331444759
2012.664	43.2011331444759
2012.24	43.3585143216871
2012.219	43.2798237330815
2013.044	43.2798237330815
2013.025	43.2798237330815
2013.025	43.2798237330815
2013.044	43.1224425558703
2013.044	43.2798237330815
2013.044	43.2798237330815
2013.082	43.2798237330815
2012.519	43.2798237330815
2013.044	43.2798237330815
2013.063	43.2798237330815
2012.219	43.2011331444759
2012.664	43.2798237330815
2013.118	43.2798237330815
2012.664	43.7519672647151
2012.664	43.2798237330815
2012.156	43.2011331444759
2016.642	42.8863707900535
2016.011	42.9650613786591
2016.046	43.0437519672647
2017.414	42.6502990242367
2017.545	42.6502990242367
2017.545	42.6502990242367
2017.414	42.4929178470255
2017.792	42.4142272584199
2017.581	42.4929178470255
2017.581	42.4929178470255
2017.529	42.4142272584199
2017.529	42.4142272584199
2017.414	42.4929178470255
2017.414	42.4929178470255
2017.414	42.4929178470255
2017.414	42.4929178470255
2017.414	42.4929178470255
2017.414	42.4929178470255
2017.414	42.7289896128423
2017.414	42.7289896128423
2017.414	42.4929178470255
2017.414	42.3355366698143
2017.414	42.5716084356311
2017.414	42.5716084356311
2017.414	42.5716084356311
2017.414	42.5716084356311
2017.414	42.5716084356311
2017.414	42.7289896128423
2017.414	42.5716084356311
2017.414	42.5716084356311
2017.414	42.5716084356311
2017.414	42.5716084356311
2017.414	42.5716084356311
2017.414	42.5716084356311
2017.414	42.5716084356311
2017.414	42.5716084356311
2017.414	42.5716084356311
2017.414	42.5716084356311
2017.414	42.5716084356311
2017.414	42.4929178470255
2017.496	42.4929178470255
2017.496	42.4929178470255
2017.496	42.6502990242367
2017.833	42.8076802014479
2017.581	42.5716084356311
2017.414	42.5716084356311
2017.414	42.5716084356311
2017.496	42.5716084356311
2017.496	42.6502990242367
2018.082	42.7289896128423
2017.926	42.7289896128423
2017.868	43.0437519672647
2016.148	42.9650613786591
2017.197	42.2568460812087
2017.773	42.5716084356311
2019.334	42.1781554926031
2020.32	42.2568460812087
2018.581	42.7289896128423
2018.581	42.7289896128423
2020.686	42.4142272584199
2020.344	42.7289896128423
2020.328	42.4929178470255
2019.726	42.3255448037133
2019.792	42.8076802014479
2020.32	42.9650613786591
2019.786	42.2568460812087
2017.77	42.3355366698143
2017.175	42.4142272584199
2017.986	43.0437519672647
2018.595	43.1224425558703
2017.688	42.7289896128423
2017.66	42.7289896128423
2016.314	42.8076802014479
2016.59	42.5716084356311
2016.607	42.8076802014479
2016.803	42.7289896128423
2016.915	42.8076802014479
2017.775	42.8863707900535
2016.262	42.7289896128423
2016.331	42.5716084356311
2016.331	42.6502990242367
2018.26	42.8076802014479
2019.463	43.0437519672647
2019.718	42.9650613786591
2021.189	42.8863707900535
2020.921	42.8076802014479
2020.251	43.1224425558703
2020.836	42.9955114575951
2020.59	42.9650613786591
2020.459	42.8863707900535
2020.631	43.2011331444759
2021.123	42.7289896128423
2020.806	43.2011331444759
2019.43	43.1224425558703
2019.43	43.1224425558703
2019.43	43.0437519672647
2019.43	43.0437519672647
2019.43	43.0437519672647
2019.43	43.0437519672647
2019.43	43.0437519672647
2019.43	43.0437519672647
2019.43	43.0437519672647
2019.518	43.2011331444759
2019.43	43.0437519672647
2020.29	42.8076802014479
2019.655	41.7060119609695
2017.216	42.7289896128423
2017.2	42.7289896128423
2016.549	43.2011331444759
2017.838	42.8863707900535
2016.117	43.3585143216871
2017.156	42.4929178470255
2016.631	43.0437519672647
2016.639	42.8863707900535
2016.432	42.7289896128423
2016.76	42.7289896128423
2016.721	42.4142272584199
2015.932	42.9650613786591
