2006.414	1.09425208238124
2006.581	1.0948543318238
2007.293	1.0893957447928
2007.329	1.09711738064896
2010.745	1.08735990363095
2010.414	1.08221009596125
2012.038	1.08982634821145
2012.713	1.08940393300738
2012.705	1.08250841819141
2017.225	1.08476029975976
2014.005	1.08190168782498
2014.025	1.0870917610783
2013.932	1.08507489324698
2013.863	1.08392016112316
2013.923	1.07749485806735
2013.921	1.08564752365577
2013.921	1.08448945254837
2015.956	1.0696863839634
2015.956	1.06514473355211
2015.899	1.07418263452293
2015.899	1.07709157794547
2012.954	1.08478332665625
2012.995	1.08104115758435
2013.186	1.09168253862105
2012.38	1.09084356870461
2012.276	1.09258265741814
2011.085	1.08477863474027
2011.085	1.08398706804534
2014.085	1.08278047537406
2013.833	1.0798832145268
2014.085	1.0819212962963
2013.833	1.08163021321939
2011.085	1.08566085407007
2011.162	1.08743102796674
2010.247	1.08673819830118
2010.329	1.08106830085323
2010.329	1.08278088403172
2009.915	1.08591642395097
2010.162	1.08106830085323
2009.712	1.08598704418564
2012.645	1.09692957125273
2012.443	1.09806924356568
2012.355	1.09833420037095
2013.693	1.10034212395481
2013.603	1.09806924356568
2013.433	1.09753262343415
2012.844	1.09798690102747
2012.533	1.09171644799358
2012.787	1.087149647242
2012.71	1.08679821368713
2016	1.1020914752271
2015	1.09404701190427
2016	1.09404701190427
2015.973	1.09578773877609
2016	1.09464374206116
2015	1.09436836940647
2016.104	1.0955151002293
2016	1.09234923957361
2016	1.09175910738353
2016	1.09175910738353
2015.573	1.09464374206116
2015.499	1.09436836940647
2015	1.09605812773498
2015.173	1.09464374206116
2015.54	1.09578773877609
2015.345	1.09719724102428
2015.241	1.09806924356568
2015	1.08833966541544
2015	1.09578773877609
2015	1.09404701190427
2015	1.09491685644309
2015	1.0955151002293
2015.444	1.09290414163345
2015	1.0926278235675
2016	1.08946253061478
2016	1.08946253061478
2016	1.08917798722657
2016	1.09349757702446
2016	1.09175910738353
2016	1.08889115167859
2016	1.08831097990791
2016	1.08975965904321
2016	1.09119872560733
2016	1.09061190507383
2016	1.09148005381962
2016	1.09175910738353
2016	1.09175910738353
2016	1.09148005381962
2015	1.09377342307981
2015.529	1.09578773877609
2015.282	1.09578773877609
2015.285	1.09719724102428
2015	1.09491685644309
2018.641	1.10812482271922
2018.636	1.10900586011055
2018.345	1.10724483480655
2018.362	1.10724483480655
2018.162	1.1046111512954
2018.101	1.10724483480655
2018	1.10774164356046
2018.014	1.10636589470638
2017.995	1.10636589470638
2018.044	1.10636589470638
2018.044	1.10636589470638
2018.085	1.10636589470638
2018.068	1.10636589470638
2018.033	1.10636589470638
2018.022	1.10636589470638
2018.022	1.10636589470638
2018.011	1.10636589470638
2018.044	1.10863705043383
2018.005	1.10800411284732
2019.181	1.10888716052126
2019.474	1.11942952402109
2021.595	1.11307070748023
2021.595	1.1138533191568
2018.373	1.10977126426173
2018.329	1.09301598387327
2018.37	1.10750067342355
2018.364	1.10547968679321
2018.164	1.11517391679176
2018.164	1.11517391679176
2018.164	1.11517391679176
2018.184	1.11517391679176
2018.184	1.11517391679176
2018.23	1.11404777164467
2018.197	1.11404777164467
2018.197	1.11517391679176
2018.195	1.11404777164467
2018.195	1.11404777164467
2017.605	1.10510917025031
2017.581	1.11090331899494
2017.395	1.10913506886689
2017.397	1.10913506886689
2017.395	1.10913506886689
2017.397	1.10913506886689
2017.397	1.10913506886689
2017.77	1.11001866577977
2017.564	1.11001866577977
2017.573	1.11001866577977
2017.83	1.10913506886689
2017.822	1.10888716052126
2017.822	1.10888716052126
2017.83	1.10888716052126
2018.786	1.10055954915562
2018.811	1.10029432952295
2018.805	1.10029432952295
2018.795	1.10029432952295
2018.805	1.10029432952295
2017.833	1.10775349832671
2017.822	1.10775349832671
2017.83	1.10775349832671
2017.83	1.10775349832671
2017.83	1.10775349832671
2017.767	1.11001866577977
2017.375	1.10863705043383
2018.162	1.10573573239169
2018.329	1.10521859097678
2018.329	1.10749186547401
2013.408	1.09116868475491
2014.118	1.09338620539644
2011.833	1.08341836734694
2014.164	1.09231042961937
2010.748	1.0842680305347
