1918	41.8672978046193
1933.025	41.7027985810012
1933.414	41.7816318486401
1932	41.5582367321189
1932	41.6338117016243
1933	41.5549597855228
1933	41.6338117016243
1935	40.8661417322835
1945	40.5246210633786
1948	41.0353535353535
1943	41.0635619886721
1943	40.9173015000393
1947	40.1505646173149
1947	40.2132162734185
1954	40.3699929450498
1954	40.3699929450498
1954	40.3699929450498
1951	40.2226752391407
1951	40.3699929450498
1951	40.2916046092341
1951	40.3826550615541
1951	39.899662930156
1957	40.5426599749059
1957	40.5363023365219
1957	40.6147091108672
1953	40.0032655726998
1954	40.0721455457967
1950	40.3699929450498
1950	40.3699929450498
1946	40.6147091108672
1939	40.5363023365219
1940	40.5363023365219
1946	40.3576798290734
1948	40.9389077689086
1942	41.0087202451096
1942	41.1529097620357
1934	41.7027985810012
1935	41.7027985810012
1946	41.1639460610362
1946	41.2297989751675
1935	41.2379231796402
1936	40.8451810541199
1934	41.5353089533417
1934	41.3776796973518
1934	41.2200504413619
1934	41.2200504413619
1993	40.7506281407035
1995.578	41.3002512562814
1996	41.0646984924623
1991	40.6721105527638
2014.871	40.7506281407035
2014.83	40.7506281407035
2014.83	40.7506281407035
2014.964	40.7506281407035
2014.964	40.7506281407035
2014.964	40.7506281407035
2014.964	40.7506281407035
2014.964	40.7506281407035
2014.964	40.7506281407035
2014.964	40.7506281407035
2014.964	40.6721105527638
2014.964	40.6721105527638
2014.964	40.7506281407035
2014.926	40.7506281407035
2014.926	40.7506281407035
2014.926	40.7506281407035
2014.926	40.7506281407035
2014.926	40.7506281407035
2014.926	40.5935929648241
2014.926	40.7506281407035
2014.926	40.7506281407035
2014.926	40.7506281407035
2014.926	40.7506281407035
2014.871	40.7506281407035
2014.871	40.7506281407035
2014.871	40.7506281407035
2014.871	40.7506281407035
2014.871	40.7506281407035
2014.871	40.7506281407035
2014.871	40.7506281407035
2014.871	40.7506281407035
2014.83	40.7506281407035
2014.83	40.7506281407035
2014.83	40.7506281407035
2014.83	40.7506281407035
2014.83	40.7506281407035
2014.83	40.7506281407035
2014.83	40.7506281407035
2014.83	40.7506281407035
2014.8	40.7506281407035
2014.8	40.7506281407035
2014.8	40.7506281407035
2014.8	40.7506281407035
2014.8	40.7506281407035
2014.8	40.7506281407035
2014.8	40.7506281407035
2014.8	40.7506281407035
2014.8	40.7506281407035
2014.8	40.7506281407035
2014	40.7506281407035
2014.871	40.7506281407035
1986	40.6051579524967
1987	40.8403229599436
1986	40.6051579524967
1987	40.3699929450498
1987	40.1348279376029
1986	40.4547236377891
1986	40.526769616681
1989.003	41.2322646390217
1987	40.5331242649941
1986	40.6899255194042
1986	40.310563877343
1980	41.0754879673905
1980	40.7619346241279
1981	40.4483812808654
1983	40.8403229599436
1983	40.7619346241279
1983	40.1348279376029
1982	39.899662930156
1982	39.9874549161048
1983	39.899662930156
1980	40.6051579524967
1978	40.526769616681
1978	40.6835462883123
1978	40.6835462883123
1978	40.7619346241279
1977	40.7619346241279
1978	40.9187112957592
1977	40.6051579524967
1978	40.6051579524967
1978	40.6051579524967
1978	40.6051579524967
1978	40.6051579524967
1978	40.6051579524967
1977	40.526769616681
1977	40.6051579524967
1977	40.6051579524967
1977	40.6051579524967
1978	40.526769616681
1977	40.0752882126892
1951	40.5129011957206
1949	40.2132162734185
1949	40.2132162734185
1948	40.3699929450498
1950	40.4483812808654
1983	41.1538763032061
1983	41.0035280282242
1983	40.9970996315748
1983	40.9187112957592
1983	40.9187112957592
1983	40.9187112957592
1983	40.9187112957592
1983	40.9187112957592
1983	40.9970996315748
1983	40.9970996315748
1983	40.9970996315748
1983	40.9970996315748
1983	40.9970996315748
1983	40.9970996315748
1983	40.9187112957592
1983	40.9187112957592
1983	41.0067429825937
1983	40.8403229599436
1983	40.8403229599436
1983	40.9970996315748
1983	40.9970996315748
1983	41.0035280282242
1983	41.0754879673905
1983	40.9970996315748
1983	40.9970996315748
1983	40.9970996315748
1983	40.9970996315748
1983	40.9970996315748
1983	40.9187112957592
1983	40.9187112957592
1983	40.9970996315748
1983	40.9187112957592
1983	41.0754879673905
1983	40.9187112957592
1983	40.9970996315748
1983	40.9187112957592
1983	40.9970996315748
1983	41.1538763032061
1983	40.9970996315748
1983	40.9187112957592
1983	40.8755688058999
1983	40.9187112957592
1983	40.9970996315748
1983	41.0754879673905
1983	41.0754879673905
1982	41.0754879673905
1984	41.251666535958
1984	41.3106529748373
1989.005	40.219521756174
1991.551	40.599968588032
1996	41.1496780273284
1995	41.0646984924623
1995.964	40.7506281407035
1995.942	40.5150753768844
1996	40.5150753768844
1996.019	40.8387654127071
1996	40.5150753768844
1996.003	40.7506281407035
1995.953	40.6721105527638
1995.929	40.5935929648241
1995.874	40.5935929648241
1995.907	40.8757974324644
1996	40.6721105527638
1996	40.5935929648241
1996	40.7506281407035
1996	40.7506281407035
1995.948	40.5150753768844
1995.871	40.5935929648241
1995.332	40.8291457286432
1996.003	40.4365577889447
1995.934	40.358040201005
1995.945	40.358040201005
1995.962	40.4365577889447
1995.918	40.4365577889447
1995.986	40.358040201005
1995.989	40.3675488887144
1996.104	40.4365577889447
1995.953	40.9861809045226
1995	40.6784985079315
1996	41.143216080402
1996	41.143216080402
1996	41.0646984924623
1995.923	41.143216080402
1996	41.143216080402
1996	40.91408826763
1995.975	40.7506281407035
1995	40.6721105527638
1995.986	40.9861809045226
1995.942	41.0646984924623
1995.912	40.9861809045226
1995.951	41.143216080402
1998	40.5935929648241
2000	40.9861809045226
2000	41.143216080402
2000	41.143216080402
2000	41.143216080402
2000	40.757028427831
2000	40.9076633165829
2000	40.9076633165829
2000	40.9076633165829
2000	41.143216080402
2000	41.143216080402
2000	41.3002512562814
2000.279	41.0646984924623
2001.022	41.0743736747035
2000	40.9076633165829
2000	40.9861809045226
2000	41.3002512562814
2000	41.2217336683417
2000	41.3002512562814
2000	41.3787688442211
1992	40.6721105527638
2001.022	40.5246210633786
2001.584	40.3675488887144
2001.518	40.6031571507108
2001.353	40.3675488887144
2001.058	40.760229325375
2002.926	40.6031571507108
2003.937	40.6816932380429
2003.937	40.6816932380429
2003.811	40.6816932380429
2003.723	40.6816932380429
2003.696	40.6816932380429
2003.515	40.6816932380429
2003.068	40.6816932380429
2003.973	40.6816932380429
2003.964	40.6816932380429
2003.923	40.6816932380429
2003.819	40.6816932380429
2003.789	40.6816932380429
2003.773	40.6816932380429
2003.715	40.6816932380429
2003	40.6816932380429
2003	40.6816932380429
2003	40.6816932380429
2003	40.6816932380429
2001	40.6816932380429
2002.97	40.3865797124224
2003.153	40.2389185790632
2001	40.8387654127071
2000	40.760229325375
2000.112	40.6816932380429
2000	40.6816932380429
2000.68	40.4524389285995
2000.587	40.4460849760465
2000.828	40.4524389285995
2000.623	40.5246210633786
2000.68	40.5246210633786
2000.669	40.5309873537036
2000.639	40.5246210633786
2000.642	40.5246210633786
2000.68	40.5246210633786
2000.653	40.6222990492653
2000.626	40.5246210633786
2000.62	40.5246210633786
2000.56	40.4460849760465
2000.678	40.4460849760465
2000.549	40.5246210633786
2000.631	40.5341712490181
2000.713	40.5246210633786
2000.806	40.6816932380429
2000.56	40.4460849760465
2000.467	40.5373556445911
2000.648	40.4460849760465
2000.699	40.5246210633786
2000.705	40.4524389285995
2000.735	40.4460849760465
2000.464	40.4460849760465
2000.563	40.6031571507108
2000.721	40.5246210633786
2000.779	40.3675488887144
2000.76	40.2985074626866
2000.839	40.4460849760465
2000.855	40.4460849760465
2000.68	40.5246210633786
2000.735	40.5246210633786
2000.658	40.4460849760465
2000.639	40.5246210633786
2000.658	40.4460849760465
2000.658	40.5246210633786
2000.568	40.6031571507108
2000.464	40.4460849760465
2000	40.4460849760465
2000.743	40.4460849760465
2000.508	40.3675488887144
2000.719	40.5246210633786
2000.661	40.5246210633786
2000.664	40.4460849760465
2000.544	40.4460849760465
2000.675	40.5246210633786
2000.675	40.4460849760465
2000.541	40.4524389285995
2000.716	40.5246210633786
2000.623	40.3675488887144
2000.751	40.6031571507108
2000.642	40.4746934926124
2000.683	40.5405405405405
2001	40.6912804399057
2001.463	40.6031571507108
1999.997	40.131940626718
2000	40.2226752391407
2000	40.1537134342405
2001	40.0534045393859
2000	40.3675488887144
2001.019	40.6816932380429
2001.019	40.6816932380429
2001.019	40.7200691769515
1999	40.0534045393859
1999	40.2890128013822
1999	40.2890128013822
1999	40.2953420783913
1999	40.4460849760465
1998.071	40.2890128013822
1998	40.2104767140501
1997.997	40.2104767140501
1997.041	40.2104767140501
1997.041	40.2104767140501
1997	39.6607241027252
1995	39.6607241027252
1996	40.2890128013822
1996	40.131940626718
1996	40.131940626718
1996	40.131940626718
1996	40.131940626718
1996	40.131940626718
1996	40.131940626718
1996	40.131940626718
1996	40.131940626718
1996	40.131940626718
1996	40.131940626718
1996	40.131940626718
1996	40.2104767140501
1997	40.4460849760465
1997.86	40.2104767140501
1997.822	40.4460849760465
1997.923	40.4460849760465
2000.68	40.5246210633786
2000.617	40.5246210633786
2000	40.4460849760465
2001.019	40.4460849760465
2000.962	41.0054988216811
2001.038	40.5246210633786
2001.077	40.5309873537036
2001.101	40.6816932380429
2001.063	40.5532851304621
2001.09	40.6031571507108
2001.06	40.6816932380429
2001	40.2953420783913
2001.156	40.5532851304621
2001.592	40.8387654127071
2001.425	40.8387654127071
2001.077	40.6702328508496
2001.074	40.7008721615463
2001.066	40.7008721615463
2001.058	40.6816932380429
2001.06	40.9173015000393
2000	40.6031571507108
2000	40.9269442262372
2000.964	40.8387654127071
2001.06	40.9958375873714
2001.066	41.0345098655766
2001.466	40.6816932380429
2001.54	40.760229325375
2001.479	40.8387654127071
2001.54	40.8387654127071
2001.622	40.9173015000393
2001.523	40.8387654127071
2001.499	40.8387654127071
2001.479	40.8387654127071
2001.537	40.7008721615463
2001.419	40.8387654127071
2001.556	40.8387654127071
2001.542	40.9173015000393
2001.43	40.8451810541199
2001.542	40.6816932380429
2001.545	40.6816932380429
2001.523	40.760229325375
2001.622	40.6816932380429
2001.537	40.760229325375
2001.605	40.760229325375
2001.427	40.7698350353496
2001.523	40.6816932380429
2001.537	40.6031571507108
2001.592	40.6816932380429
2001.529	40.760229325375
2001.512	40.6816932380429
2001.521	40.9173015000393
2001.499	40.6816932380429
2001.499	40.8387654127071
2001.504	40.7794452738273
2001.521	40.6816932380429
2001.293	40.760229325375
2001.405	40.8387654127071
2001.389	40.760229325375
2001.375	40.760229325375
2001.499	40.760229325375
2001.488	40.6816932380429
2001.679	40.8387654127071
2001.54	40.760229325375
2001.46	40.8387654127071
2001.471	40.760229325375
2001.425	40.9173015000393
2001.488	40.6816932380429
2001.43	40.760229325375
2001.616	40.6095357788076
2001.521	40.760229325375
2001.575	40.9173015000393
2001.414	40.8483896307934
2001.523	40.8387654127071
2001.49	40.760229325375
2001.504	40.6816932380429
2001.433	40.7666326290158
2001.638	40.7794452738273
2001.501	40.9173015000393
2001.468	40.760229325375
2002.074	40.5373556445911
2002.005	40.6031571507108
2002.011	40.8387654127071
2002	40.9173015000393
2001.556	40.8387654127071
2001.501	40.760229325375
2001.616	40.6816932380429
2001.507	40.8387654127071
2001.54	40.6816932380429
2001	40.6816932380429
2001.405	40.6816932380429
2001.54	40.6816932380429
2001.504	40.9173015000393
2001.479	40.6031571507108
2001	40.9173015000393
2001.567	40.8387654127071
2001.548	40.9173015000393
2001.542	40.9173015000393
2001.57	40.9958375873714
2001.518	40.8387654127071
2001.507	40.9173015000393
2001.507	40.9173015000393
2001.545	40.8580183861083
2001.488	40.760229325375
2001.115	40.9173015000393
2001.049	40.9558996934203
2001.063	40.9958375873714
2001.058	40.9958375873714
2001.068	40.9173015000393
2001.159	41.1626080125687
2001.14	41.0743736747035
2001.14	40.9958375873714
2002	40.8387654127071
2000	40.5246210633786
2001	40.6816932380429
2001.03	40.2890128013822
2001.025	40.5341712490181
2001.025	40.6031571507108
2000	40.760229325375
2001	40.8387654127071
2000.68	40.8387654127071
2000	40.3675488887144
2000	40.2890128013822
2002	40.760229325375
2003.06	39.9245520276643
2003.159	40.131940626718
2003.173	40.131940626718
2003.052	40.2104767140501
2002.984	40.2890128013822
2003.036	40.2199528672427
2003.038	40.0534045393859
2003.055	40.2890128013822
2003.058	40.3675488887144
2003.074	40.5246210633786
2003	40.5246210633786
2003.227	40.7698350353496
2003	40.6816932380429
2003.071	40.2890128013822
2003.115	40.2890128013822
2003.216	40.4651528247034
2003.036	40.3770620581304
2003.151	40.2104767140501
2003	40.3675488887144
2005	40.3675488887144
2005.603	40.3675488887144
2005.715	40.4556166535742
2005.718	40.3175102169129
2005.699	40.2890128013822
2005.679	40.2890128013822
2005.685	40.2389185790632
2005	40.4460849760465
2005.682	40.3675488887144
2005.759	40.3675488887144
2005	40.4524389285995
2005.496	40.131940626718
2006.271	40.3175102169129
2005	40.4460849760465
2007.142	40.2104767140501
2007.118	39.9748684520537
2007.137	40.0534045393859
2007.06	40.131940626718
2007.06	39.8963323647216
2007.077	39.9748684520537
2007.123	39.981148377975
2007.134	39.8963323647216
2007.082	39.9748684520537
2007.123	39.8963323647216
2007.099	39.9433873250511
2007.099	40.0534045393859
2007.153	40.3675488887144
2007.115	40.3675488887144
2007.121	40.2104767140501
2007.178	40.2104767140501
2007.173	40.3675488887144
2007.096	40.3675488887144
2007.047	40.2890128013822
2007.184	40.2890128013822
2007.099	40.3675488887144
2007.145	40.2890128013822
2007.079	40.3675488887144
2006.989	40.2890128013822
2007.077	40.3675488887144
2007.178	40.5246210633786
2007.181	40.5246210633786
2007.096	40.4460849760465
2007.099	40.4460849760465
2007.156	40.4460849760465
2007.153	40.5246210633786
2007.178	40.3675488887144
2007.079	40.2104767140501
2007.137	40.1603269412135
2007.107	40.2890128013822
2007.153	40.2890128013822
2007.142	40.2890128013822
2007.118	40.760229325375
2007.118	39.9748684520537
2007.079	40.5246210633786
2007.077	40.2890128013822
2007.077	40.4460849760465
2007.066	40.3675488887144
2007.077	40.4460849760465
2007.104	40.4460849760465
2007.082	40.3675488887144
2007.085	40.4524389285995
2007.079	40.2890128013822
2007.085	40.4460849760465
2007.153	40.4460849760465
2007.145	40.3675488887144
2007.175	40.3675488887144
2007.03	40.3675488887144
2007.153	40.2953420783913
2007.134	40.3675488887144
2007.162	40.5246210633786
2007.079	40.3675488887144
2007.121	40.3175102169129
2007.178	40.2890128013822
2007.118	40.5246210633786
2007.077	40.2890128013822
2006.962	40.3675488887144
2007.134	39.8177962773895
2007.115	39.7392601900573
2007.104	40.131940626718
2007.14	40.131940626718
2007.068	39.8963323647216
2007.077	40.0534045393859
2007.115	40.0534045393859
2007.079	39.8177962773895
2007.181	40.131940626718
2007.041	39.9748684520537
2007.099	40.131940626718
2007.088	40.0534045393859
2007.079	40.131940626718
2007.082	40.0534045393859
2007.145	40.0596968030791
2007.118	40.0534045393859
2007.066	40.2104767140501
2007.118	40.131940626718
2007.077	40.0534045393859
2007.041	40.131940626718
2007.041	40.131940626718
2007.153	39.9748684520537
2007.115	39.9748684520537
2007.159	39.8963323647216
2007.085	39.9748684520537
2007.173	39.9748684520537
2007.107	40.0534045393859
2007.077	39.9748684520537
2007.14	39.8177962773895
2007.115	40.131940626718
2007.011	39.8177962773895
2007.008	39.6607241027252
2007.058	40.131940626718
2007.134	40.2890128013822
2007.195	40.3675488887144
2007.134	40.2890128013822
2007.175	40.2890128013822
2007.101	40.3675488887144
2007.14	40.003143665514
2007.088	40.2890128013822
2006.989	40.3675488887144
2007.159	40.5341712490181
2007.137	40.5246210633786
2007.153	40.3175102169129
2007.068	40.3675488887144
2007.085	40.3675488887144
2007.082	40.3675488887144
2007.079	40.2890128013822
2007.115	40.6816932380429
2007.088	40.2104767140501
2007.126	40.3675488887144
2007.118	40.6816932380429
2007.068	40.3675488887144
2007.175	40.6031571507108
2007.137	40.2890128013822
2007.14	40.0534045393859
2007.145	40.0534045393859
2007.14	40.5246210633786
2007.14	40.2890128013822
2007.137	40.2890128013822
2007.153	40.2890128013822
2007.137	40.2890128013822
2007.118	40.2890128013822
2007.137	40.4460849760465
2007.126	40.4460849760465
2007.058	40.0596968030791
2007.162	40.2104767140501
2007.115	40.2104767140501
2007.126	40.0534045393859
2007.118	40.2890128013822
2007.107	40.2890128013822
2007.077	40.2890128013822
2007.137	40.3675488887144
2007.118	40.3080066001414
2007.137	40.2890128013822
2007.121	40.4460849760465
2007.195	40.2890128013822
2007.115	40.2104767140501
2007.173	40.2104767140501
2007.06	40.1603269412135
2007.101	40.2890128013822
2007.123	40.2104767140501
2007.099	40.2890128013822
2007.118	40.2890128013822
2007.14	40.2890128013822
2007.101	40.2890128013822
2007.156	40.2890128013822
2007.099	40.2890128013822
2007.085	40.2890128013822
2007.096	40.0691389063482
2007.068	40.131940626718
2007.164	40.2104767140501
2007.041	40.2104767140501
2007.153	40.2104767140501
2007.079	40.0534045393859
2007.192	40.131940626718
2007.03	40.0534045393859
2007.041	40.2104767140501
2007.047	40.2104767140501
2007.058	40.131940626718
2007.178	40.131940626718
2007.088	40.131940626718
2007.066	40.2890128013822
2007.134	40.131940626718
2007.115	40.2890128013822
2007.079	40.2104767140501
2007.077	40.131940626718
2007.079	40.0534045393859
2007.126	39.9748684520537
2007.079	40.0534045393859
2007.159	40.131940626718
2007.134	39.9748684520537
2007.195	40.003143665514
2007.096	40.0534045393859
2007.173	40.0596968030791
2007.063	40.131940626718
2007.038	40.0534045393859
2007.096	40.131940626718
2007.06	40.131940626718
2006.962	40.131940626718
2007.077	40.131940626718
2007.173	40.0534045393859
2007.063	40.131940626718
2007.06	40.131940626718
2007.03	39.9748684520537
2006.929	40.2890128013822
2007.107	40.131940626718
2007.104	40.131940626718
2007.099	40.031458906803
2007.063	40.1445518108257
2007.142	40.131940626718
2007.079	39.8963323647216
2007.142	40.2104767140501
2007.162	40.2104767140501
2007.082	39.9748684520537
2007.115	40.0534045393859
2007.192	40.2104767140501
2007.162	40.3675488887144
2007.058	39.9748684520537
2007.077	40.2104767140501
2007.159	40.0534045393859
2007.096	40.2890128013822
2007.118	40.2890128013822
2007.066	40.2890128013822
2007.115	40.2104767140501
2007.175	40.0534045393859
2007.121	40.0817353033637
2007.178	40.2104767140501
2007.121	40.131940626718
2007.06	40.3175102169129
2007.134	40.0534045393859
2007.115	40.0534045393859
2007.115	40.0534045393859
2007.115	40.131940626718
2007.027	39.9748684520537
2007.137	40.131940626718
2007.156	40.0534045393859
2007.115	40.131940626718
2007.173	40.0534045393859
2007.181	40.131940626718
2007.082	39.9748684520537
2007.118	40.131940626718
2007.063	39.6607241027252
2007.079	39.8177962773895
2007.126	40.131940626718
2007.126	40.0534045393859
2007.014	40.0534045393859
2007.156	40.0722872632985
2007.173	39.9748684520537
2007.096	39.9748684520537
2007.068	39.9748684520537
2007.162	39.8963323647216
2007.099	39.9748684520537
2007.14	39.9748684520537
2007.066	39.9748684520537
2007.079	39.8963323647216
2007.115	39.9748684520537
2007.063	39.9748684520537
2007.099	40.131940626718
2007.099	40.0534045393859
2007.123	40.0534045393859
2007.104	40.131940626718
2007.096	40.131940626718
2007.096	39.9748684520537
2007.2	40.131940626718
2007.068	40.3675488887144
2007.058	40.3675488887144
2007.181	40.3675488887144
2007.058	40.3675488887144
2007.195	40.2104767140501
2007.156	40.2104767140501
2007.126	40.3675488887144
2007.192	40.4524389285995
2007.164	40.4460849760465
2007.192	40.4460849760465
2007.173	40.4460849760465
2007.192	40.4460849760465
2007.164	40.3675488887144
2007.189	40.4460849760465
2007.156	40.131940626718
2007.079	40.2104767140501
2006.274	40.2104767140501
2007.085	40.6816932380429
2007.058	40.2890128013822
2007.153	40.131940626718
2007.107	40.131940626718
2007.101	40.131940626718
2007.096	40.2104767140501
2007.096	40.2294334878605
2007.096	40.1382452281832
2007.104	40.131940626718
2007.101	40.131940626718
2006.967	40.2104767140501
2007.173	40.2104767140501
2007.156	40.3675488887144
2007.077	40.4460849760465
2007.077	40.4460849760465
2007.077	40.2890128013822
2007.099	40.3675488887144
2007.142	40.2890128013822
2007.153	40.2890128013822
2007.049	40.2890128013822
2007.077	40.3675488887144
2007.137	40.2104767140501
2007.173	40.0534045393859
2007.134	40.2890128013822
2007.173	40.4460849760465
2007.123	40.2104767140501
2007.068	40.4460849760465
2007.068	40.2104767140501
2007.123	40.2104767140501
2007.121	40.2104767140501
2007.068	40.2104767140501
2007.101	40.2890128013822
2007.099	40.2389185790632
2007.058	40.2104767140501
2007.123	40.4460849760465
2007.096	40.3675488887144
2007.068	40.3675488887144
2007.121	40.3675488887144
2007.115	40.8580183861083
2007.162	41.0743736747035
2007.027	41.3099819366999
2007.162	40.9958375873714
2007.153	40.9958375873714
2007.173	41.0743736747035
2007.178	40.9958375873714
2003.729	40.2104767140501
2005.266	40.2104767140501
2005.449	39.9748684520537
2006.2	40.9173015000393
2006.321	41.1529097620357
2006.271	41.0743736747035
2006	40.8387654127071
2005	40.3770620581304
2005.033	40.6031571507108
2005.055	40.6816932380429
2003.688	40.4460849760465
2003.589	40.4460849760465
2005	40.6031571507108
2004	40.5341712490181
2010.112	40.1382452281832
2010.112	40.131940626718
2005.6	39.9748684520537
2005.69	39.9057344854674
2005.663	39.8177962773895
2005.611	39.9748684520537
2003.03	40.4460849760465
2003.17	40.012577627545
2008.027	40.4893449092344
2008.008	40.4104183109708
2008.481	40.8387654127071
2008.44	40.4460849760465
2008.437	40.5246210633786
2008.437	40.5309873537036
2007	40.3675488887144
2008.469	40.3675488887144
2008.478	40.6031571507108
2007.995	40.3314917127072
2008.122	40.3675488887144
2008.434	40.5246210633786
2007.981	40.2104767140501
2008.036	40.6031571507108
2007.962	40.3738905034954
2007.945	40.3675488887144
2007.849	40.2890128013822
2008.016	40.1729559748428
2008.123	40.3675488887144
2008.484	40.5246210633786
2008.497	40.5246210633786
2008.12	40.5246210633786
2008.077	40.5246210633786
2008.074	40.3675488887144
2008.94	40.131940626718
2008.123	40.2104767140501
2008.108	40.3675488887144
2008.623	40.2890128013822
2008.88	40.760229325375
2008.847	40.9173015000393
2008.861	40.6318767683118
2008.842	40.6816932380429
2008.833	40.8387654127071
2008.776	40.7104684061616
2008.776	40.8387654127071
2008.814	40.6031571507108
2008.828	40.5246210633786
2008.839	40.6031571507108
2008.6	40.131940626718
2008.063	40.3675488887144
2008.016	40.568271507498
2007.868	40.2104767140501
2008.055	40.1445518108257
2008.333	40.2104767140501
2008.041	40.131940626718
2008.896	40.760229325375
2008.915	40.6816932380429
2008.825	40.9958375873714
2009.033	40.3675488887144
2007.948	40.4893449092344
2008.038	40.4893449092344
2008.117	40.2647545504688
2007.997	40.4104183109708
2008.041	40.4104183109708
2008.137	40.4460849760465
2009.023	40.4460849760465
2009.088	40.5246210633786
2008.112	40.6031571507108
2008.921	40.6816932380429
2008.858	40.8387654127071
2008.801	40.5246210633786
2008.148	40.2890128013822
2008.533	40.760229325375
2008.16	40.7008721615463
2008.342	40.3675488887144
2008.036	40.4104183109708
2007.863	40.4893449092344
2008.71	40.5246210633786
2008.022	40.5246210633786
2007	40.2890128013822
2008.437	40.6816932380429
2008.444	40.6816932380429
2008.984	40.6471981057616
2008.137	40.760229325375
2007	40.2849228333993
2008.085	40.760229325375
2008.538	40.6031571507108
2008.828	40.4460849760465
2008.839	40.4460849760465
2008.885	40.4460849760465
2008.866	40.3675488887144
2008.899	40.3675488887144
2008.885	40.4460849760465
2008.883	40.3675488887144
2008.861	40.5246210633786
2008.85	40.4460849760465
2008	40.5246210633786
2008.844	40.4460849760465
2008.56	40.2104767140501
2008.563	40.5246210633786
2008.555	40.5246210633786
2008.022	40.3314917127072
2008.71	40.6031571507108
2007.992	40.3314917127072
2008	40.5799385391222
2009.016	40.5246210633786
2008.989	40.2010050251256
2008.984	40.2010050251256
2009.14	40.2795226130653
2009	40.358040201005
2009.233	40.8291457286432
2007	40.4460849760465
2009.118	40.4460849760465
2009.134	40.3675488887144
2009.323	40.6816932380429
2009.162	40.2890128013822
2009.121	40.4460849760465
2009.323	40.3016733443318
2009.323	40.4460849760465
2009.023	40.6816932380429
2007	40.4460849760465
2007	40.6031571507108
2007	40.4460849760465
2009.052	40.9861809045226
2009.036	40.5150753768844
2008.489	40.2010050251256
2009.085	40.0439698492462
2008.634	40.5935929648241
2009.414	40.358040201005
2008.959	40.6031571507108
2008.191	40.4460849760465
2009.129	40.3675488887144
2009.014	40.2104767140501
2009.321	40.5246210633786
2009.326	40.5309873537036
2009	39.9025999528709
2009.325	40.7008721615463
2009.707	40.1224874371859
2009.321	40.5246210633786
2009.323	40.5246210633786
2009.323	40.5246210633786
2009.319	40.4460849760465
2009.319	40.4524389285995
2009.315	40.4460849760465
2009.318	40.2953420783913
2009.326	40.4460849760465
2009.323	40.4460849760465
2009.323	40.5246210633786
2009.323	40.4460849760465
2009.318	40.4460849760465
2009	40.2890128013822
2009.323	40.3675488887144
2008.934	39.8963323647216
2008.934	39.9748684520537
2009.325	39.8963323647216
2009.348	40.2104767140501
2009.348	40.2104767140501
2009.353	40.2104767140501
2009.332	40.2104767140501
2009.323	40.2104767140501
2009.318	40.2104767140501
2009.322	40.0534045393859
2009.329	40.0534045393859
2009.326	39.981148377975
2009.323	40.0534045393859
2009.373	40.0534045393859
2009.205	40.131940626718
2009	40.5935929648241
2009.162	40.2795226130653
2009.312	40.4246952418403
2009.162	40.5935929648241
2009.625	40.1232130163494
2009.575	40.2890128013822
2008	40.4056284883264
2009.315	40.2890128013822
2009.322	40.3675488887144
2009.323	40.3675488887144
2009.323	40.3675488887144
2009.162	39.8084170854271
2009	40.0534045393859
2007	39.9748684520537
2008.937	40.2010050251256
2007	40.6816932380429
2008.672	40.7506281407035
2009.112	40.2890128013822
2009.086	40.131940626718
2009.462	40.2890128013822
2009.473	40.5246210633786
2009.323	40.6031571507108
2009.186	40.2890128013822
2008.842	40.6222990492653
2009.537	40.3072537218879
2009.43	40.2890128013822
2009.163	40.8387654127071
2009.041	40.3314917127072
2009.808	40.4024399904935
2009.67	40.131940626718
2009.538	39.9748684520537
2008.975	40.4893449092344
2009.153	40.4893449092344
2009.323	40.4460849760465
2009.007	40.4460849760465
2009.527	40.6880842039117
2009.077	40.4460849760465
2008.844	40.3314917127072
2009.5	40.2104767140501
2009.499	40.6031571507108
2009.522	40.760229325375
2009.456	40.6031571507108
2009.573	40.6031571507108
2008.877	40.6031571507108
2010.627	40.2953420783913
2010.104	40.2953420783913
2010.016	40.2953420783913
2008.861	40.5246210633786
2008.992	40.5246210633786
2009.041	40.5246210633786
2009.329	40.4460849760465
2009.323	40.5246210633786
2009.323	40.6816932380429
2009.318	40.3675488887144
2009.318	40.3675488887144
2009.337	40.3675488887144
2009.326	40.3675488887144
2009.323	40.3675488887144
2009.321	40.3675488887144
2009.323	40.6031571507108
2009	40.2890128013822
2008.943	40.5246210633786
2009.318	40.3675488887144
2009.34	40.2890128013822
2009.326	40.2890128013822
2009.323	40.2890128013822
2009.326	40.2890128013822
2009.049	40.2104767140501
2008.997	40.4460849760465
2009.033	40.5033425088478
2009.085	40.358040201005
2008.713	40.6031571507108
2009.162	40.6031571507108
2009.126	40.5246210633786
2008.79	40.5246210633786
2009.068	40.5309873537036
2009.326	40.6031571507108
2009.036	40.6031571507108
2009.118	40.8387654127071
2009.326	40.6031571507108
2009.132	40.6816932380429
2009.352	40.8387654127071
2009.319	40.5935929648241
2009.345	40.4460849760465
2009.332	40.4460849760465
2009.323	40.4460849760465
2009.321	40.4460849760465
2009.318	40.5246210633786
2009.314	40.6031571507108
2009	40.2795226130653
2008.117	40.5246210633786
2009.086	40.4460849760465
2009.025	40.5309873537036
2009.011	40.6095357788076
2009.323	40.6031571507108
2009.323	40.6031571507108
2009.121	40.5246210633786
2009.318	40.4460849760465
2009.315	40.4460849760465
2009.321	40.4460849760465
2009.326	40.4460849760465
2009.326	40.5246210633786
2009.319	40.4460849760465
2009.319	40.8387654127071
2009.326	40.8387654127071
2009.329	40.6031571507108
2009.323	40.9958375873714
2009.323	40.8387654127071
2009.323	40.8387654127071
2009.321	40.6031571507108
2009.318	40.6031571507108
2009.118	40.6816932380429
2009.167	40.6031571507108
2009.099	40.6031571507108
2009.052	40.760229325375
2009.318	40.5246210633786
2009.323	40.4524389285995
2009.326	40.6031571507108
2009.323	40.6816932380429
2009	40.5935929648241
2009	40.5935929648241
2009.162	40.358040201005
2009.247	40.358040201005
2009.163	40.5320321108138
2009.163	40.5246210633786
2009.086	40.5246210633786
2009.163	40.6816932380429
2009.137	40.6816932380429
2009.137	40.6031571507108
2009.163	40.5246210633786
2009.137	40.5246210633786
2009.438	40.5246210633786
2009.085	40.5935929648241
2009.148	40.6816932380429
2009.319	40.6031571507108
2009.548	40.6031571507108
2009.326	40.6031571507108
2009.326	40.6031571507108
2009.321	40.6031571507108
2009.323	40.6031571507108
2009.318	40.6031571507108
2009.321	40.5246210633786
2009.318	40.6031571507108
2008.653	40.6031571507108
2008.657	40.4460849760465
2008.802	40.6816932380429
2008.762	40.6031571507108
2008.6	40.6031571507108
2009.153	40.2890128013822
2009.11	40.5246210633786
2009.167	40.2104767140501
2009.145	40.5246210633786
2009.399	40.4651528247034
2009.137	40.5246210633786
2009.112	40.5246210633786
2009.156	40.760229325375
2009.156	40.6816932380429
2009.151	40.5246210633786
2009.137	40.5246210633786
2009.112	40.3675488887144
2009.107	40.4460849760465
2009.104	40.4460849760465
2009.036	40.5246210633786
2009.142	40.4460849760465
2009.137	40.5246210633786
2009.074	40.5246210633786
2009.115	40.4460849760465
2009.363	40.4746934926124
2009.118	40.5246210633786
2009.216	40.3675488887144
2009.195	40.3675488887144
2009.186	40.5246210633786
2009.184	40.5246210633786
2009.162	40.5246210633786
2009.159	40.3738905034954
2009.323	40.4460849760465
2009.323	40.4460849760465
2009.082	40.3675488887144
2009.077	40.4460849760465
2009.077	40.3675488887144
2009.326	40.4460849760465
2009.167	40.5246210633786
2009.132	40.4460849760465
2009.14	40.5246210633786
2009.118	40.4460849760465
2009.159	40.4460849760465
2009.159	40.4460849760465
2009.167	40.5246210633786
2009.225	40.5246210633786
2009.162	40.5246210633786
2009.134	40.2890128013822
2009.184	40.4460849760465
2009.137	40.3675488887144
2009.145	40.5246210633786
2009.107	40.4460849760465
2009.195	40.5246210633786
2009.148	40.4460849760465
2009.142	40.4460849760465
2009.11	40.4460849760465
2009.162	40.2104767140501
2009.112	40.2890128013822
2009.115	40.131940626718
2009.145	40.2890128013822
2009.134	40.131940626718
2009.112	40.3675488887144
2009.093	40.06586169045
2009.079	40.2104767140501
2009.077	40.2104767140501
2009.058	40.2104767140501
2009.118	40.2104767140501
2009.137	40.2104767140501
2009.222	40.2104767140501
2009.093	40.2890128013822
2009.137	40.2104767140501
2009.156	40.760229325375
2008.146	40.3961018547627
2007	40.3675488887144
2008.486	39.9748684520537
2008.59	39.9748684520537
2008.574	39.8963323647216
2007	40.4460849760465
2006	40.5341712490181
2004	40.6816932380429
2007.395	40.0534045393859
2007.364	40.2104767140501
2007.351	39.9748684520537
2007.351	40.2104767140501
2007.395	40.131940626718
2007.375	40.2890128013822
2008.82	40.3675488887144
2008.762	39.9748684520537
2008	40.4151596162919
2008	40.4151596162919
2008.781	40.760229325375
2007.971	40.2890128013822
2008	40.5724170467055
2008	40.4151596162919
2007.499	40.131940626718
2007.364	40.2890128013822
2007.556	40.0534045393859
2007.354	40.2890128013822
2007.351	40.0534045393859
2007.107	40.2104767140501
2007.088	40.2104767140501
2007.088	40.2104767140501
2007.386	40.131940626718
2007.444	40.131940626718
2008.016	39.4251158407288
2008.139	39.5036519280609
2008.011	39.4251158407288
2008.183	39.5036519280609
2008.954	39.4251158407288
2008.861	39.5821880153931
2008.5	39.3465797533967
2008.858	39.4251158407288
2008.536	39.4251158407288
2008.746	39.3465797533967
2008.746	39.3465797533967
2008.678	39.3465797533967
2008.648	39.2680436660645
2008.522	39.5036519280609
2008.055	39.5821880153931
2007.211	40.3675488887144
2007.058	40.131940626718
2006.504	40.2890128013822
2006.392	40.2890128013822
2006	39.8963323647216
2004	40.3675488887144
2006	40.6031571507108
2006	40.6816932380429
2005.573	40.2104767140501
2005.605	40.0534045393859
2006.334	40.3675488887144
2005.989	40.2890128013822
2006.816	40.0628436763551
2006	39.9654522613065
2007.011	40.2104767140501
2006.759	40.2890128013822
2006.545	40.2890128013822
2006.57	40.3675488887144
2006.564	40.5246210633786
2006.584	40.2890128013822
2006.447	40.4460849760465
2006.384	40.2104767140501
2006.463	40.4460849760465
2006.033	40.4460849760465
2007.101	40.2890128013822
2007.126	40.131940626718
2008.716	39.8963323647216
2006.008	40.131940626718
2006	40.6816932380429
2006	40.5246210633786
2006.121	40.4460849760465
2006.493	40.2890128013822
2004.809	40.760229325375
2001	40.131940626718
2004.697	40.2890128013822
2005.929	40.6816932380429
2005.912	40.6816932380429
2006.921	40.4460849760465
2006.225	40.3675488887144
2006.244	40.3675488887144
2007.789	40.2890128013822
2007.767	40.3675488887144
2007.104	40.6031571507108
2007.047	40.6816932380429
2007.137	40.6816932380429
2007.14	40.6031571507108
2007.162	40.5246210633786
2007.162	40.5246210633786
2008.096	40.6031571507108
2007.863	40.131940626718
2007	40.4460849760465
2007	40.4460849760465
2007	40.4460849760465
2007	40.4460849760465
2007	40.4460849760465
2007	40.4460849760465
2007	40.4460849760465
2007	40.4460849760465
2007	40.4460849760465
2007	40.4460849760465
2007	40.4460849760465
2007	40.4460849760465
2007	40.4460849760465
2007	40.4460849760465
2007	40.4460849760465
2007	40.4460849760465
2007	40.4460849760465
2007	40.4460849760465
2007	40.4460849760465
2007	40.4460849760465
2007	40.4460849760465
2007	40.4460849760465
2007	40.6031571507108
2007	40.4460849760465
2007	40.4460849760465
2007	40.4460849760465
2007	40.4460849760465
2007	40.4460849760465
2007	40.6031571507108
2007	40.4460849760465
2007	40.4460849760465
2008.79	40.4460849760465
2007.658	40.5309873537036
2008.138	40.8387654127071
2007.959	40.9629044988161
2007	40.4460849760465
2007	40.4460849760465
2007	40.4460849760465
2008.005	40.4746934926124
2008.116	40.2953420783913
2008.092	40.3675488887144
2008.169	40.6031571507108
2008.094	40.4460849760465
2008.137	40.3802341110849
2008.085	40.4460849760465
2008.074	40.1413982717989
2007.925	40.4460849760465
2007	40.3675488887144
2007.718	40.5246210633786
2008.022	40.3314917127072
2008.003	40.2525651144436
2008.074	40.3738905034954
2007.51	40.358382436032
2008.066	40.4842386604827
2008.131	40.2953420783913
2007.748	40.4460849760465
2007.929	40.3675488887144
2007.923	40.3675488887144
2007.795	40.5246210633786
2007.997	40.6031571507108
2008.026	40.5532851304621
2008.027	40.4893449092344
2008.563	40.6816932380429
2008.486	40.760229325375
2008.437	40.6880842039117
2008.434	40.6816932380429
2008.443	40.6222990492653
2008.499	40.7008721615463
2008.434	40.6944771780973
2007	40.2104767140501
2007	40.5246210633786
2007	40.5246210633786
2007.806	40.2525651144436
2007.638	40.6031571507108
2007.827	40.5246210633786
2009.023	40.6816932380429
2009.163	40.2104767140501
