1918	1.07294741764814
1933.025	1.10128532986594
1933.414	1.10247428225275
1932	1.09890080154399
1932	1.10609727064441
1933	1.1048997699368
1933	1.10789653390243
1935	1.09144282879038
1945	1.08972190518195
1948	1.09700111218968
1943	1.09433284558486
1943	1.09226463170938
1947	1.09371293231389
1947	1.09610641869946
1954	1.11217510761116
1954	1.11217510761116
1954	1.11217510761116
1951	1.10396134040488
1951	1.10943632324284
1951	1.10637316596541
1951	1.10761632840069
1951	1.09921772771666
1957	1.11348334461173
1957	1.10983396167401
1957	1.11015921664286
1953	1.08860371214605
1954	1.10327778162125
1950	1.10398901728134
1950	1.10398901728134
1946	1.10472171028525
1939	1.10349077177807
1940	1.10349077177807
1946	1.10005799147975
1948	1.10336008631965
1942	1.10599151548035
1942	1.10661681844058
1934	1.10128532986594
1935	1.10128532986594
1946	1.09289858833094
1946	1.09410340703322
1935	1.09975853791684
1936	1.09816947690089
1934	1.11628143623755
1934	1.11659983100527
1934	1.11143640886133
1934	1.11143640886133
1993	1.11164515722255
1995.578	1.12663844450687
1996	1.12297246005842
1991	1.11041324732074
2014.871	1.11255690223835
2014.83	1.11255690223835
2014.83	1.11164515722255
2014.964	1.11255690223835
2014.964	1.11346976940179
2014.964	1.11255690223835
2014.964	1.11255690223835
2014.964	1.11255690223835
2014.964	1.11073453251595
2014.964	1.11073453251595
2014.964	1.10950325903908
2014.964	1.10950325903908
2014.964	1.11073453251595
2014.926	1.11255690223835
2014.926	1.11255690223835
2014.926	1.11255690223835
2014.926	1.11255690223835
2014.926	1.11255690223835
2014.926	1.10917894177404
2014.926	1.11073453251595
2014.926	1.11164515722255
2014.926	1.11164515722255
2014.926	1.11073453251595
2014.871	1.11255690223835
2014.871	1.11346976940179
2014.871	1.11164515722255
2014.871	1.11164515722255
2014.871	1.11164515722255
2014.871	1.11164515722255
2014.871	1.11073453251595
2014.871	1.11164515722255
2014.83	1.11164515722255
2014.83	1.11164515722255
2014.83	1.11164515722255
2014.83	1.11164515722255
2014.83	1.11073453251595
2014.83	1.11164515722255
2014.83	1.11164515722255
2014.83	1.11073453251595
2014.8	1.11164515722255
2014.8	1.11164515722255
2014.8	1.11164515722255
2014.8	1.11164515722255
2014.8	1.11164515722255
2014.8	1.11164515722255
2014.8	1.11164515722255
2014.8	1.11164515722255
2014.8	1.11164515722255
2014.8	1.11164515722255
2014	1.11164515722255
2014.871	1.11164515722255
1986	1.10769562232136
1987	1.11411084793326
1986	1.10951077256564
1987	1.10580031971235
1987	1.10388007888604
1986	1.108856705666
1986	1.10646248065609
1989.003	1.11383818377134
1987	1.10284818423284
1986	1.11074291570006
1986	1.10184573510904
1980	1.11231878913151
1980	1.10562997355492
1981	1.10251639775618
1983	1.11138074273589
1983	1.10924757432373
1983	1.09665929643553
1982	1.0920215589859
1982	1.09301390055571
1983	1.0920215589859
1980	1.10769562232136
1978	1.10555721378406
1978	1.10711440591157
1978	1.10711440591157
1978	1.10743655817781
1977	1.10743655817781
1978	1.10717040634845
1977	1.10137755057971
1978	1.10317718680021
1978	1.10317718680021
1978	1.10317718680021
1978	1.10317718680021
1978	1.10317718680021
1977	1.10014887025627
1977	1.10227681778094
1977	1.10227681778094
1977	1.10137755057971
1978	1.10284806908725
1977	1.09579742757633
1951	1.10190452583432
1949	1.09431539543861
1949	1.09342152952087
1948	1.09768438148781
1950	1.10161509683512
1983	1.11626103099295
1983	1.1183877817759
1983	1.1174730155552
1983	1.11351391114805
1983	1.11260436337211
1983	1.11533635586963
1983	1.11716327834136
1983	1.11533635586963
1983	1.11655948768366
1983	1.11655948768366
1983	1.11838766500786
1983	1.11655948768366
1983	1.1174730155552
1983	1.1174730155552
1983	1.11716327834136
1983	1.11624925647056
1983	1.11721055439406
1983	1.1150231188043
1983	1.11228966172694
1983	1.1174730155552
1983	1.1174730155552
1983	1.11747313222775
1983	1.11778024797238
1983	1.11655948768366
1983	1.11838766500786
1983	1.1174730155552
1983	1.11655948768366
1983	1.1174730155552
1983	1.1144245747053
1983	1.11533635586963
1983	1.1174730155552
1983	1.11533635586963
1983	1.11778024797238
1983	1.11533635586963
1983	1.1174730155552
1983	1.11624925647056
1983	1.1174730155552
1983	1.11991341638454
1983	1.11838766500786
1983	1.11807842331904
1983	1.11423757804359
1983	1.11351391114805
1983	1.1174730155552
1983	1.11778024797238
1983	1.11141243855669
1982	1.11413481950535
1984	1.11877461726058
1984	1.12051345396816
1989.005	1.10240986435399
1991.551	1.10917905796274
1996	1.12419695623302
1995	1.12205142465729
1995.964	1.1180510020443
1995.942	1.11341805412517
1996	1.11525235044381
1996.019	1.12270870187149
1996	1.11433463614368
1996.003	1.11621512221921
1995.953	1.11589676119258
1995.929	1.11374252034085
1995.874	1.11557584105177
1995.907	1.11738549612204
1996	1.11865376264036
1996	1.11374252034085
1996	1.1180510020443
1996	1.11529887754431
1995.948	1.11709118335577
1995.871	1.11741369220823
1995.332	1.11836582573023
1996.003	1.11400807641283
1995.934	1.11184495393436
1995.945	1.11092966691495
1995.962	1.11217507289534
1995.918	1.11400807641283
1995.986	1.110015509647
1995.989	1.11066831290208
1996.104	1.11217507289534
1995.953	1.11990601084342
1995	1.11315005604196
1996	1.12511963493425
1996	1.12511963493425
1996	1.12205142465729
1995.923	1.12419683847117
1996	1.12419683847117
1996	1.11776071411719
1995.975	1.11621512221921
1995	1.12049744384825
1995.986	1.12266723275227
1995.942	1.1238946299724
1995.912	1.12266723275227
1995.951	1.12789485189037
1998	1.11741369220823
2000	1.12636477568477
2000	1.13815899207192
2000	1.13628239059043
2000	1.13628239059043
2000	1.13009550258167
2000	1.1316428146364
2000	1.13257747725577
2000	1.13070930853907
2000	1.13815899207192
2000	1.13722011069956
2000	1.14344674287243
2000.279	1.13317913931527
2001.022	1.13291255095763
2000	1.13070930853907
2000	1.1347513303791
2000	1.13406273048229
2000	1.13377070537875
2000	1.13127004679635
2000	1.13715371031776
1992	1.11223658567928
2001.022	1.12795487032406
2001.584	1.12079663475189
2001.518	1.13014082937508
2001.353	1.12451403397386
2001.058	1.13357377565928
2002.926	1.13672096586304
2003.937	1.13420461030661
2003.937	1.13420461030661
2003.811	1.13420461030661
2003.723	1.13420461030661
2003.696	1.13420461030661
2003.515	1.13420461030661
2003.068	1.13420461030661
2003.973	1.13420461030661
2003.964	1.13420461030661
2003.923	1.13420461030661
2003.819	1.13420461030661
2003.789	1.13420461030661
2003.773	1.13420461030661
2003.715	1.13420461030661
2003	1.13420461030661
2003	1.13420461030661
2003	1.13420461030661
2003	1.13420461030661
2001	1.13138962580252
2002.97	1.12678369183774
2003.153	1.12213508067472
2001	1.13481831196741
2000	1.13639419449639
2000.112	1.13045362615215
2000	1.12951878755152
2000.68	1.12390671521618
2000.587	1.12390659742926
2000.828	1.12483729411668
2000.623	1.12422763662136
2000.68	1.12422763662136
2000.669	1.12608905835253
2000.639	1.12515771115171
2000.642	1.12422763662136
2000.68	1.12608894033689
2000.653	1.12774029082496
2000.626	1.12515771115171
2000.62	1.12515771115171
2000.56	1.12390659742926
2000.678	1.12483717623224
2000.549	1.12515771115171
2000.631	1.12489294760398
2000.713	1.12515771115171
2000.806	1.12951878755152
2000.56	1.12390659742926
2000.467	1.12515796089153
2000.648	1.12390659742926
2000.699	1.12515771115171
2000.705	1.12390671521618
2000.735	1.12576891127305
2000.464	1.12576891127305
2000.563	1.12640637235125
2000.721	1.12515771115171
2000.779	1.12358295222203
2000.76	1.12206216620674
2000.839	1.12670180446797
2000.855	1.12670180446797
2000.68	1.12608894033689
2000.735	1.12515771115171
2000.658	1.1229771729518
2000.639	1.12608894033689
2000.658	1.1229771729518
2000.658	1.12515771115171
2000.568	1.12733824935161
2000.464	1.12576891127305
2000	1.12390659742926
2000.743	1.12390659742926
2000.508	1.12544627354749
2000.719	1.12515771115171
2000.661	1.12515771115171
2000.664	1.12670180446797
2000.544	1.12576891127305
2000.675	1.127021326089
2000.675	1.12576891127305
2000.541	1.12576902925514
2000.716	1.12608894033689
2000.623	1.12079663475189
2000.751	1.12640637235125
2000.642	1.12311318999392
2000.683	1.12582407570287
2001	1.12459724930108
2001.463	1.12733824935161
1999.997	1.11980547243815
2000	1.12138600617903
2000	1.12171998776772
2001	1.11299488289111
2000	1.12265302637548
2001.019	1.12672121887299
2001.019	1.12672121887299
2001.019	1.12752282785473
1999	1.11946980310564
1999	1.12418827272166
1999	1.12418827272166
1999	1.12232638110105
1999	1.11282914619567
1998.071	1.11584553143214
1998	1.10817079546329
1997.997	1.11275095506142
1997.041	1.10999945983131
1997.041	1.11275095506142
1997	1.10117179095274
1995	1.10208316835297
1996	1.1085074796085
1996	1.10966110617999
1996	1.10966110617999
1996	1.10966110617999
1996	1.10966110617999
1996	1.10966110617999
1996	1.10966110617999
1996	1.10966110617999
1996	1.10966110617999
1996	1.10966110617999
1996	1.10966110617999
1996	1.10966110617999
1996	1.11091548988091
1997	1.1229771729518
1997.86	1.12106710516793
1997.822	1.12576891127305
1997.923	1.12576891127305
2000.68	1.12888957496208
2000.617	1.12795487032406
2000	1.12857107300518
2001.019	1.12204890089148
2000.962	1.13515459001804
2001.038	1.12795487032406
2001.077	1.12888969327123
2001.101	1.12858510808114
2001.063	1.12809264985771
2001.09	1.12640637235125
2001.06	1.12765258582548
2001	1.12325680707652
2001.156	1.12715860506243
2001.592	1.13575792551605
2001.425	1.13858377868618
2001.077	1.1245509707401
2001.074	1.13367082551633
2001.066	1.13179388738532
2001.058	1.13326511595031
2001.06	1.1341833923071
2000	1.12640637235125
2000	1.13204458363099
2000.964	1.13481831196741
2001.06	1.13542176882568
2001.066	1.13435305359541
2001.466	1.12951878755152
2001.54	1.13263596905978
2001.479	1.13481831196741
2001.54	1.13387986395133
2001.622	1.1351213152708
2001.523	1.13387986395133
2001.499	1.13387986395133
2001.479	1.13387986395133
2001.537	1.12992160666795
2001.419	1.13387986395133
2001.556	1.13481831196741
2001.542	1.1341833923071
2001.43	1.13387998278346
2001.542	1.13232678842609
2001.545	1.13045362615215
2001.523	1.13263596905978
2001.622	1.13045362615215
2001.537	1.13263596905978
2001.605	1.13169932575143
2001.427	1.13143302288075
2001.523	1.12951878755152
2001.537	1.12827128324452
2001.592	1.12951878755152
2001.529	1.13076384381102
2001.512	1.12951878755152
2001.521	1.1341833923071
2001.499	1.12951878755152
2001.499	1.13294257954091
2001.504	1.13210292251094
2001.521	1.12951878755152
2001.293	1.13169932575143
2001.405	1.13481831196741
2001.389	1.13169932575143
2001.375	1.13263596905978
2001.499	1.13263596905978
2001.488	1.13138962580252
2001.679	1.13294257954091
2001.54	1.13169932575143
2001.46	1.13294257954091
2001.471	1.13169932575143
2001.425	1.1351213152708
2001.488	1.12951878755152
2001.43	1.13169932575143
2001.616	1.12733836749817
2001.521	1.13076384381102
2001.575	1.1341833923071
2001.414	1.13361304797301
2001.523	1.13481831196741
2001.49	1.13357377565928
2001.504	1.12858510808114
2001.433	1.13076396231659
2001.638	1.13397881766984
2001.501	1.1351213152708
2001.468	1.13169932575143
2002.074	1.12888982553023
2002.005	1.13014082937508
2002.011	1.13107149384934
2002	1.12951116908616
2001.556	1.13387986395133
2001.501	1.13263596905978
2001.616	1.12951878755152
2001.507	1.13575792551605
2001.54	1.13232678842609
2001	1.13514527343045
2001.405	1.13045362615215
2001.54	1.12858510808114
2001.504	1.13606040215124
2001.479	1.13014082937508
2001	1.13606040215124
2001.567	1.13294257954091
2001.548	1.13606040215124
2001.542	1.1351213152708
2001.57	1.13542176882568
2001.518	1.13387986395133
2001.507	1.1351213152708
2001.507	1.1351213152708
2001.545	1.13240938869358
2001.488	1.13263596905978
2001.115	1.1341833923071
2001.049	1.13593045351899
2001.063	1.13918299778267
2001.058	1.13636032780097
2001.068	1.1351213152708
2001.159	1.13856307451562
2001.14	1.13665771386157
2001.14	1.13354813586293
2002	1.13107149384934
2000	1.12515771115171
2001	1.12858510808114
2001.03	1.12232626347975
2001.025	1.12768944857014
2001.025	1.12920547594576
2000	1.12796434702515
2001	1.12920503955694
2000.68	1.12734320139118
2000	1.12451403397386
2000	1.12325668935771
2002	1.13545288644442
2003.06	1.11521784920829
2003.159	1.11887752097815
2003.173	1.11887752097815
2003.052	1.12292779713857
2002.984	1.12232626347975
2003.036	1.12080330419047
2003.038	1.12133015974884
2003.055	1.12980218795226
2003.058	1.12637967286342
2003.074	1.12888957496208
2003	1.13170067055371
2003.227	1.13424578257345
2003	1.13514527343045
2003.071	1.12325668935771
2003.115	1.12325668935771
2003.216	1.12803993949713
2003.036	1.12611462177297
2003.151	1.11828472666195
2003	1.12358295222203
2005	1.12637967286342
2005.603	1.12918684852985
2005.715	1.13299797574197
2005.718	1.12806671241573
2005.699	1.12980218795226
2005.679	1.12792621951207
2005.685	1.12774107568532
2005	1.12857107300518
2005.682	1.12918684852985
2005.759	1.13106413307453
2005	1.12857119128094
2005.496	1.12352884633658
2006.271	1.12339466644126
2005	1.12857107300518
2007.142	1.13135850804847
2007.118	1.12660478444298
2007.137	1.12600139051769
2007.06	1.12820923638145
2007.06	1.1234550079639
2007.077	1.12660478444298
2007.123	1.12472957216353
2007.134	1.1243914155148
2007.082	1.12472945429038
2007.123	1.1234550079639
2007.099	1.12682144078068
2007.099	1.12881815337116
2007.153	1.12824995842412
2007.115	1.12824995842412
2007.121	1.12759984450596
2007.178	1.12572753292432
2007.173	1.13012490609981
2007.096	1.12918684852985
2007.047	1.12886361919696
2007.184	1.12792621951207
2007.099	1.13106413307453
2007.145	1.12698998695683
2007.079	1.12918684852985
2006.989	1.12792621951207
2007.077	1.13106413307453
2007.178	1.13264003608336
2007.181	1.13170067055371
2007.096	1.13044499725374
2007.099	1.13044499725374
2007.156	1.13044499725374
2007.153	1.13170067055371
2007.178	1.12824995842412
2007.079	1.12572753292432
2007.137	1.12741279155337
2007.107	1.12792621951207
2007.153	1.12886361919696
2007.142	1.12980218795226
2007.118	1.13545288644442
2007.118	1.12754420886283
2007.079	1.13358057167588
2007.077	1.12792621951207
2007.077	1.13138371010286
2007.066	1.13106413307453
2007.077	1.13232359268755
2007.104	1.13138371010286
2007.082	1.13200453139856
2007.085	1.13138382867339
2007.079	1.12792621951207
2007.085	1.13232359268755
2007.153	1.13232359268755
2007.145	1.12731423384614
2007.175	1.12731423384614
2007.03	1.1329461030205
2007.153	1.12980230635705
2007.134	1.12918684852985
2007.162	1.12982544192705
2007.079	1.13200453139856
2007.121	1.12994369497377
2007.178	1.13262492810898
2007.118	1.13358057167588
2007.077	1.12980218795226
2006.962	1.1329461030205
2007.134	1.11751687593656
2007.115	1.11810040053228
2007.104	1.12539750105966
2007.14	1.12352884633658
2007.068	1.12065279327945
2007.077	1.12226207756422
2007.115	1.12506481215063
2007.079	1.11937785292641
2007.181	1.1225962638108
2007.041	1.12379354465393
2007.099	1.1244625914418
2007.088	1.12506481215063
2007.079	1.12727082158622
2007.082	1.12506481215063
2007.145	1.12506493005893
2007.118	1.12506481215063
2007.066	1.12759984450596
2007.118	1.12633357712738
2007.077	1.12412940182968
2007.041	1.12633357712738
2007.041	1.12633357712738
2007.153	1.12379354465393
2007.115	1.12566653357012
2007.159	1.12065279327945
2007.085	1.12192522653197
2007.173	1.12099281416706
2007.107	1.12600139051769
2007.077	1.12472945429038
2007.14	1.12498876069342
2007.115	1.12914882346244
2007.011	1.12217804658663
2007.008	1.11868335063994
2007.058	1.12539750105966
2007.134	1.12232626347975
2007.195	1.12731423384614
2007.134	1.12232626347975
2007.175	1.12792621951207
2007.101	1.12731423384614
2007.14	1.12206613495692
2007.088	1.12792621951207
2006.989	1.12918684852985
2007.159	1.13425531212869
2007.137	1.1345222792753
2007.153	1.12806671241573
2007.068	1.12918684852985
2007.085	1.13012490609981
2007.082	1.12918684852985
2007.079	1.1260549195945
2007.115	1.13420461030661
2007.088	1.12292779713857
2007.126	1.12731423384614
2007.118	1.13420461030661
2007.068	1.12918684852985
2007.175	1.13295387328869
2007.137	1.12792621951207
2007.14	1.12039940223778
2007.145	1.12319515761336
2007.14	1.13170067055371
2007.14	1.1260549195945
2007.137	1.1260549195945
2007.153	1.1260549195945
2007.137	1.1260549195945
2007.118	1.12698998695683
2007.137	1.12763585773727
2007.126	1.12763585773727
2007.058	1.11946992042758
2007.162	1.12479312538381
2007.115	1.12853775242509
2007.126	1.12226207756422
2007.118	1.12512101549235
2007.107	1.12512101549235
2007.077	1.1260549195945
2007.137	1.12637967286342
2007.118	1.12459150566684
2007.137	1.12512101549235
2007.121	1.12950745219992
2007.195	1.12512101549235
2007.115	1.12479312538381
2007.173	1.12292779713857
2007.06	1.12460304114004
2007.101	1.12792621951207
2007.123	1.12666310531938
2007.099	1.12792621951207
2007.118	1.12792621951207
2007.14	1.12886361919696
2007.101	1.12698998695683
2007.156	1.12698998695683
2007.099	1.12886361919696
2007.085	1.12792621951207
2007.096	1.12573654647606
2007.068	1.12352884633658
2007.164	1.12479312538381
2007.041	1.12385988076488
2007.153	1.12479312538381
2007.079	1.12226207756422
2007.192	1.12352884633658
2007.03	1.12226207756422
2007.041	1.12572753292432
2007.047	1.12572753292432
2007.058	1.1244625914418
2007.178	1.1244625914418
2007.088	1.12073457878478
2007.066	1.12698998695683
2007.134	1.1225962638108
2007.115	1.1260549195945
2007.079	1.12385988076488
2007.077	1.1244625914418
2007.079	1.12226207756422
2007.126	1.12006156368665
2007.079	1.12133015974884
2007.159	1.12166484193526
2007.134	1.1191314731611
2007.195	1.12020146367961
2007.096	1.12133015974884
2007.173	1.1222621951788
2007.063	1.1225962638108
2007.038	1.12226207756422
2007.096	1.1225962638108
2007.06	1.1225962638108
2006.962	1.12352884633658
2007.077	1.1225962638108
2007.173	1.12039940223778
2007.063	1.1225962638108
2007.06	1.1225962638108
2007.03	1.12099281416706
2006.929	1.1260549195945
2007.107	1.1244625914418
2007.104	1.1225962638108
2007.099	1.11848017752083
2007.063	1.12259651298208
2007.142	1.12352884633658
2007.079	1.12065279327945
2007.142	1.12385988076488
2007.162	1.12479312538381
2007.082	1.12006156368665
2007.115	1.11946980310564
2007.192	1.12385988076488
2007.162	1.12637967286342
2007.058	1.12006156368665
2007.077	1.12666310531938
2007.159	1.12133015974884
2007.096	1.12698998695683
2007.118	1.12792621951207
2007.066	1.1260549195945
2007.115	1.12572753292432
2007.175	1.12226207756422
2007.121	1.12146983105657
2007.178	1.12479312538381
2007.121	1.1225962638108
2007.06	1.12712997447611
2007.134	1.12506481215063
2007.115	1.12319515761336
2007.115	1.12319515761336
2007.115	1.12539750105966
2007.027	1.12285880271504
2007.137	1.1244625914418
2007.156	1.12319515761336
2007.115	1.12352884633658
2007.173	1.12133015974884
2007.181	1.1244625914418
2007.082	1.12285880271504
2007.118	1.12727082158622
2007.063	1.11682043114521
2007.079	1.12124348235767
2007.126	1.12727082158622
2007.126	1.12600139051769
2007.014	1.12506481215063
2007.156	1.12360035868213
2007.173	1.12285880271504
2007.096	1.12285880271504
2007.068	1.12285880271504
2007.162	1.1234550079639
2007.099	1.12285880271504
2007.14	1.12192522653197
2007.066	1.12285880271504
2007.079	1.12158569879017
2007.115	1.12192522653197
2007.063	1.12285880271504
2007.099	1.12539750105966
2007.099	1.12412940182968
2007.123	1.12506481215063
2007.104	1.12539750105966
2007.096	1.12539750105966
2007.096	1.12192522653197
2007.2	1.12539750105966
2007.068	1.13106413307453
2007.058	1.13106413307453
2007.181	1.13106413307453
2007.058	1.13200453139856
2007.195	1.12853775242509
2007.156	1.12853775242509
2007.126	1.13106413307453
2007.192	1.13515039728348
2007.164	1.1351502783182
2007.192	1.13326464695211
2007.173	1.13326464695211
2007.192	1.13326464695211
2007.164	1.1329461030205
2007.189	1.13326464695211
2007.156	1.12633357712738
2007.079	1.12759984450596
2006.274	1.12106710516793
2007.085	1.13326511595031
2007.058	1.12886361919696
2007.153	1.12633357712738
2007.107	1.12820923638145
2007.101	1.12820923638145
2007.096	1.13041708224521
2007.096	1.12988507995948
2007.096	1.1282093546193
2007.104	1.12820923638145
2007.101	1.13008958478258
2006.967	1.1294768310218
2007.173	1.12666310531938
2007.156	1.13200453139856
2007.077	1.13232359268755
2007.077	1.13326464695211
2007.077	1.12792621951207
2007.099	1.13388884989298
2007.142	1.13168284045739
2007.153	1.13168284045739
2007.049	1.13168284045739
2007.077	1.13388884989298
2007.137	1.1294768310218
2007.173	1.12506481215063
2007.134	1.12512101549235
2007.173	1.13232359268755
2007.123	1.12759984450596
2007.068	1.13326464695211
2007.068	1.12759984450596
2007.123	1.13041708224521
2007.121	1.12853775242509
2007.068	1.12853775242509
2007.101	1.13168284045739
2007.099	1.12867949135156
2007.058	1.12853775242509
2007.123	1.13420687484486
2007.096	1.13106413307453
2007.068	1.13200453139856
2007.121	1.1329461030205
2007.115	1.14467962383339
2007.162	1.14515253125552
2007.027	1.15267647456451
2007.162	1.14296294706574
2007.153	1.14485998067643
2007.173	1.14420396842087
2007.178	1.14296294706574
2003.729	1.12385988076488
2005.266	1.12479312538381
2005.449	1.11820254066477
2006.2	1.13231103044336
2006.321	1.13601507217111
2006.271	1.13291255095763
2006	1.13294257954091
2005	1.12331855923459
2005.033	1.1310773454562
2005.055	1.13138962580252
2003.688	1.12576891127305
2003.589	1.12576891127305
2005	1.13577743324889
2004	1.12955958000446
2010.112	1.12446270928699
2010.112	1.1244625914418
2005.6	1.12379354465393
2005.69	1.12225562689693
2005.663	1.12217804658663
2005.611	1.12285880271504
2003.03	1.12857107300518
2003.17	1.11807809116431
2008.027	1.1289063735796
2008.008	1.12764489344909
2008.481	1.14047354396886
2008.44	1.13138371010286
2008.437	1.13358057167588
2008.437	1.13452239817475
2007	1.13200453139856
2008.469	1.13106413307453
2008.478	1.13483507491298
2007.995	1.13203637738072
2008.122	1.12918684852985
2008.434	1.13076247314694
2007.981	1.12853775242509
2008.036	1.13014082937508
2007.962	1.12731435199018
2007.945	1.12451403397386
2007.849	1.12418827272166
2008.016	1.12553870657468
2008.123	1.12918684852985
2008.484	1.1345222792753
2008.497	1.13170067055371
2008.12	1.13358057167588
2008.077	1.13640921829116
2008.074	1.13577787722054
2008.94	1.12727082158622
2008.123	1.12385988076488
2008.108	1.13577787722054
2008.623	1.13451263599504
2008.88	1.13639419449639
2008.847	1.14077336287596
2008.861	1.13497564574938
2008.842	1.1370301137426
2008.833	1.13952807371397
2008.776	1.13717095647617
2008.776	1.13952807371397
2008.814	1.1338938889075
2008.828	1.13264003608336
2008.839	1.13483507491298
2008.6	1.13103152229934
2008.063	1.13388884989298
2008.016	1.13204975631413
2007.868	1.12853775242509
2008.055	1.12539775085271
2008.333	1.13230111038881
2008.041	1.12539750105966
2008.896	1.13357377565928
2008.915	1.13326511595031
2008.825	1.13730005100068
2009.033	1.13012490609981
2007.948	1.12609056164678
2008.038	1.13078945310825
2008.117	1.13012903887896
2007.997	1.12576783194597
2008.041	1.12952665347805
2008.137	1.13138371010286
2009.023	1.13420687484486
2009.088	1.12888957496208
2008.112	1.13295387328869
2008.921	1.13608710726128
2008.858	1.13858377868618
2008.801	1.13170067055371
2008.148	1.12792621951207
2008.533	1.13545288644442
2008.16	1.1351456724128
2008.342	1.12918684852985
2008.036	1.12858518516847
2007.863	1.1289063735796
2008.71	1.12982544192705
2008.022	1.12888957496208
2007	1.12698998695683
2008.437	1.13797429482191
2008.444	1.13797429482191
2008.984	1.13048077826139
2008.137	1.14017115639492
2007	1.13508398474825
2008.085	1.13733667357221
2008.538	1.13295387328869
2008.828	1.13138371010286
2008.839	1.13138371010286
2008.885	1.12950745219992
2008.866	1.12824995842412
2008.899	1.13012490609981
2008.885	1.13138371010286
2008.883	1.13012490609981
2008.861	1.13264003608336
2008.85	1.13138371010286
2008	1.13264003608336
2008.844	1.13138371010286
2008.56	1.12666310531938
2008.563	1.13170067055371
2008.555	1.13358057167588
2008.022	1.12826135248943
2008.71	1.13201502611683
2007.992	1.12544246201657
2008	1.13612979116598
2009.016	1.12982544192705
2008.989	1.12505780314004
2008.984	1.12599243055822
2009.14	1.12631989426653
2009	1.13321269927336
2009.233	1.13602518342557
2007	1.13609485932857
2009.118	1.13138371010286
2009.134	1.12637967286342
2009.323	1.13420461030661
2009.162	1.12792621951207
2009.121	1.13044499725374
2009.323	1.13262517950622
2009.323	1.13326464695211
2009.023	1.1370301137426
2007	1.1370406198365
2007	1.13672096586304
2007	1.13609485932857
2009.052	1.14228492848531
2009.036	1.13573234984805
2008.489	1.12880331133844
2009.085	1.12439392340352
2008.634	1.13510211566432
2009.414	1.12851544961598
2008.959	1.13483507491298
2008.191	1.12950745219992
2009.129	1.13200453139856
2009.014	1.12572753292432
2009.321	1.1345222792753
2009.326	1.13358069047664
2009	1.11786116696241
2009.325	1.13367082551633
2009.707	1.13035550886131
2009.321	1.13076247314694
2009.323	1.13076247314694
2009.323	1.13076247314694
2009.319	1.12950745219992
2009.319	1.13044511572589
2009.315	1.13044499725374
2009.318	1.12792633772025
2009.326	1.12950745219992
2009.323	1.12670180446797
2009.323	1.12795487032406
2009.323	1.12670180446797
2009.318	1.12670180446797
2009	1.12418827272166
2009.323	1.12451403397386
2008.934	1.11972105123427
2008.934	1.1191314731611
2009.325	1.11693278657335
2009.348	1.12385988076488
2009.348	1.12385988076488
2009.353	1.12479312538381
2009.332	1.12385988076488
2009.323	1.12385988076488
2009.318	1.12385988076488
2009.322	1.11761407229639
2009.329	1.11761407229639
2009.326	1.11634825907199
2009.323	1.11761407229639
2009.373	1.11854136043099
2009.205	1.1244625914418
2009	1.12853677945438
2009.162	1.1235210055715
2009.312	1.12572260782152
2009.162	1.12947119198273
2009.625	1.11897370185431
2009.575	1.12698998695683
2008	1.1290611765392
2009.315	1.12325668935771
2009.322	1.12824995842412
2009.323	1.12824995842412
2009.323	1.12824995842412
2009.162	1.11314656216985
2009	1.12039940223778
2007	1.11727476427603
2008.937	1.12319203595995
2007	1.13797429482191
2008.672	1.13196562862215
2009.112	1.12232626347975
2009.086	1.11980547243815
2009.462	1.12139699317101
2009.473	1.127021326089
2009.323	1.12827128324452
2009.186	1.1260549195945
2008.842	1.12960895710079
2009.537	1.12952957195426
2009.43	1.1260549195945
2009.163	1.13575792551605
2009.041	1.12638091722869
2009.808	1.13148028159752
2009.67	1.12633357712738
2009.538	1.12566653357012
2008.975	1.12984732488161
2009.153	1.12984732488161
2009.323	1.13138371010286
2009.007	1.12483717623224
2009.527	1.13420472917278
2009.077	1.12950745219992
2008.844	1.1245051791407
2009.5	1.12479312538381
2009.499	1.1310773454562
2009.522	1.13922515257221
2009.456	1.13672096586304
2009.573	1.13672096586304
2008.877	1.12920547594576
2010.627	1.12512113340654
2010.104	1.12512113340654
2010.016	1.12512113340654
2008.861	1.12795487032406
2008.992	1.12795487032406
2009.041	1.12795487032406
2009.329	1.12390659742926
2009.323	1.12515771115171
2009.323	1.12393403077795
2009.318	1.12172425452163
2009.318	1.12172425452163
2009.337	1.12079663475189
2009.326	1.12079663475189
2009.323	1.12172425452163
2009.321	1.12172425452163
2009.323	1.12547565033161
2009	1.12232626347975
2008.943	1.12888957496208
2009.318	1.12731423384614
2009.34	1.1260549195945
2009.326	1.1260549195945
2009.323	1.1260549195945
2009.326	1.1260549195945
2009.049	1.12385988076488
2008.997	1.12857107300518
2009.033	1.12791272962662
2009.085	1.12757950485041
2008.713	1.13014082937508
2009.162	1.1338938889075
2009.126	1.13264003608336
2008.79	1.12982544192705
2009.068	1.13076259165236
2009.326	1.1310773454562
2009.036	1.13201502611683
2009.118	1.13764065693853
2009.326	1.12827128324452
2009.132	1.13326511595031
2009.352	1.13387986395133
2009.319	1.1304067655123
2009.345	1.12950745219992
2009.332	1.12857107300518
2009.323	1.12950745219992
2009.321	1.12950745219992
2009.318	1.12982544192705
2009.314	1.12920547594576
2009	1.1225903607528
2008.117	1.1345222792753
2009.086	1.12857107300518
2009.025	1.13264015478555
2009.011	1.13483519384522
2009.323	1.13483507491298
2009.323	1.13483507491298
2009.121	1.13358057167588
2009.318	1.12950745219992
2009.315	1.12950745219992
2009.321	1.12950745219992
2009.326	1.13138371010286
2009.326	1.13358057167588
2009.319	1.13232359268755
2009.319	1.13669870652812
2009.326	1.13669870652812
2009.329	1.13295387328869
2009.323	1.14485998067643
2009.323	1.13669870652812
2009.323	1.13669870652812
2009.321	1.13295387328869
2009.318	1.13295387328869
2009.118	1.13420461030661
2009.167	1.1338938889075
2009.099	1.13201502611683
2009.052	1.13545288644442
2009.318	1.13358057167588
2009.323	1.13232371135659
2009.326	1.1338938889075
2009.323	1.13232678842609
2009	1.13322047136999
2009	1.1304067655123
2009.162	1.13133028647655
2009.247	1.12664472395392
2009.163	1.13180483849431
2009.163	1.12795487032406
2009.086	1.12982544192705
2009.163	1.13232678842609
2009.137	1.13608710726128
2009.137	1.13483507491298
2009.163	1.13264003608336
2009.137	1.13358057167588
2009.438	1.13170067055371
2009.085	1.13322047136999
2009.148	1.13420461030661
2009.319	1.13295387328869
2009.548	1.13201502611683
2009.326	1.13577743324889
2009.326	1.13577743324889
2009.321	1.13577743324889
2009.323	1.13577743324889
2009.318	1.13577743324889
2009.321	1.1345222792753
2009.318	1.13483507491298
2008.653	1.13672096586304
2008.657	1.13420687484486
2008.802	1.13891965245078
2008.762	1.13766567470726
2008.6	1.13577743324889
2009.153	1.12980218795226
2009.11	1.13546516082969
2009.167	1.12666310531938
2009.145	1.13264003608336
2009.399	1.13085125289811
2009.137	1.13358057167588
2009.112	1.12982544192705
2009.156	1.13922515257221
2009.156	1.13420461030661
2009.151	1.13264003608336
2009.137	1.13264003608336
2009.112	1.12918684852985
2009.107	1.13138371010286
2009.104	1.13232359268755
2009.036	1.13264003608336
2009.142	1.13232359268755
2009.137	1.13358057167588
2009.074	1.13358057167588
2009.115	1.13138371010286
2009.363	1.13246463332183
2009.118	1.13264003608336
2009.216	1.12918684852985
2009.195	1.13106413307453
2009.186	1.1345222792753
2009.184	1.1345222792753
2009.162	1.13170067055371
2009.159	1.13012502453842
2009.323	1.12950745219992
2009.323	1.12950745219992
2009.082	1.12918684852985
2009.077	1.13044499725374
2009.077	1.12918684852985
2009.326	1.13138371010286
2009.167	1.13264003608336
2009.132	1.13138371010286
2009.14	1.13264003608336
2009.118	1.13138371010286
2009.159	1.13232359268755
2009.159	1.13138371010286
2009.167	1.13358057167588
2009.225	1.13358057167588
2009.162	1.1345222792753
2009.134	1.12792621951207
2009.184	1.13138371010286
2009.137	1.13106413307453
2009.145	1.13264003608336
2009.107	1.13138371010286
2009.195	1.13264003608336
2009.148	1.13138371010286
2009.142	1.13044499725374
2009.11	1.13138371010286
2009.162	1.12759984450596
2009.112	1.1260549195945
2009.115	1.12633357712738
2009.145	1.12698998695683
2009.134	1.12539750105966
2009.112	1.12731423384614
2009.093	1.12725124087384
2009.079	1.12759984450596
2009.077	1.12759984450596
2009.058	1.12759984450596
2009.118	1.12666310531938
2009.137	1.12666310531938
2009.222	1.12572753292432
2009.093	1.12698998695683
2009.137	1.12572753292432
2009.156	1.13545288644442
2008.146	1.12932710892928
2007	1.13200453139856
2008.486	1.12379354465393
2008.59	1.12379354465393
2008.574	1.11972105123427
2007	1.12950745219992
2006	1.13519797181137
2004	1.13797429482191
2007.395	1.13638140293067
2007.364	1.13703183893553
2007.351	1.1332055098005
2007.351	1.13703183893553
2007.395	1.13386441166536
2007.375	1.13830223715133
2008.82	1.13388884989298
2008.762	1.1332055098005
2008	1.13917925611893
2008	1.13917925611893
2008.781	1.14111833903852
2007.971	1.13640506708572
2008	1.13696158728705
2008	1.13255475942934
2007.499	1.13291893377304
2007.364	1.14115691248743
2007.556	1.13259030831469
2007.354	1.14020416202803
2007.351	1.13448348025066
2007.107	1.13703183893553
2007.088	1.13798154182914
2007.088	1.13798154182914
2007.386	1.13386441166536
2007.444	1.13481107362511
2008.016	1.12796726272812
2008.139	1.12926584432317
2008.011	1.13081386667589
2008.183	1.12926584432317
2008.954	1.12986380255763
2008.861	1.13246115620513
2008.5	1.12477572168173
2008.858	1.12986380255763
2008.536	1.12796726272812
2008.746	1.12761307785134
2008.746	1.1285612494116
2008.678	1.1285612494116
2008.648	1.12536235314505
2008.522	1.13116376977717
2008.055	1.1315109056439
2007.211	1.14433719457261
2007.058	1.14147102790332
2006.504	1.13640506708572
2006.392	1.13640506708572
2006	1.13192500527212
2004	1.13106413307453
2006	1.14050687819975
2006	1.14176280421132
2005.573	1.13324489122752
2005.605	1.12881815337116
2006.334	1.13483277397274
2005.989	1.12792621951207
2006.816	1.1229308558788
2006	1.10832090666432
2007.011	1.13135850804847
2006.759	1.12792621951207
2006.545	1.12418827272166
2006.57	1.13200453139856
2006.564	1.13735445361591
2006.584	1.13168284045739
2006.447	1.13420687484486
2006.384	1.13041708224521
2006.463	1.13232359268755
2006.033	1.13232359268755
2007.101	1.13074192772279
2007.126	1.12914882346244
2008.716	1.12065279327945
2006.008	1.12352884633658
2006	1.13608710726128
2006	1.13076247314694
2006.121	1.12763585773727
2006.493	1.13074192772279
2004.809	1.14017115639492
2001	1.12073457878478
2004.697	1.12980218795226
2005.929	1.13797429482191
2005.912	1.13797429482191
2006.921	1.13420687484486
2006.225	1.13012490609981
2006.244	1.13106413307453
2007.789	1.12698998695683
2007.767	1.12824995842412
2007.104	1.13483507491298
2007.047	1.13232678842609
2007.137	1.13232678842609
2007.14	1.13483507491298
2007.162	1.13264003608336
2007.162	1.13076247314694
2008.096	1.13861156173746
2007.863	1.12166484193526
2007	1.12670180446797
2007	1.12576891127305
2007	1.12576891127305
2007	1.12576891127305
2007	1.12576891127305
2007	1.12576891127305
2007	1.12576891127305
2007	1.12576891127305
2007	1.12576891127305
2007	1.12576891127305
2007	1.12576891127305
2007	1.12576891127305
2007	1.12576891127305
2007	1.12576891127305
2007	1.12576891127305
2007	1.12576891127305
2007	1.12576891127305
2007	1.12576891127305
2007	1.12576891127305
2007	1.12576891127305
2007	1.12483717623224
2007	1.12576891127305
2007	1.12920547594576
2007	1.12576891127305
2007	1.12576891127305
2007	1.12576891127305
2007	1.12576891127305
2007	1.12576891127305
2007	1.12920547594576
2007	1.12576891127305
2007	1.12576891127305
2008.79	1.13232359268755
2007.658	1.13076259165236
2008.138	1.13764065693853
2007.959	1.13736796510143
2007	1.12576891127305
2007	1.12576891127305
2007	1.12576891127305
2008.005	1.13058502429581
2008.116	1.12232638110105
2008.092	1.12451403397386
2008.169	1.12920547594576
2008.094	1.12483717623224
2008.137	1.12731448406462
2008.085	1.12763585773727
2008.074	1.12437450930377
2007.925	1.12483717623224
2007	1.12358295222203
2007.718	1.12422763662136
2008.022	1.12920333646218
2008.003	1.1251144399879
2008.074	1.12731435199018
2007.51	1.12522877657105
2008.066	1.13031879569355
2008.131	1.12886373750338
2007.748	1.13138371010286
2007.929	1.13012490609981
2007.923	1.13012490609981
2007.795	1.13264003608336
2007.997	1.13483507491298
2008.026	1.13090176099249
2008.027	1.12984732488161
2008.563	1.13797429482191
2008.486	1.14017115639492
2008.437	1.13703023290488
2008.434	1.1370301137426
2008.443	1.13524290824917
2008.499	1.1364949992004
2008.434	1.13703036611761
2007	1.13135850804847
2007	1.1345222792753
2007	1.13264003608336
2007.806	1.12417664928891
2007.638	1.13672096586304
2007.827	1.13546516082969
2009.023	1.13514527343045
2009.163	1.12292779713857
