1976	1.13311156405514
1977	1.13333298080783
1979	1.13060177642763
2005	1.16073602916213
2005	1.1601091274411
1975	1.14712043938321
1975	1.14873531288592
1971	1.13272185159001
1970	1.15037412395588
1967	1.14907371665239
1966	1.15895867063873
1961	1.1547979614189
1957	1.15759194943749
1977.312	1.14329706698145
1977.293	1.13816371636195
1977.293	1.14520045223253
1977.312	1.14232768700472
1977.312	1.13278048534128
1977.312	1.14424232598103
1977.277	1.13311156405514
1977.277	1.13121752081901
1977.277	1.13216394832066
1977.277	1.13406037001237
1977.277	1.13533796975075
1977.277	1.13438823898534
1977.277	1.13533771644032
1977.277	1.12960433712431
1977.293	1.1440704380183
1977.293	1.1401030321548
1977.293	1.14041571582319
1977.293	1.1363700252915
1977.293	1.13882232307937
1977.312	1.14584843994214
1977.312	1.1401030321548
1977.312	1.13088541166996
1977.312	1.14099508803709
1977.293	1.14086189051775
1977.293	1.14022730924797
1977.293	1.14315776851644
1977.293	1.14342822454648
1977.293	1.14297663664137
1977.293	1.14105969503041
1977.293	1.14329718742385
1977.293	1.14233852829628
1978.052	1.14460859834366
1978.052	1.14616937959753
1978.014	1.1401030321548
1978.014	1.14297675705001
1978	1.14201756251817
1977.323	1.14777181088353
1977.323	1.14745889796153
1977.323	1.15381598097014
1977.323	1.15290897369756
1977.323	1.14873531288592
1977.293	1.15161286682496
1977.312	1.14516419409301
1977	1.1510667397747
1976	1.13149817659006
1976	1.13149805739064
1978	1.13108430425861
1977	1.12383271079791
1976	1.13915469646287
1977	1.14845482128727
1977	1.14941567029046
1977	1.14169390586003
1977	1.14169390586003
1977	1.15254930801198
1977	1.15158382172302
1978	1.13013361356368
1978	1.12883562770939
1978	1.13142901981543
1976	1.13501036818644
1976	1.1401072459335
1976	1.13915457645687
1976	1.13915457645687
1977	1.12492614110062
1977	1.13849437532121
1977	1.14169390586003
1978	1.14328903994935
1977	1.137539062273
1977	1.137539062273
1977	1.13756386882549
1977	1.15418228994177
1977	1.15418228994177
1977	1.15418228994177
1977	1.15545306325368
1977	1.15418228994177
1977	1.15418228994177
1977	1.15418228994177
1976	1.13658495112833
1975	1.13529981215042
1977	1.13462718657984
1976	1.13756386882549
1981	1.14190146640256
1980	1.14190146640256
1978	1.1332489080545
1976	1.14073734614593
1976	1.14680952057924
1977	1.13786753601332
1976	1.1439034174912
1977	1.13798756180657
1977.277	1.13187380672838
1979.989	1.15109898128966
1979.989	1.14717788812327
1979.989	1.15613952900481
1979.989	1.14975059590632
1979.989	1.14975059590632
1979.907	1.14238723626162
1979.989	1.1532425423903
1979.989	1.15411832680477
1979.989	1.15071252901289
1979.989	1.1519787947356
1979.989	1.15324266325166
1979.989	1.15546900043941
1978	1.12326678566195
1978	1.12737632068027
1978	1.1260908368058
1978	1.12965867048844
1980	1.14650407077215
1980	1.14301931170153
1980	1.14361445308797
1980	1.14265351405963
1980	1.14361433261215
1979	1.12504759136072
1987	1.15199367687686
2003	1.15321393461819
1985	1.13047883802251
1985	1.13047883802251
1985	1.1272887220208
1987	1.14070666813009
1988	1.12351221304268
1988	1.13563203987184
1988	1.13563203987184
1987	1.13945101232975
1987	1.13244670380247
1986	1.13638055489861
1980	1.14136754610407
1981	1.14037212517808
1981	1.14392413086459
1981	1.14714661305042
1981	1.14392413086459
1981	1.14236071496919
1981	1.14392413086459
1977	1.13566238337625
1977	1.13661252965002
1977	1.13438823898534
1977	1.13533771644032
1934	1.10902134811321
1931	1.08674103059868
1931	1.08586385515538
1942	1.08309277270243
1931	1.08832509732417
1931	1.08950997891451
