1976	40.0787401574803
1977	39.6850393700787
1979	39.1431046703946
2005	40.9797083069119
2005	41.1023622047244
1975	40.4788155615057
1975	40.3937007874016
1971	39.7637795275591
1970	40.0787401574803
1967	40.2362204724409
1966	40.7874015748031
1961	40.8387654127071
1957	41.0743736747035
1977.312	40.2362204724409
1977.293	39.9212598425197
1977.293	40.4724409448819
1977.312	40
1977.312	40
1977.312	40.4724409448819
1977.277	40.0787401574803
1977.277	40.0787401574803
1977.277	40.0787401574803
1977.277	40.0787401574803
1977.277	40.1701323251418
1977.277	40.1574803149606
1977.277	40.1574803149606
1977.277	39.9212598425197
1977.293	40.1958461659954
1977.293	40.1574803149606
1977.293	40.0442303135613
1977.293	39.9337068897482
1977.293	40.0787401574803
1977.312	40.3937007874016
1977.312	40.1574803149606
1977.312	40
1977.312	40.3289577732089
1977.293	40.1042077840057
1977.293	40.1641284620847
1977.293	40.2525651144436
1977.293	40.2493883671376
1977.293	40.1574803149606
1977.293	40.1574803149606
1977.293	40.2425578831312
1977.293	40.2362204724409
1978.052	40.1679607035335
1978.052	40.2376237623762
1978.014	40.1574803149606
1978.014	40.163805323673
1978	40.1574803149606
1977.323	40.3937007874016
1977.323	40.3149606299213
1977.323	40.7279029462738
1977.323	40.4724409448819
1977.323	40.3937007874016
1977.293	40.7246947617172
1977.312	40.7279029462738
1977	40.7164838633315
1976	39.9275476452985
1976	39.9212598425197
1978	39.6062992125984
1977	39.3651292527697
1976	40.4000630020476
1977	40.7279029462738
1977	40.7279029462738
1977	40.0787401574803
1977	40.0787401574803
1977	40.6299212598425
1977	40.6299212598425
1978	39.6062992125984
1978	39.5275590551181
1978	39.6850393700787
1976	40.0787401574803
1976	40.3937007874016
1976	40.3937007874016
1976	40.3937007874016
1977	39.2913385826772
1977	40
1977	40.0787401574803
1978	40
1977	40
1977	40
1977	40.2362204724409
1977	40.5511811023622
1977	40.5511811023622
1977	40.5511811023622
1977	40.6299212598425
1977	40.5511811023622
1977	40.5511811023622
1977	40.5511811023622
1976	40
1975	39.9212598425197
1977	39.7637795275591
1976	40.2362204724409
1981	39.4488188976378
1980	39.4488188976378
1978	39.4488188976378
1976	40.1419558359621
1976	40.3937007874016
1977	40.0787401574803
1976	40.6299212598425
1977	40.4460849760465
1977.277	40.2425578831312
1979.989	40.4556166535742
1979.989	40.6031571507108
1979.989	40.6816932380429
1979.989	40.5246210633786
1979.989	40.5246210633786
1979.907	40.3244860990785
1979.989	40.6816932380429
1979.989	40.7454200884397
1979.989	40.5246210633786
1979.989	40.6031571507108
1979.989	40.6880842039117
1979.989	40.7666326290158
1978	39.7637795275591
1978	39.8425196850394
1978	39.7637795275591
1978	40.1574803149606
1980	40.0787401574803
1980	40.0094510514295
1980	40.0850527642148
1980	40.0787401574803
1980	40.0787401574803
1979	39.5275590551181
1987	39.7637795275591
2003	40.5575681209639
1985	39.6850393700787
1985	39.6850393700787
1985	39.6062992125984
1987	39.8425196850394
1988	39.6062992125984
1988	40
1988	40
1987	40.0063002047567
1987	39.9212598425197
1986	39.2913385826772
1980	40
1981	39.7637795275591
1981	39.9212598425197
1981	40
1981	39.9212598425197
1981	39.8519335276049
1981	39.9212598425197
1977	40.2362204724409
1977	40.2362204724409
1977	40.1574803149606
1977	40.1574803149606
1934	41.8074656188605
1931	41.0872810118627
1931	41.0743736747035
1942	41.4670541113642
1931	41.4670541113642
1931	41.5455901986963
