1979	1.06223305477659
1980	1.05557871185142
1980	1.05838042574563
1981.145	1.05027177959024
1981	1.04990435555059
1981	1.05352904444976
1981	1.04990435555059
1981	1.05027177959024
1981	1.04533037484315
1980	1.04579514085176
1998	1.06839582169531
1989	1.05568018027567
1987	1.04895394890481
1987	1.05396798381627
2005.074	1.073750797447
1992	1.04643833255949
1992.101	1.0523532636075
1992.016	1.05065139522384
1992	1.05103434470594
1994.005	1.05984685960273
1992	1.04743679453693
1999.455	1.05765392403638
1993	1.05114247839319
1995.803	1.07323287165276
2000.208	1.06258245780615
2000.208	1.06545730091102
2012.538	1.06119193559884
2013.636	1.08883541190549
2004.686	1.0707025568323
2011.896	1.09504153649897
2003.112	1.06744938519541
2001.038	1.09371365720113
1999.863	1.07951651861761
2001.868	1.05529471689199
2005.753	1.05976923188445
2006.34	1.06016877656388
2006	1.0631332597354
1997.31	1.06860350079566
1995.923	1.0452427930515
1998.882	1.03898385417095
1998.17	1.0590731966532
1994.101	1.06599145040113
1992.792	1.04602724576512
2005.266	1.08961213712095
2002.175	1.08652095868083
1999	1.08120897958322
2006.195	1.04496163213225
2007.847	1.05139397676835
2007.142	1.04666606777277
1993.173	1.05196695455134
1994	1.05423568700103
1994.011	1.05962232729809
1998	1.05217283733531
1998.458	1.05376528815347
1997.962	1.05376382493982
1997	1.05885381601532
1996.814	1.05413187032324
1985	1.03784116484864
1991	1.05142870327136
1994	1.05546275868248
1998	1.0416101276566
1995	1.05937898345783
1995	1.05483622897771
1995	1.04454558086759
1993	1.05025711836992
1998	1.09214241681308
2005.975	1.06991620741899
2005.868	1.07478375919075
2013.058	1.10037007302137
2012.385	1.09645758614972
2012.033	1.0765320854723
2009.233	1.08394151201638
2006.677	1.07391130529611
2011.619	1.11780914167645
2011.836	1.0681052198326
2011.833	1.06984409658155
2012.26	1.07370080739671
2011.855	1.07216924462873
2012.049	1.06920338228749
2011.948	1.07268046416298
2011.641	1.06140351199314
2011.562	1.0714473801695
2011.392	1.06313288606406
2012.481	1.06796539979405
2019	1.08531061521594
2019.729	1.10037677837748
2013.655	1.07735509654911
2012.046	1.07218957492732
2012.085	1.07370080739671
2011.816	1.07121758254286
2011.855	1.07231865265245
2013.468	1.07610528683444
2011.644	1.07246038440839
2011.63	1.07370080739671
2012.085	1.07121758254286
2013.751	1.06816472691783
2012.219	1.06959707421896
2012.079	1.07545164413393
2012.066	1.07596372347026
2012.003	1.07420991166153
2011.951	1.07420991166153
2012.128	1.07222024202431
2012.29	1.07471829126408
2012.295	1.07740784877592
2011.397	1.07071512776599
2011.244	1.07282736900195
2012.098	1.07792797592977
2012.227	1.06959707421896
2011.836	1.06959707421896
2014.148	1.07535772229126
2014.94	1.06785324956851
2014.175	1.0768422404563
2011.934	1.06573488277268
2012.107	1.07508628112267
2013.496	1.07545164413393
2012.025	1.06822977145214
2013.016	1.08726752975525
2014.093	1.09013005816827
2014	1.06284380859054
2014.808	1.06331987748591
2014.225	1.07171929063606
2013.036	1.06024288079159
2013.496	1.07246038440839
2010.89	1.10423013467422
2012.063	1.082549989703
2011.951	1.08445258913866
2015.107	1.07068914497786
2013.058	1.06480184068661
2013.268	1.06605875841276
2007.277	1.07358216633691
2009	1.07951639214311
2006.03	1.07514143685233
2009.03	1.06997239721711
2006.789	1.08021595513282
2009	1.0681052198326
2005.888	1.07653724850621
2016.15	1.08248639631643
2004.24	1.06273754893359
2003	1.10682039689275
2018.315	1.06226767113667
2003	1.05786286370218
2004.153	1.0541407507075
2000	1.05813386517523
2000	1.05311646457507
1999	1.06218557809265
1999	1.06768526942097
2003.099	1.07046615427204
2003.482	1.07842919635042
2004.287	1.07271264394156
2004.721	1.08083865917739
2006.236	1.08913718971052
2006.236	1.08688366584099
2008.369	1.07057716913521
2005.929	1.09081948953984
2007.31	1.08589013273031
2006.312	1.08124646620482
2012.366	1.10246477985448
2012.366	1.10246477985448
2012.366	1.10544733710072
2012.366	1.10544733710072
2011.981	1.07828133448766
2011.932	1.07846378031148
2011.882	1.08353909833679
2012.153	1.08421582374792
2011.014	1.08718975497313
2013.666	1.07842930937124
2013.329	1.1015731139178
2015.956	1.09499887455723
2015.956	1.09531406098015
2015.94	1.09411277394649
2015.882	1.09411277394649
2016.896	1.09411277394649
2015.934	1.09499887455723
2014.937	1.08752050967534
2010.915	1.083787633635
2010.915	1.08333128338191
2012.085	1.08530034807052
2011.748	1.08373313947323
2013	1.08547349513503
2013.044	1.08729503468793
2013	1.1048524852601
2013	1.08393085271043
2011.748	1.08630890448875
2010.915	1.08586385515538
2011.096	1.08455041201375
2011.096	1.09290918204854
2011.096	1.09290918204854
2011.047	1.09081948953984
2011.096	1.09081948953984
2011.096	1.09081948953984
2011.871	1.09468122745205
2011.871	1.09468122745205
2011	1.08553920932284
2011	1.0920925197165
2011	1.08553920932284
2012.852	1.08542912407981
2012.852	1.08542912407981
2011.871	1.09033179042645
2011.871	1.09033179042645
2013.038	1.10988254367353
2013.038	1.10988254367353
2013.038	1.11377970045174
2013.038	1.11377970045174
2013.036	1.1114424690167
2013.036	1.1114424690167
2013.038	1.11377970045174
2013.038	1.11377970045174
2013.036	1.10395856012376
2013.038	1.10425540258703
2013.038	1.10395856012376
2013.038	1.10425540258703
2012.866	1.09713028068019
2012.866	1.09713028068019
2015.438	1.09743526280991
2014.008	1.07706358169769
2011.014	1.09266036344251
2011.014	1.09266036344251
2011.666	1.08116820828764
2011.871	1.09064485063856
2011.871	1.09064485063856
2011.871	1.08945302214425
2011.871	1.08945302214425
2011	1.08650578099667
2010.915	1.09156954409204
2011	1.09740037347726
2013.833	1.09121162237809
2013.038	1.0920925197165
2013.038	1.0920925197165
2012.79	1.10658903734468
2012.863	1.08563898031031
2012.863	1.08563898031031
2012.863	1.08618241290268
2012.863	1.08618241290268
2012.186	1.08466289112701
2012.011	1.08050709460928
2011	1.08408310574728
2010.915	1.09302169292778
2011	1.08706252875688
2011	1.08825891630016
2011	1.09505238242133
2011.022	1.08674103059868
2012.79	1.08674103059868
2011.175	1.08825903035116
2011.175	1.08825903035116
2010.915	1.09271438545951
2011.833	1.08650578099667
2012.085	1.08825891630016
2011.773	1.08029717653383
2011.858	1.08029717653383
2011.277	1.08029717653383
2011.277	1.08029717653383
2012	1.09121162237809
2012.904	1.10395856012376
2012.904	1.10395856012376
2012.904	1.10187561944429
2012.904	1.10187561944429
2012.904	1.10306665261815
2012.904	1.10306665261815
2012.995	1.10485154982245
2011	1.08443624617572
2010.833	1.08969836338155
2010.833	1.08346372975735
2013.885	1.09797743765299
2010	1.09244765536461
2011	1.08825891630016
2011	1.09081948953984
2008.962	1.08466289112701
2009.096	1.08246071950505
2010.915	1.0838787228287
2011.852	1.08488249849463
2011.852	1.08488249849463
2009.019	1.08664034571291
2009.019	1.08664010452245
2009.134	1.08923296490732
2009.134	1.08937835826341
2009.134	1.08937797536741
2009.134	1.08937797536741
2009.134	1.0878487695155
2009.134	1.09025917086253
2009.96	1.08752050967534
2009.96	1.08872991113149
2007	1.08553920932284
2008	1.05099905766345
2009	1.03982473554457
2012.085	1.08312915332898
2009.845	1.07809155859661
2009.03	1.09468122745205
2009.019	1.09379466646193
2009.211	1.08598506738823
2013.038	1.10305355041536
2013.038	1.10305355041536
2013.036	1.11165320818971
2013.036	1.11165320818971
2013.038	1.09258814671123
2013.038	1.09258814671123
2013.038	1.09970452305736
2013.036	1.09970452305736
2013.036	1.09797743765299
2013.036	1.09797743765299
2013.036	1.09588605205746
2013.036	1.09588605205746
2009.481	1.09300874494961
2006.915	1.07949687674022
2007.962	1.08952654308033
2009.959	1.08983874425735
2009.079	1.09713028068019
2009.079	1.0953607159993
2009.627	1.09290918204854
2009.627	1.09297448416246
2008.025	1.08905523762328
2007.233	1.08534409953683
2008.809	1.10740092616067
2006.734	1.07271274058359
2007.099	1.07244229550639
2006.951	1.07401487325757
2004.954	1.08335078074778
2005.181	1.07915508039011
2005.074	1.08178235898076
2005.036	1.07968588154087
2005.216	1.08124646620482
2004.24	1.07918416039598
2003.351	1.09568867444711
2002.907	1.08894453420521
2001	1.08940624185301
2004	1.08367314745223
2008.306	1.0706315092521
2017	1.08863791168391
2016	1.08571965663139
2020.609	1.12536005656367
2001	1.07769050053796
2013.153	1.05668101823842
2012	1.09588976734383
2005.507	1.06785375190739
2005.507	1.06698375777927
2007.23	1.06860337559971
2008.73	1.05945571533354
2010.855	1.08072992648482
2008.306	1.06670929519981
2009.742	1.07058778161808
2008.254	1.06872519947472
2008.407	1.07096761573953
2009.145	1.06834644368742
2009.074	1.06593299108809
2008.287	1.06660444985791
2016.353	1.10367429359746
2011.817	1.07057716913521
2009	1.05843197668397
2010.414	1.07023385007946
2010.299	1.07357507583154
2009.668	1.05593207866468
2011.277	1.06006069399635
2010.863	1.07121758254286
2009.608	1.05560274853409
2010.767	1.0509035822172
2010.014	1.07624551090398
2010.592	1.08109013884075
2010.592	1.08144773840742
2017.967	1.10306217516662
2009.592	1.0765320854723
2005.679	1.07231876503289
2003	1.07158733543396
2013.162	1.09953088181689
2012.579	1.10257745636762
2006.255	1.0798475179268
2006.219	1.08233037272156
2007.907	1.07146976554874
2007.904	1.07487395893971
2014	1.08127444855263
2015	1.07671586523351
2011.773	1.0707894249111
2011.044	1.06488075326853
2015.011	1.09115996943923
2009.249	1.08037102699635
2014	1.05085329971853
2012.415	1.10149628878811
2014	1.05493041345811
2011.893	1.09645758614972
2012.923	1.09531406098015
2012.424	1.09906381859506
2011.236	1.0904950659704
2013.23	1.0931510302379
2011.973	1.09770973808533
2011.879	1.09917825957463
2011.833	1.09556886676483
2011.814	1.09828877690049
2012.369	1.09081948953984
2009.09	1.07996741979502
2011.088	1.08904121221701
2012.082	1.08515823541633
2010.86	1.08154936407941
2012.087	1.08584975916521
2015	1.10171340904241
2008.074	1.07881064318143
2009.203	1.08872979703114
2005.471	1.07775141746831
2006.137	1.06884016176168
2004	1.07573582196698
2004	1.07463052845612
2005	1.07084542182553
2006	1.06947363886365
2014.816	1.08804905700988
2010.803	1.08095188450587
2010.781	1.0839417540882
2008.415	1.06571586837634
2010.085	1.08466561096918
2012	1.06609835545319
2011.466	1.07267228476479
2017.378	1.07644795710278
2019.748	1.11865806266428
2016.298	1.07893581020754
2017.337	1.06191530219773
2018.964	1.0438579117449
2007	1.09405814143344
2007.252	1.07222024202431
2015.058	1.07485307158468
2014.521	1.05058351901712
2013.942	1.06994623767377
2005.912	1.06092272968304
2005.6	1.0744509360091
2004.26	1.07323275917652
2005.792	1.06599850342267
2006.693	1.06810574680537
2009.153	1.08180273652055
2006.805	1.08020815630446
2006.808	1.08020815630446
2006.792	1.08036708995061
2007.211	1.07726066541706
2006.838	1.08198023466752
2006.847	1.08319698432222
2005.855	1.08041793364997
2012.06	1.09638372086786
2007.285	1.08539004623179
2007.2	1.08414227496016
2011.619	1.08183867013759
2008.115	1.06868051201602
2008.074	1.0644143223473
2008.082	1.06480184068661
2009.942	1.05501735189521
2009.707	1.0571488115531
2012.008	1.06431471370776
2012.046	1.06648678455206
2010.603	1.07483623973943
2011.162	1.06634047045898
2011.688	1.06209162423827
2011.008	1.06840009459129
2011.008	1.06927853245314
2010.858	1.07123090325504
2009.058	1.0687883235853
2010.288	1.06498424115815
2010.285	1.07445587764768
2012.117	1.08483505919542
2010.729	1.0695568980097
2013.123	1.06250071881051
2009.468	1.08179206164196
2010	1.07248934201946
2010.666	1.07986557959542
2012.385	1.0949523624445
2013.389	1.07156503043112
2010.364	1.07821837849496
2010.364	1.08378134616065
2005.926	1.07866258392574
2008.519	1.09581670946845
2007.625	1.07165055250707
2005.471	1.07018665397794
2009.071	1.07533917994861
2008.705	1.07394411117804
2009.605	1.07411199240299
2008.667	1.09133253075941
2008.669	1.09221745472935
2007.37	1.0828597146025
2007.844	1.06867506926951
2008.672	1.07986557959542
2008.314	1.08756552402838
2007.6	1.07026832257224
2007.775	1.06816975723386
2007.77	1.06816975723386
2007.559	1.0690383644411
2007.89	1.06954514867111
2005.784	1.07128849825744
2006.901	1.0791935246757
2006.271	1.06756952843448
2016.779	1.10296226439393
2017.142	1.08745676235643
2005.74	1.06669928634434
2006.718	1.07638288124864
2006.704	1.07726066541706
2006.699	1.07726090599687
2006.693	1.07410366304458
2007.54	1.07323275917652
2009.211	1.08822748118171
2010.493	1.07698186197297
2011.91	1.07123090325504
2011.132	1.06986119598975
2010.841	1.06546300456693
2010.841	1.06458662129776
2010.614	1.0583532390086
2011.8	1.04886848304183
2011.545	1.05231074193809
2011.255	1.05188672227331
2011.247	1.05059512533582
2016.779	1.08265790279648
2017.219	1.08117473379045
2016.377	1.08869123069929
2016.377	1.08869123069929
2016.071	1.09355217010166
2013.811	1.08409888610761
2018.063	1.06419008287558
2017.414	1.07421627711361
2017.603	1.09660250668829
2018.027	1.10124169092695
2017.888	1.10077031665027
2017.252	1.07009330817031
2016.475	1.08640478944253
2016.227	1.07990829479289
2017.386	1.08125100653459
2017.197	1.07948436995037
2018.874	1.08041664679191
2018.671	1.07880630384276
2018.077	1.06686569761372
2018.786	1.07165733930297
2018.948	1.0800415601963
2018.863	1.07522593627925
2018.784	1.06709341338435
2017.953	1.05135485014965
2018.819	1.06458013492995
2018.91	1.06458013492995
2018.825	1.05729714124515
2017.693	1.0990949057775
2010.027	1.09344486125252
2012.12	1.0853239996394
2009.132	1.06937501877957
2011.658	1.07354045810507
2011.455	1.08949825993474
2012.12	1.09434537170335
2012.194	1.08804905700988
2012.063	1.0921848277089
2011.504	1.09524699504036
2011.392	1.09399195803295
2012.033	1.09003692535806
2011.238	1.096499594876
2011.912	1.09579722498344
2012.178	1.07784686247095
2010.89	1.09129252581081
2012.093	1.06284204520354
2012.798	1.06379685282939
2013.595	1.06418984666817
2014.904	1.06475726738129
2014.956	1.06496772929395
2012.312	1.0637105575638
2011.951	1.08860284328061
2012.216	1.08689914667266
2010	1.08860284328061
2010.699	1.08357425584013
2011.879	1.09809390695592
2010.641	1.10889258660295
2012.24	1.11039513791896
2012	1.11280061094278
2012	1.10766409946619
2007.356	1.10157931361597
2006.186	1.08305900318911
2006.178	1.08166597564514
2006.082	1.08129732977555
2006.929	1.07761500513691
2006.923	1.07761500513691
2010.148	1.09944446998493
2009.838	1.10223227896736
2006.953	1.10292306722249
2006.66	1.09415898730823
2006.03	1.07405964141335
2012.754	1.09115676393244
2009.233	1.08319698432222
2006.693	1.06480184068661
2008.246	1.0708839882119
2009.268	1.07844742610595
2009.266	1.07844742610595
2009.263	1.07720676688425
2009.26	1.07844742610595
2009.189	1.07296579536109
2009.759	1.06943215325252
2008.746	1.07808593988736
2011.945	1.06405859496712
2011.797	1.06758168060209
2010.685	1.0664979812791
2011.973	1.0600961011902
2011.238	1.06394499535842
2011.066	1.07548153866119
2009.397	1.0831790905492
2010.479	1.07128627247917
2011.663	1.07167842430505
2011.005	1.07471340429027
2011.184	1.0831790905492
2014.942	1.08398384749152
2010.556	1.07245454509822
2010.556	1.07623898242417
2011.247	1.06904152944765
2011.682	1.06347422579599
2009	1.07421002424017
2010.71	1.07757946277485
2010.71	1.07419948556604
2008.328	1.06883845546967
2011.616	1.06816472691783
2008.194	1.08605034764287
2010.685	1.08959819507904
2009.214	1.08693565459421
2011.392	1.05824111133793
2011.085	1.05984685960273
2012.771	1.07375042004379
2011.449	1.05525229979462
2012.292	1.05976693529204
2013.233	1.06118897592782
2012.025	1.05905818536044
2010.893	1.06158352561652
2011.263	1.08693729695716
2017.66	1.09015026850021
2016.74	1.11019971176385
2011.493	1.06729561590146
2014.512	1.08426884236217
2013.964	1.07688705421852
2011.496	1.07896618964853
2013.71	1.07735509654911
2011.027	1.07406462727492
2013.06	1.06698634851732
2012.601	1.06872482383792
2015.762	1.07157530386024
2016.432	1.07977487813688
2017.866	1.08822345636848
2017.584	1.08411387594805
2016.667	1.08232417113396
2018.005	1.07153036764615
2018.488	1.09338164655341
2018.003	1.09122081325983
2018.614	1.08473831337908
2017.885	1.09121670549912
2018.266	1.08556314831967
2016.91	1.06680616982772
2011.677	1.08427051252652
2014.189	1.08657735811428
2018.46	1.09639387487747
2017.063	1.08853917999153
2016.15	1.08835025428842
2017.392	1.09673660345014
2012.773	1.09999746776434
2017.367	1.09194327850735
2010.953	1.09156665019241
2012.702	1.07762820839904
2018.521	1.06657326677792
2019	1.07096785345133
2017.312	1.06894416997038
2017.052	1.0693296650505
2017.964	1.07195970217596
2017.704	1.07309677600939
2018.118	1.10185320060861
2018	1.09013418085857
2015.652	1.08515834914237
2015.041	1.08072992648482
2015.825	1.0765320854723
2016.915	1.07121758254286
2015.397	1.06723748266508
2015.186	1.08427039889352
2016	1.08693718304468
2011.647	1.06855574914816
2012.052	1.06941588142191
2007	1.06872482383792
2011.096	1.09468791327115
2013.285	1.06576105829194
2010.874	1.07001052886057
2011.34	1.08974388157407
2014.896	1.08002977545483
2015.323	1.08752050967534
2018.044	1.09886750409648
2017.156	1.09531406098015
2018.37	1.09828877690049
2018.332	1.09797743765299
2016.09	1.09258814671123
2016.74	1.08475831599423
2012.279	1.07672839217715
2011.912	1.08734934817945
2011.162	1.08258499286815
2010.756	1.10360643493521
2012.795	1.11201747603056
2010.033	1.0871121898302
2014	1.11073987707507
2012.314	1.1022924267504
2006	1.09242659286527
2005.66	1.0714975407712
2005	1.07497230876069
2008.672	1.08706566752194
2008.653	1.08353909833679
2011.696	1.08584975916521
2008.038	1.07705072023797
2017.543	1.12075004248153
2017.858	1.10127475566218
2010.978	1.1049431242002
2012	1.06307056547529
2013	1.03599109056488
2014	1.03517941626646
2015	1.08662300295343
2014	1.09943680419122
2011.918	1.08216894570885
2013.082	1.08143098019107
2014	1.08219804244462
2014	1.0731440090166
2016	1.08165512340951
2017.351	1.09002952183177
2014	1.07976000496031
2013	1.0666985037885
2013	1.06711077917023
2013	1.0679926186194
2015	1.08568690344312
2012.582	1.07837862254827
2010.923	1.06569597027645
2013	1.08143921636327
2013	1.08563213530503
2013	1.07321983417538
2014	1.08422059046502
2013	1.0670472698504
2014	1.07736854275745
2011.085	1.07325207200555
2015.805	1.10110901181816
2007.636	1.07811436767147
2005.951	1.08319693930183
2005.529	1.08584156970567
2005.526	1.08250497346418
2003	1.08863695311494
2003	1.08341638297795
2016	1.12070620213993
2015	1.10395856012376
1992	1.05184137304352
1995	1.05816866714424
1983	1.03990714780567
1985	1.05567317852015
1981.129	1.05473272614157
1992	1.05444855692991
1984	1.05803340586553
1981.112	1.05473272614157
1979.932	1.06223199964707
1979.932	1.05606828827619
