1979	40.6478496737165
1980	40.4460849760465
1980	40.7777690309376
1981.145	40.2104767140501
1981	40.131940626718
1981	40.3675488887144
1981	40.131940626718
1981	40.2104767140501
1981	40.0534045393859
1980	39.9748684520537
1998	40.8387654127071
1989	40.4874213836478
1987	39.5821880153931
1987	39.7392601900573
2005.074	40.3080066001414
1992	40.2890128013822
1992.101	39.6070726915521
1992.016	39.5884062524546
1992	39.5626868019506
1994.005	39.9025999528709
1992	39.4530022005659
1999.455	39.2989074903718
1993	39.6887771141151
1995.803	40.3738905034954
2000.208	40.2045633359559
2000.208	40.3675488887144
2012.538	39.8177962773895
2013.636	40.5246210633786
2004.686	40.9205152371976
2011.896	41.5358040201005
2003.112	40.7698350353496
2001.038	40.8515987116034
1999.863	40.2231125775788
2001.868	39.6607241027252
2005.753	39.3775053053525
2006.34	39.4570707070707
2006	39.5222754773317
1997.31	39.7517479770603
1995.923	39.3589441432948
1998.882	39.1232618430356
1998.17	40.1697979718576
1994.101	40.003143665514
1992.792	39.5036519280609
2005.266	40.9301594783565
2002.175	40.6159164113442
1999	40.4151596162919
2006.195	38.8090187760233
2007.847	38.7182910547397
2007.142	38.7968271420718
1993.173	39.5036519280609
1994	40.1603269412135
1994.011	40.174672489083
1998	40.0943396226415
1998.458	40.1101061738105
1997.962	40.0534045393859
1997	40.2389185790632
1996.814	40.131940626718
1985	40.2389185790632
1991	39.9308284860871
1994	40.0534045393859
1998	40.0062878251985
1995	39.2865561404887
1995	40.1697979718576
1995	39.4344069128044
1993	40.3961018547627
1998	41.5586456123812
2005.975	40.2700368945757
2005.868	40.131940626718
2013.058	40.4365577889447
2012.385	41.0743736747035
2012.033	40.131940626718
2009.233	40.4915708208603
2006.677	40.1382452281832
2011.619	41.2314458493678
2011.836	39.8177962773895
2011.833	39.8177962773895
2012.26	39.8963323647216
2011.855	40.131940626718
2012.049	40.0534045393859
2011.948	40.0534045393859
2011.641	39.5036519280609
2011.562	39.9748684520537
2011.392	39.5036519280609
2012.481	39.4251158407288
2019	41.1529097620357
2019.729	41.388518024032
2013.655	39.7392601900573
2012.046	39.278301133642
2012.085	39.8963323647216
2011.816	39.7392601900573
2011.855	39.9748684520537
2013.468	39.6607241027252
2011.644	39.8177962773895
2011.63	39.8963323647216
2012.085	39.7392601900573
2013.751	39.1109714914003
2012.219	39.5821880153931
2012.079	39.8963323647216
2012.066	39.8177962773895
2012.003	39.8177962773895
2011.951	39.8177962773895
2012.128	39.5821880153931
2012.29	39.7392601900573
2012.295	40.131940626718
2011.397	39.8177962773895
2011.244	39.9151410387365
2012.098	40.0534045393859
2012.227	39.5821880153931
2011.836	39.5821880153931
2014.148	39.5036519280609
2014.94	38.8753632294039
2014.175	39.8177962773895
2011.934	39.5036519280609
2012.107	39.8177962773895
2013.496	39.8963323647216
2012.025	39.6607241027252
2013.016	40.3675488887144
2014.093	40.2104767140501
2014	39.1447885552586
2014.808	39.1895075787324
2014.225	39.6607241027252
2013.036	39.2680436660645
2013.496	39.8177962773895
2010.89	41.2444025453688
2012.063	40.1764613203088
2011.951	40.131940626718
2015.107	39.7100535770564
2013.058	39.3886875689302
2013.268	39.4799054373522
2007.277	40.4460849760465
2009	40.2167936532873
2006.03	40.6095357788076
2009.03	39.6607241027252
2006.789	40.3675488887144
2009	39.8177962773895
2005.888	40.5246210633786
2016.15	39.9684666929444
2004.24	39.8613518197574
2003	42.4094871593497
2018.315	39.5036519280609
2003	39.6607241027252
2004.153	39.4251158407288
2000	39.8963323647216
2000	39.7392601900573
1999	40.4224904701398
1999	40.2890128013822
2003.099	40.5246210633786
2003.482	40.760229325375
2004.287	41.0538733779001
2004.721	41.1389915834186
2006.236	41.2379231796402
2006.236	40.9269442262372
2008.369	39.9748684520537
2005.929	40.9958375873714
2007.31	40.6912804399057
2006.312	40.6095357788076
2012.366	41.4670541113642
2012.366	41.4670541113642
2012.366	41.5455901986963
2012.366	41.5455901986963
2011.981	40.5246210633786
2011.932	40.3675488887144
2011.882	40.5246210633786
2012.153	40.6816932380429
2011.014	40.760229325375
2013.666	40.7666326290158
2013.329	41.4735684549525
2015.956	41.1529097620357
2015.956	41.2314458493678
2015.94	41.1529097620357
2015.882	41.1529097620357
2016.896	41.1529097620357
2015.934	41.1529097620357
2014.937	40.8387654127071
2010.915	40.9958375873714
2010.915	41.3099819366999
2012.085	40.5309873537036
2011.748	40.3675488887144
2013	40.9287682014955
2013.044	40.9958375873714
2013	41.7879908711734
2013	40.7585175859627
2011.748	40.760229325375
2010.915	41.0743736747035
2011.096	40.760229325375
2011.096	41.0743736747035
2011.096	41.0743736747035
2011.047	40.9958375873714
2011.096	40.9958375873714
2011.096	40.9958375873714
2011.871	41.0743736747035
2011.871	41.0743736747035
2011	40.9958375873714
2011	41.3099819366999
2011	40.9958375873714
2012.852	40.760229325375
2012.852	40.760229325375
2011.871	41.3099819366999
2011.871	41.3099819366999
2013.038	42.0168067226891
2013.038	42.0168067226891
2013.038	41.4368993225146
2013.038	41.4368993225146
2013.036	41.4670541113642
2013.036	41.4670541113642
2013.038	41.4368993225146
2013.038	41.4368993225146
2013.036	41.6241262860284
2013.038	41.7026623733606
2013.038	41.6241262860284
2013.038	41.7026623733606
2012.866	41.4670541113642
2012.866	41.4670541113642
2015.438	41.5455901986963
2014.008	40.4460849760465
2011.014	41.2314458493678
2011.014	41.2314458493678
2011.666	40.9958375873714
2011.871	41.388518024032
2011.871	41.388518024032
2011.871	41.3099819366999
2011.871	41.3099819366999
2011	41.2314458493678
2010.915	41.6241262860284
2011	41.3099819366999
2013.833	41.3099819366999
2013.038	41.3099819366999
2013.038	41.3099819366999
2012.79	41.9420837267863
2012.863	40.6031571507108
2012.863	40.6031571507108
2012.863	40.5246210633786
2012.863	40.5246210633786
2012.186	40.9958375873714
2012.011	40.8387654127071
2011	40.9352121546092
2010.915	41.5455901986963
2011	41.1529097620357
2011	41.2314458493678
2011	41.388518024032
2011.022	41.0872810118627
2012.79	41.0872810118627
2011.175	41.2379231796402
2011.175	41.2379231796402
2010.915	41.4670541113642
2011.833	41.2314458493678
2012.085	41.2314458493678
2011.773	40.9958375873714
2011.858	40.9958375873714
2011.277	40.9958375873714
2011.277	40.9958375873714
2012	41.3099819366999
2012.904	41.6241262860284
2012.904	41.6241262860284
2012.904	41.5455901986963
2012.904	41.5455901986963
2012.904	41.6241262860284
2012.904	41.6241262860284
2012.995	41.6241262860284
2011	41.1529097620357
2010.833	41.1529097620357
2010.833	41.0333149562889
2013.885	41.2314458493678
2010	41.6306653051606
2011	41.2314458493678
2011	40.9958375873714
2008.962	40.9958375873714
2009.096	40.6816932380429
2010.915	40.6031571507108
2011.852	40.8387654127071
2011.852	40.8387654127071
2009.019	40.8515987116034
2009.019	40.8387654127071
2009.134	41.1131200377329
2009.134	41.0937377229512
2009.134	41.0743736747035
2009.134	41.0743736747035
2009.134	40.9173015000393
2009.134	41.0743736747035
2009.96	40.8387654127071
2009.96	40.9237294792239
2007	40.9958375873714
2008	40.3675488887144
2009	39.1109714914003
2012.085	40.8387654127071
2009.845	40.6816932380429
2009.03	41.0743736747035
2009.019	41.0743736747035
2009.211	40.8965788438852
2013.038	41.388518024032
2013.038	41.388518024032
2013.036	41.928391959799
2013.036	41.928391959799
2013.038	40.9958375873714
2013.038	40.9958375873714
2013.038	41.1561420043984
2013.036	41.1561420043984
2013.036	41.2314458493678
2013.036	41.2314458493678
2013.036	41.1529097620357
2013.036	41.1529097620357
2009.481	40.9558996934203
2006.915	40.6095357788076
2007.962	40.9269442262372
2009.959	40.760229325375
2009.079	41.4670541113642
2009.079	41.4670541113642
2009.627	41.0743736747035
2009.627	41.3099819366999
2008.025	41.002277904328
2007.233	40.7698350353496
2008.809	41.5088256629322
2006.734	40.3080066001414
2007.099	40.2199528672427
2006.951	40.2325946880402
2004.954	40.8965788438852
2005.181	40.5309873537036
2005.074	40.5309873537036
2005.036	40.4524389285995
2005.216	40.6095357788076
2004.24	40.7456933847243
2003.351	41.7811984606927
2002.907	41.4768263943441
2001	41.2306239672673
2004	40.7794452738273
2008.306	40.3675488887144
2017	39.7486252945797
2016	40.6912804399057
2020.609	41.9222903885481
2001	41.002277904328
2013.153	40.1508603755795
2012	41.5350600126342
2005.507	39.5884062524546
2005.507	39.5946264435541
2007.23	39.7455031026628
2008.73	39.1109714914003
2010.855	39.8963323647216
2008.306	39.3465797533967
2009.742	39.4251158407288
2008.254	39.6008485896126
2008.407	39.5036519280609
2009.145	39.5036519280609
2009.074	39.1895075787324
2008.287	39.5098578273506
2016.353	40.8869319075326
2011.817	39.9748684520537
2009	39.4251158407288
2010.414	39.8306413674141
2010.299	39.9874549161048
2009.668	39.2680436660645
2011.277	39.5821880153931
2010.863	39.7392601900573
2009.608	39.0324354040682
2010.767	38.953899316736
2010.014	40.1612775713495
2010.592	39.9748684520537
2010.592	40.0534045393859
2017.967	41.8663105804729
2009.592	40.131940626718
2005.679	39.981148377975
2003	39.8240515277669
2013.162	40.8780022268172
2012.579	40.6031571507108
2006.255	39.8963323647216
2006.219	40.0534045393859
2007.907	39.7361394691377
2007.904	40.2795226130653
2014	40.2104767140501
2015	40.3675488887144
2011.773	40.2104767140501
2011.044	40.0534045393859
2015.011	40.4460849760465
2009.249	40.6031571507108
2014	39.1355599214145
2012.415	40.9958375873714
2014	38.265105680836
2011.893	41.0743736747035
2012.923	41.2314458493678
2012.424	40.8387654127071
2011.236	40.9173015000393
2013.23	40.9173015000393
2011.973	41.388518024032
2011.879	41.3099819366999
2011.833	41.0743736747035
2011.814	41.3099819366999
2012.369	40.9958375873714
2009.09	40.9173015000393
2011.088	40.3675488887144
2012.082	39.8963323647216
2010.86	39.5036519280609
2012.087	39.6607241027252
2015	39.8929892202376
2008.074	40.4460849760465
2009.203	40.9173015000393
2005.471	40.6031571507108
2006.137	39.9874302773195
2004	40.6721105527638
2004	40.1764613203088
2005	39.6669546775587
2006	39.7392601900573
2014.816	39.6250196943438
2010.803	40.4127934457224
2010.781	40.5043341213554
2008.415	39.9396538033984
2010.085	40.1120896717374
2012	38.8753632294039
2011.466	39.9401291948952
2017.378	39.1428119563498
2019.748	41.2793445722389
2016.298	40.7128712871287
2017.337	39.0637355685592
2018.964	38.4311244662344
2007	40.6087367923041
2007.252	39.5821880153931
2015.058	39.5821880153931
2014.521	38.4041467054111
2013.942	38.8433658997794
2005.912	39.6008485896126
2005.6	40.4460849760465
2004.26	40.3675488887144
2005.792	39.7392601900573
2006.693	39.8428290766208
2009.153	40.131940626718
2006.805	39.9748684520537
2006.808	39.9748684520537
2006.792	39.8177962773895
2007.211	40.1764613203088
2006.838	40.649125571136
2006.847	40.7279029462738
2005.855	40.4915708208603
2012.06	40.8387654127071
2007.285	40.0189065700331
2007.2	39.9401291948952
2011.619	40.0189065700331
2008.115	39.4674649440681
2008.074	39.3099101937923
2008.082	39.3886875689302
2009.942	38.9948006932409
2009.707	39.0797352663095
2012.008	38.6009138175516
2012.046	38.6796911926895
2010.603	39.4674649440681
2011.162	38.9948006932409
2011.688	38.6796911926895
2011.008	39.2311328186545
2011.008	39.2311328186545
2010.858	38.916023318103
2009.058	39.3099101937923
2010.288	39.0735780683788
2010.285	39.3886875689302
2012.117	39.7037970694816
2010.729	39.4799054373522
2013.123	38.7584685678273
2009.468	39.6250196943438
2010	39.4527521476297
2010.666	39.7825744446195
2012.385	40.5703481959981
2013.389	39.7037970694816
2010.364	39.5755206255486
2010.364	39.8613518197574
2005.926	40.4915708208603
2008.519	40.9173015000393
2007.625	40.0976839451709
2005.471	39.7825744446195
2009.071	40.3340160705845
2008.705	40.4127934457224
2009.605	40.2552386954467
2008.667	41.200567197101
2008.669	41.200567197101
2007.37	40.649125571136
2007.844	40.0189065700331
2008.672	39.7825744446195
2008.314	40.5927327185308
2007.6	40.1764613203088
2007.775	40.0976839451709
2007.77	40.0976839451709
2007.559	40.0976839451709
2007.89	40.0189065700331
2005.784	40.0189065700331
2006.901	40.4127934457224
2006.271	39.7825744446195
2016.779	40.3340160705845
2017.142	39.3099101937923
2005.74	39.7825744446195
2006.718	40.1764613203088
2006.704	40.1764613203088
2006.699	40.1891252955083
2006.693	40.1229702033738
2007.54	40.3675488887144
2009.211	40.2552386954467
2010.493	39.558707643814
2011.91	38.916023318103
2011.132	38.9948006932409
2010.841	38.9948006932409
2010.841	38.9948006932409
2010.614	38.5612188800754
2011.8	38.2470745307469
2011.545	38.4041467054111
2011.255	38.325610618079
2011.247	38.2530830256853
2016.779	39.7392601900573
2017.219	39.4375049100479
2016.377	39.5036519280609
2016.377	39.5036519280609
2016.071	39.9748684520537
2013.811	40.0534045393859
2018.063	39.2018226097887
2017.414	39.2680436660645
2017.603	40.1164162668135
2018.027	40.2953420783913
2017.888	39.9748684520537
2017.252	38.7968271420718
2016.475	39.9748684520537
2016.227	39.3465797533967
2017.386	39.8177962773895
2017.197	39.8240515277669
2018.874	39.2680436660645
2018.671	40.0534045393859
2018.077	39.7392601900573
2018.786	40.2104767140501
2018.948	40.131940626718
2018.863	39.6607241027252
2018.784	39.4251158407288
2017.953	38.8753632294039
2018.819	39.2680436660645
2018.91	39.2680436660645
2018.825	39.3806005345072
2017.693	40.2104767140501
2010.027	40.0189065700331
2012.12	39.7392601900573
2009.132	39.0735780683788
2011.658	38.953899316736
2011.455	39.9401291948952
2012.12	40.0189065700331
2012.194	39.6250196943438
2012.063	39.5462423192059
2011.504	40.0189065700331
2011.392	39.9401291948952
2012.033	39.8613518197574
2011.238	40.0976839451709
2011.912	39.9401291948952
2012.178	38.9948006932409
2010.89	39.9464229435865
2012.093	39.2680436660645
2012.798	39.1109714914003
2013.595	39.1895075787324
2014.904	39.6607241027252
2014.956	39.3465797533967
2012.312	39.2680436660645
2011.951	39.9401291948952
2012.216	39.5036519280609
2010	39.9401291948952
2010.699	39.6250196943438
2011.879	40.2552386954467
2010.641	40.8854576965496
2012.24	40.8066803214117
2012	41.1304965658798
2012	40.8066803214117
2007.356	40.649125571136
2006.186	40.4915708208603
2006.178	40.1891252955083
2006.082	40.4979514654901
2006.929	40.2552386954467
2006.923	40.2552386954467
2010.148	40.5703481959981
2009.838	40.8131106208635
2006.953	41.272095959596
2006.66	40.8131106208635
2006.03	39.8739164696612
2012.754	40.7279029462738
2009.233	40.7279029462738
2006.693	39.3886875689302
2008.246	39.5253811095395
2009.268	39.9748684520537
2009.266	39.9748684520537
2009.263	39.8963323647216
2009.26	39.9748684520537
2009.189	39.7392601900573
2009.759	39.1895075787324
2008.746	39.8963323647216
2011.945	38.4826827927433
2011.797	39.3465797533967
2010.685	38.953899316736
2011.973	38.5612188800754
2011.238	38.8151174668029
2011.066	39.3465797533967
2009.397	39.6607241027252
2010.479	39.0324354040682
2011.663	39.1109714914003
2011.005	39.1956641269343
2011.184	39.6607241027252
2014.942	39.2680436660645
2010.556	39.2680436660645
2010.556	39.5036519280609
2011.247	39.1109714914003
2011.682	38.881470426518
2009	39.8240515277669
2010.71	39.8613518197574
2010.71	39.7037970694816
2008.328	39.4251158407288
2011.616	39.1109714914003
2008.194	40.5703481959981
2010.685	40.5767412543334
2009.214	40.5703481959981
2011.392	39.7392601900573
2011.085	39.9025999528709
2012.771	40.2890128013822
2011.449	38.7968271420718
2012.292	37.8543940940862
2013.233	39.1109714914003
2012.025	39.0385672767261
2010.893	39.1841978480809
2011.263	39.9025999528709
2017.66	39.8240515277669
2016.74	40.9173015000393
2011.493	39.3481717011129
2014.512	40.2953420783913
2013.964	40.2104767140501
2011.496	39.8963323647216
2013.71	39.7392601900573
2011.027	39.9874302773195
2013.06	39.833438089252
2012.601	39.5821880153931
2015.762	39.2680436660645
2016.432	39.5036519280609
2017.866	39.0385672767261
2017.584	39.1109714914003
2016.667	39.1109714914003
2018.005	38.5612188800754
2018.488	39.7392601900573
2018.003	39.6607241027252
2018.614	39.4251158407288
2017.885	40.0659910440726
2018.266	39.8613518197574
2016.91	39.1895075787324
2011.677	39.9025999528709
2014.189	39.8177962773895
2018.46	40.2104767140501
2017.063	40.0534045393859
2016.15	40.2104767140501
2017.392	40.2890128013822
2012.773	40.2104767140501
2017.367	39.8240515277669
2010.953	40.131940626718
2012.702	39.4251158407288
2018.521	38.7968271420718
2019	39.516065676801
2017.312	39.2742125520383
2017.052	39.3465797533967
2017.964	39.3465797533967
2017.704	39.5821880153931
2018.118	41.3099819366999
2018	40.3244860990785
2015.652	39.9025999528709
2015.041	39.8963323647216
2015.825	40.131940626718
2016.915	39.7392601900573
2015.397	39.8240515277669
2015.186	39.8963323647216
2016	39.8963323647216
2011.647	39.1895075787324
2012.052	39.1294099159268
2007	39.5821880153931
2011.096	40.1641284620847
2013.285	38.6458251512057
2010.874	38.953899316736
2011.34	39.3465797533967
2014.896	40.5309873537036
2015.323	40.8387654127071
2018.044	41.2379231796402
2017.156	41.2314458493678
2018.37	41.3099819366999
2018.332	41.2314458493678
2016.09	40.9958375873714
2016.74	40.6031571507108
2012.279	39.7298994974874
2011.912	39.8613518197574
2011.162	40.9173015000393
2010.756	41.0743736747035
2012.795	40.9173015000393
2010.033	40.131940626718
2014	40.6159164113442
2012.314	41.0430124468253
2006	40.8869319075326
2005.66	40.3675488887144
2005	40.3738905034954
2008.672	40.5246210633786
2008.653	40.5246210633786
2011.696	39.6607241027252
2008.038	40.0534045393859
2017.543	40.4446546830653
2017.858	40.6452633243713
2010.978	40.8066803214117
2012	38.7968271420718
2013	37.9329301814184
2014	38.0900023560826
2015	39.7037970694816
2014	40.3143418467583
2011.918	39.8245312231206
2013.082	39.1109714914003
2014	39.2680436660645
2014	38.8753632294039
2016	38.8212180746562
2017.351	39.0324354040682
2014	38.953899316736
2013	38.4887283009976
2013	38.5612188800754
2013	38.5672767261016
2015	39.8177962773895
2012.582	39.5821880153931
2010.923	38.7968271420718
2013	40.4460849760465
2013	39.4313094022465
2013	39.4251158407288
2014	39.5533537784069
2013	38.7182910547397
2014	39.1895075787324
2011.085	39.8539218799619
2015.805	40.8243840808591
2007.636	40.2890128013822
2005.951	40.4460849760465
2005.529	40.4460849760465
2005.526	40.2890128013822
2003	41.6240459516878
2003	41.200567197101
2016	42.0168067226891
2015	41.6241262860284
1992	40.3675488887144
1995	40.2895813660686
1983	39.9276900102177
1985	40.4215162000629
1981.129	40.4460849760465
1992	40.6478496737165
1984	40.6587345362856
1981.112	40.4460849760465
1979.932	40.6031571507108
1979.932	40.3738905034954
