2018.542	1.13111686592096
2018.542	1.12812050478196
2017.507	1.11761917828471
2017.507	1.11708188316144
2017.507	1.11617973752235
2017.507	1.11735169299648
2017.507	1.11735169299648
2017.507	1.11645005761419
2017.507	1.11645005761419
2017.507	1.11645005761419
2017.507	1.11645005761419
2017.507	1.11735169299648
2017.507	1.11645005761419
2017.507	1.11645005761419
2017.507	1.12006316223551
2017.507	1.12006316223551
2017.507	1.12006316223551
2017.507	1.12006316223551
2017.507	1.12006316223551
2017.507	1.12006316223551
2017.507	1.12006316223551
2017.507	1.12006316223551
2017.507	1.1188894587286
2017.507	1.12006316223551
2017.507	1.12006316223551
2017.507	1.12006316223551
2017.507	1.12006316223551
2017.507	1.12006316223551
2018.096	1.11645005761419
2018.096	1.11761917828471
2018.096	1.11258206141728
2018.096	1.11645005761419
2018.096	1.11761917828471
2018.096	1.11761917828471
2018.096	1.11761917828471
2018.096	1.11554951313974
2018.096	1.11671805421065
2018.096	1.11671805421065
2018.096	1.11761917828471
2018.096	1.11554951313974
2018.096	1.11554951313974
2018.096	1.11554951313974
2018.096	1.11788434921288
2018.096	1.11465005781396
2018.096	1.11554951313974
2018.096	1.11554951313974
2018.096	1.11671805421065
2018.096	1.11554951313974
2018.096	1.11645005761419
2018.096	1.11554951313974
2018.096	1.11554951313974
2018.096	1.11671805421065
2018.096	1.11645005761419
2018.096	1.11554951313974
2018.096	1.11554951313974
2018.096	1.11735169299648
2018.096	1.11554951313974
2018.096	1.11645005761419
2018.096	1.11554951313974
2018.096	1.11554951313974
2018.096	1.11645005761419
2018.096	1.11554951313974
2018.096	1.11554951313974
2018.096	1.11581801954705
2018.096	1.11671805421065
2018.096	1.11554951313974
2018.096	1.11735169299648
2018.096	1.11645005761419
2018.096	1.11554951313974
2018.096	1.11645005761419
2018.096	1.11527880172491
2018.096	1.11645005761419
2018.096	1.11645005761419
2018.096	1.11645005761419
2018.096	1.11735169299648
2018.096	1.11645005761419
2018.096	1.11645005761419
2007	1.0978289516762
2015.03	1.08913761025369
2006.329	1.10787846256619
2007.754	1.10280335900938
2010.915	1.10094850022269
2012.735	1.11124255612111
2012.814	1.11148803487797
2012.776	1.11010980328146
2012.749	1.09630777985733
2012.831	1.09543300807499
2012.831	1.09253606793835
2012.008	1.09166500074719
2012.008	1.09188431343462
2012.008	1.09166500074719
2012.831	1.09253606793835
2011.937	1.09281496557379
2012.831	1.09368660260042
2012.008	1.0959283294103
2012.008	1.09428133294447
2012.008	1.09253606793835
2012.831	1.09166500074719
2014.866	1.09103363509772
2016.915	1.10431247869697
2017.126	1.08588235005935
2010.973	1.11954229600028
2013.079	1.11632764959373
2013.156	1.1142979629581
2013.274	1.11518886675059
2016.071	1.12235472055374
2014.46	1.11916330129263
2018.329	1.10804418677618
2017.479	1.12349794123775
2017.329	1.1131244344833
2016.956	1.11169704449393
2017.052	1.11468754772199
2016.071	1.13029991023157
2015.959	1.13232109096819
2016.109	1.13574082390855
2016.339	1.13275350225413
2016.915	1.10565086160562
2017.321	1.10866541892027
2012.814	1.12985511738603
2012.929	1.12940803262902
2015.345	1.10388323461147
2013.074	1.1260156918354
2012.964	1.12963265276024
2013.079	1.13031137834986
2012.929	1.12850576940748
2012.85	1.12963265276024
2013.079	1.11099488182178
2013.693	1.10353232791288
2013.195	1.10872178746336
2015.348	1.11750336364022
2015.34	1.11660559033751
2013.885	1.11150164281346
2013.655	1.11112624792819
2013.351	1.11099488182178
2013.619	1.11454580207307
2013.463	1.10783781557307
2013.23	1.11251935516021
2013.236	1.10872178746336
2013.351	1.10581621371983
2013.23	1.1096068177913
2013.23	1.10238712059591
2013.463	1.10680107862677
2013.962	1.12038702286498
2016.221	1.11017867438381
2015.282	1.11604637224156
2014.94	1.11718973738808
2015.345	1.12011953418405
2015.033	1.11922469137239
2017.299	1.11527927686522
2016.399	1.11400979127032
2016.609	1.11400979127032
2016.383	1.11732566085946
2016.552	1.11857667209178
2016.609	1.11540651382966
2016.762	1.12346481284221
2018.022	1.12181561278008
2017.167	1.11706873390101
2014.633	1.11679336958997
2014.595	1.11112624792819
2013.351	1.1096068177913
2013.236	1.10732392891758
2012.964	1.11340812632921
2013.079	1.11340812632921
2012.964	1.11226827632248
2013.195	1.11226827632248
2013.543	1.1160808394138
2013.543	1.11681464722587
2013.501	1.11479143228524
2013.463	1.11592422298601
2013.195	1.12805383410542
2013.351	1.13029361788658
2013.463	1.1318799473455
2013.389	1.12737672321781
2013.619	1.13143934204022
2011.334	1.13363725296431
2015.227	1.13053216842662
2015.227	1.12781726325843
2012.792	1.12737674931344
2012.792	1.12647933502118
2016.803	1.12895228782081
2017.318	1.12962611182632
2016.664	1.12331410439541
2016.342	1.13415751365438
2012.317	1.10693191598477
2010.932	1.11156628122958
2011.937	1.11221139299252
2012.831	1.11221139299252
2011.937	1.11132886067813
2016.033	1.12913958926474
2013.773	1.10381710959443
2014.052	1.10693191598477
2012.511	1.11556460356924
2012.317	1.11425496809894
2012.451	1.11735029562586
2012.085	1.11004144497059
2012.929	1.11889874750893
2012.776	1.11203433804953
2012.107	1.11268282760618
2012.087	1.11203433804953
2012.415	1.10892638790546
2012.926	1.11203433804953
2016.798	1.13216263722911
2017.564	1.10251704800203
2012.309	1.11044737837239
2013.151	1.11712833837556
2012.664	1.11712833837556
2012.664	1.11624470911341
2012.664	1.11624470911341
2012.664	1.11624470911341
2012.664	1.11801301728635
2012.664	1.11712833837556
2012.664	1.11712833837556
2012.664	1.11624470911341
2012.664	1.11624470911341
2012.907	1.11801301728635
2012.664	1.11602012420741
2012.664	1.11712833837556
2012.664	1.11712833837556
2012.664	1.11801301728635
2012.664	1.11624470911341
2012.664	1.11712833837556
2012.568	1.11712833837556
2012.664	1.11801301728635
2012.664	1.11712833837556
2012.664	1.11602024177628
2013.151	1.11712833837556
2013.137	1.11712833837556
2013.151	1.11712833837556
2013.137	1.11823445012787
2013.137	1.11712833837556
2013.151	1.11712833837556
2013.151	1.11712833837556
2013.137	1.11823445012787
2013.137	1.11712833837556
2013.137	1.11823445012787
2013.151	1.11823445012787
2013.137	1.11712833837556
2013.137	1.11801301728635
2013.137	1.11712833837556
2013.137	1.11712833837556
2013.137	1.11712833837556
2013.137	1.11712833837556
2013.137	1.11712833837556
2013.137	1.11712833837556
2012.664	1.11513702226437
2013.137	1.11602012420741
2012.664	1.11801301728635
2012.664	1.11889874750893
2013.151	1.11801301728635
2013.137	1.11801301728635
2012.369	1.1060556588127
2013.121	1.10502389475797
2013.729	1.10431247869697
2012.292	1.10875373684576
2012.183	1.12089160564257
2012.183	1.12089160564257
2010.992	1.1299715040164
2008.41	1.1144489905467
2009.137	1.11397961432389
2012.221	1.1045680808972
2009.386	1.1060556588127
2015.156	1.10001801186199
2010.159	1.107324071991
2012.801	1.11096488343946
2012.907	1.11096488343946
2012.929	1.11206732290357
2011.8	1.12132663119748
2012.249	1.1285883296337
2017.299	1.10096970087217
2016.893	1.11778793003101
2017.041	1.11580603653805
2013.545	1.10114876998786
2017.301	1.08100378101576
2017.375	1.09901525652117
2014.167	1.11712833837556
2011.915	1.08820199220588
2014.693	1.10572817305262
2016.798	1.09461127274507
2017.932	1.08498875959038
2017.326	1.10074927988196
2016.686	1.13528720048936
2005	1.09771988726932
2005.417	1.09932722765206
2005	1.09598710160842
2005.526	1.10032689691334
2009.252	1.10057441794295
2006.145	1.09634729896878
2009.405	1.10828599233029
2006.984	1.10939762448261
2007.789	1.10707824737857
2007	1.09011262902076
2005.773	1.10217348551119
2005.764	1.10217348551119
2012.806	1.13760686496064
2005.052	1.0957348603484
2006.491	1.09288606261541
2009.496	1.09598710160842
2005.381	1.09623718307576
2005.304	1.09796899510138
2005.066	1.09908290607648
2005.066	1.09908290607648
2008.459	1.10431247869697
2008.459	1.10746090431682
2013.926	1.12237053577918
2015.082	1.12860680913253
2015.082	1.12860680913253
2015.082	1.12860680913253
2015.082	1.12860680913253
2015.082	1.12860680913253
2015.082	1.12771091172061
2015.082	1.12860680913253
2015.082	1.12860680913253
2015.082	1.12860680913253
2015.082	1.12860680913253
2015.082	1.12860680913253
2015.082	1.12860680913253
2015.082	1.12860680913253
2015.082	1.12860680913253
2015.082	1.12860680913253
2015.082	1.12749755117164
2015.082	1.12860680913253
2015.082	1.12860680913253
2015.082	1.12860680913253
2015.082	1.12860680913253
2015.082	1.12860680913253
2015.082	1.12860680913253
2015.082	1.12860680913253
2015.082	1.12860680913253
2015.082	1.12860680913253
2015.082	1.12771091172061
2015.082	1.12860680913253
2015.082	1.12860680913253
2015.082	1.12860680913253
2015.082	1.12459754870932
2015.082	1.12749755117164
2015.082	1.12237053577918
2015.082	1.12549132777098
2015.082	1.12437835426895
2015.082	1.12549132777098
2015.082	1.12549132777098
2015.082	1.12437835426895
2015.082	1.12437835426895
2015.082	1.12549132777098
2015.515	1.12907712025171
2015.932	1.13199046384118
2015.932	1.13199046384118
2015.932	1.13199046384118
2015.932	1.13199046384118
2015.932	1.13199046384118
2015.932	1.13199046384118
2015.932	1.13087644605439
2015.932	1.13289226859637
2015.932	1.13289226859637
2015.932	1.13289226859637
2015.932	1.13108973543933
2015.932	1.13087644605439
2015.934	1.13087644605439
2015.932	1.12907712025171
2015.934	1.13108973543933
2015.934	1.12976029323044
2015.934	1.1288606235124
2015.934	1.12616805291816
2015.934	1.1270645050641
2015.934	1.12976029323044
2015.932	1.12976029323044
2015.932	1.12976029323044
2015.932	1.12594781011961
2015.932	1.1288606235124
2015.932	1.13066103889388
2015.932	1.1288606235124
2015.932	1.12976029323044
2015.932	1.1288606235124
2015.932	1.12616805291816
2015.932	1.12281315588644
2015.934	1.12594781011961
2014.534	1.12147888096966
2014.534	1.12259291849772
2014.534	1.12147888096966
2014.534	1.12147888096966
2014.534	1.12147888096966
2014.534	1.12147888096966
2014.534	1.12147888096966
2014.534	1.12147888096966
2014.534	1.12058828828611
2014.534	1.12147888096966
2014.534	1.12147888096966
2014.534	1.12036271728941
2014.534	1.12147888096966
2014.534	1.12237053577918
2014.534	1.12237053577918
2014.534	1.12058828828611
2014.534	1.12348510437032
2014.534	1.12237053577918
2014.534	1.12348510437032
2014.534	1.12259291849772
2014.534	1.12214602415774
2014.534	1.12326325440429
2014.534	1.12237053577918
2013.926	1.11700142912602
2013.926	1.12370483388146
2013.926	1.12103305792812
2013.926	1.12192259017476
2012	1.10893340622011
2012	1.1100886656884
2017.986	1.12446428472285
2017.052	1.12334320101535
2012.309	1.11197244384763
2013.121	1.10783781557307
2013.195	1.10859200833216
2013.389	1.1094744695974
2013.619	1.10922578197207
2013.926	1.10150749795341
2013.811	1.10405465889993
2013.773	1.10405465889993
2013.693	1.10519223367399
2013.885	1.10771059949534
2013.849	1.10771059949534
2014.422	1.10570023543092
2014.173	1.10683024141408
2013.619	1.06985550741142
2015.055	1.1029149190449
