2018.542	42.7458080768322
2018.542	42.6670865149965
2017.507	42.5096433913249
2017.507	42.3522002676533
2017.507	42.3522002676533
2017.507	42.4309218294891
2017.507	42.4309218294891
2017.507	42.4309218294891
2017.507	42.4309218294891
2017.507	42.4309218294891
2017.507	42.4309218294891
2017.507	42.4309218294891
2017.507	42.4309218294891
2017.507	42.4309218294891
2017.507	42.4309218294891
2017.507	42.4309218294891
2017.507	42.4309218294891
2017.507	42.4309218294891
2017.507	42.4309218294891
2017.507	42.4309218294891
2017.507	42.4309218294891
2017.507	42.4309218294891
2017.507	42.3522002676533
2017.507	42.4309218294891
2017.507	42.4309218294891
2017.507	42.4309218294891
2017.507	42.4309218294891
2017.507	42.4309218294891
2018.096	42.4309218294891
2018.096	42.5096433913249
2018.096	42.3522002676533
2018.096	42.4309218294891
2018.096	42.5096433913249
2018.096	42.5096433913249
2018.096	42.5096433913249
2018.096	42.4309218294891
2018.096	42.5096433913249
2018.096	42.5096433913249
2018.096	42.5096433913249
2018.096	42.4309218294891
2018.096	42.4309218294891
2018.096	42.4309218294891
2018.096	42.5883649531607
2018.096	42.4309218294891
2018.096	42.4309218294891
2018.096	42.4309218294891
2018.096	42.5096433913249
2018.096	42.4309218294891
2018.096	42.4309218294891
2018.096	42.4309218294891
2018.096	42.4309218294891
2018.096	42.5096433913249
2018.096	42.4309218294891
2018.096	42.4309218294891
2018.096	42.4309218294891
2018.096	42.4309218294891
2018.096	42.4309218294891
2018.096	42.4309218294891
2018.096	42.4309218294891
2018.096	42.4309218294891
2018.096	42.4309218294891
2018.096	42.4309218294891
2018.096	42.4309218294891
2018.096	42.5096433913249
2018.096	42.5096433913249
2018.096	42.4309218294891
2018.096	42.4309218294891
2018.096	42.4309218294891
2018.096	42.4309218294891
2018.096	42.4309218294891
2018.096	42.3588693803637
2018.096	42.4309218294891
2018.096	42.4309218294891
2018.096	42.4309218294891
2018.096	42.4309218294891
2018.096	42.4309218294891
2018.096	42.4309218294891
2007	43.3070866141732
2015.03	42.6491533470486
2006.329	44.0157480314961
2007.754	43.7795275590551
2010.915	43.4645669291339
2012.735	43.3858267716535
2012.814	43.4645669291339
2012.776	43.3070866141732
2012.749	42.5984251968504
2012.831	42.5984251968504
2012.831	42.5196850393701
2012.008	42.5196850393701
2012.008	42.4094871593497
2012.008	42.5196850393701
2012.831	42.5196850393701
2011.937	42.5984251968504
2012.831	42.5984251968504
2012.008	42.566559334014
2012.008	42.5196850393701
2012.008	42.5196850393701
2012.831	42.5196850393701
2014.866	42.8346456692913
2016.915	43.1496062992126
2017.126	42.1259842519685
2010.973	43.7795275590551
2013.079	43.3070866141732
2013.156	43.2283464566929
2013.274	43.2283464566929
2016.071	43.2283464566929
2014.46	43.0708661417323
2018.329	42.6771653543307
2017.479	43.3070866141732
2017.329	42.5096433913249
2016.956	42.4877818067161
2017.052	43.0708661417323
2016.071	43.4645669291339
2015.959	43.2283464566929
2016.109	43.1496062992126
2016.339	43.0708661417323
2016.915	42.755905511811
2017.321	42.5984251968504
2012.814	43.9370078740157
2012.929	43.7795275590551
2015.345	42.755905511811
2013.074	43.6395202020202
2012.964	43.8582677165354
2013.079	43.7795275590551
2012.929	43.7795275590551
2012.85	43.8582677165354
2013.079	43.3070866141732
2013.693	42.9133858267717
2013.195	43.1496062992126
2015.348	42.8346456692913
2015.34	42.8346456692913
2013.885	42.9133858267717
2013.655	43.0708661417323
2013.351	43.3070866141732
2013.619	43.3070866141732
2013.463	43.1496062992126
2013.23	43.2283464566929
2013.236	43.1496062992126
2013.351	43.0708661417323
2013.23	43.1496062992126
2013.23	42.8346456692913
2013.463	42.8346456692913
2013.962	43.4645669291339
2016.221	42.5196850393701
2015.282	43.0377758580068
2014.94	43.1163119453389
2015.345	43.194848032671
2015.033	43.194848032671
2017.299	42.8021675960104
2016.399	42.9592397706746
2016.609	42.9592397706746
2016.383	42.8807036833425
2016.552	43.2733841200031
2016.609	43.1163119453389
2016.762	43.1163119453389
2018.022	42.8807036833425
2017.167	42.8021675960104
2014.633	43.2733841200031
2014.595	43.0708661417323
2013.351	43.1496062992126
2013.236	42.992125984252
2012.964	43.2283464566929
2013.079	43.2283464566929
2012.964	43.1496062992126
2013.195	43.1496062992126
2013.543	43.2283464566929
2013.543	43.4645669291339
2013.501	43.3858267716535
2013.463	43.4645669291339
2013.195	43.9370078740157
2013.351	44.0944881889764
2013.463	44.0157480314961
2013.389	43.7007874015748
2013.619	43.8582677165354
2011.334	44.3307086614173
2015.227	43.5433070866142
2015.227	43.5433070866142
2012.792	44.0157480314961
2012.792	44.0157480314961
2016.803	43.6220472440945
2017.318	43.5433070866142
2016.664	43.5433070866142
2016.342	43.8582677165354
2012.317	43.7007874015748
2010.932	43.7864230587494
2011.937	43.7007874015748
2012.831	43.7007874015748
2011.937	43.7007874015748
2016.033	44.3307086614173
2013.773	43.5433070866142
2014.052	43.7007874015748
2012.511	43.9370078740157
2012.317	44.0944881889764
2012.451	44.251968503937
2012.085	43.8582677165354
2012.929	44.1732283464567
2012.776	43.9370078740157
2012.107	43.8582677165354
2012.087	43.9370078740157
2012.415	43.7795275590551
2012.926	43.9370078740157
2016.798	44.8031496062992
2017.564	44.5669291338583
2012.309	43.7007874015748
2013.151	44.1732283464567
2012.664	44.1732283464567
2012.664	44.1732283464567
2012.664	44.1732283464567
2012.664	44.1732283464567
2012.664	44.1732283464567
2012.664	44.1732283464567
2012.664	44.1732283464567
2012.664	44.1732283464567
2012.664	44.1732283464567
2012.907	44.1732283464567
2012.664	44.0944881889764
2012.664	44.1732283464567
2012.664	44.1732283464567
2012.664	44.1732283464567
2012.664	44.1732283464567
2012.664	44.1732283464567
2012.568	44.1732283464567
2012.664	44.1732283464567
2012.664	44.1732283464567
2012.664	44.1014332965821
2013.151	44.1732283464567
2013.137	44.1732283464567
2013.151	44.1732283464567
2013.137	44.251968503937
2013.137	44.1732283464567
2013.151	44.1732283464567
2013.151	44.1732283464567
2013.137	44.251968503937
2013.137	44.1732283464567
2013.137	44.251968503937
2013.151	44.251968503937
2013.137	44.1732283464567
2013.137	44.1732283464567
2013.137	44.1732283464567
2013.137	44.1732283464567
2013.137	44.1732283464567
2013.137	44.1732283464567
2013.137	44.1732283464567
2013.137	44.1732283464567
2012.664	44.0944881889764
2013.137	44.0944881889764
2012.664	44.1732283464567
2012.664	44.1732283464567
2013.151	44.1732283464567
2013.137	44.1732283464567
2012.369	43.7007874015748
2013.121	43.9370078740157
2013.729	43.1496062992126
2012.292	44.0157480314961
2012.183	43.9370078740157
2012.183	43.9370078740157
2010.992	44.6949393031688
2008.41	43.8582677165354
2009.137	43.7007874015748
2012.221	43.2283464566929
2009.386	43.7007874015748
2015.156	42.9201449047094
2010.159	43.5433070866142
2012.801	44.1732283464567
2012.907	44.1732283464567
2012.929	44.251968503937
2011.8	44.4094488188976
2012.249	44.8031496062992
2017.299	42.6771653543307
2016.893	44.4094488188976
2017.041	44.3307086614173
2013.545	44.0944881889764
2017.301	42.6771653543307
2017.375	42.1259842519685
2014.167	44.1732283464567
2011.915	42.2834645669291
2014.693	42.5196850393701
2016.798	42.1259842519685
2017.932	41.8897637795276
2017.326	42.3622047244095
2016.686	45.3543307086614
2005	43.5433070866142
2005.417	43.7795275590551
2005	43.5433070866142
2005.526	43.5501653803749
2009.252	43.6220472440945
2006.145	43.3858267716535
2009.405	43.8720856962823
2006.984	43.9370078740157
2007.789	43.4645669291339
2007	43.0776500236258
2005.773	43.8582677165354
2005.764	43.8582677165354
2012.806	45.1968503937008
2005.052	43.4645669291339
2006.491	43.3858267716535
2009.496	43.5433070866142
2005.381	43.6220472440945
2005.304	43.6220472440945
2005.066	43.7007874015748
2005.066	43.7007874015748
2008.459	43.1496062992126
2008.459	43.3070866141732
2013.926	44.036552702064
2015.082	44.3516622026154
2015.082	44.3516622026154
2015.082	44.3516622026154
2015.082	44.3516622026154
2015.082	44.3516622026154
2015.082	44.3516622026154
2015.082	44.3516622026154
2015.082	44.3516622026154
2015.082	44.3516622026154
2015.082	44.3516622026154
2015.082	44.3516622026154
2015.082	44.3516622026154
2015.082	44.3516622026154
2015.082	44.3516622026154
2015.082	44.3516622026154
2015.082	44.2728848274775
2015.082	44.3516622026154
2015.082	44.3516622026154
2015.082	44.3516622026154
2015.082	44.3516622026154
2015.082	44.3516622026154
2015.082	44.3516622026154
2015.082	44.3516622026154
2015.082	44.3516622026154
2015.082	44.3516622026154
2015.082	44.3516622026154
2015.082	44.3516622026154
2015.082	44.3516622026154
2015.082	44.3516622026154
2015.082	44.1941074523397
2015.082	44.2728848274775
2015.082	44.036552702064
2015.082	44.1941074523397
2015.082	44.1153300772018
2015.082	44.1941074523397
2015.082	44.1941074523397
2015.082	44.1153300772018
2015.082	44.1153300772018
2015.082	44.1941074523397
2015.515	44.1941074523397
2015.932	44.2728848274775
2015.932	44.2728848274775
2015.932	44.2728848274775
2015.932	44.2728848274775
2015.932	44.2728848274775
2015.932	44.2728848274775
2015.932	44.1941074523397
2015.932	44.2728848274775
2015.932	44.2728848274775
2015.932	44.2728848274775
2015.932	44.2728848274775
2015.932	44.1941074523397
2015.934	44.1941074523397
2015.932	44.1941074523397
2015.934	44.2728848274775
2015.934	44.1153300772018
2015.934	44.1153300772018
2015.934	44.1153300772018
2015.934	44.1153300772018
2015.934	44.1153300772018
2015.932	44.1153300772018
2015.932	44.1153300772018
2015.932	44.036552702064
2015.932	44.1153300772018
2015.932	44.1153300772018
2015.932	44.1153300772018
2015.932	44.1153300772018
2015.932	44.1153300772018
2015.932	44.1153300772018
2015.932	43.8789979517883
2015.934	44.036552702064
2014.534	44.036552702064
2014.534	44.1153300772018
2014.534	44.036552702064
2014.534	44.036552702064
2014.534	44.036552702064
2014.534	44.036552702064
2014.534	44.036552702064
2014.534	44.036552702064
2014.534	44.036552702064
2014.534	44.036552702064
2014.534	44.036552702064
2014.534	43.9577753269261
2014.534	44.036552702064
2014.534	44.036552702064
2014.534	44.036552702064
2014.534	44.036552702064
2014.534	44.1153300772018
2014.534	44.036552702064
2014.534	44.1153300772018
2014.534	44.1153300772018
2014.534	43.9577753269261
2014.534	44.036552702064
2014.534	44.036552702064
2013.926	43.7214432015125
2013.926	44.1941074523397
2013.926	44.1941074523397
2013.926	44.1941074523397
2012	42.6838872263349
2012	42.762639785793
2017.986	43.9439281776658
2017.052	43.8582677165354
2012.309	43.6220472440945
2013.121	43.1496062992126
2013.195	43.3858267716535
2013.389	43.3858267716535
2013.619	43.3070866141732
2013.926	42.8346456692913
2013.811	43.0708661417323
2013.773	43.0708661417323
2013.693	43.1496062992126
2013.885	43.3858267716535
2013.849	43.3858267716535
2014.422	43.3070866141732
2014.173	43.3858267716535
2013.619	41.3385826771654
2015.055	42.992125984252
