2012.199	43.2283464566929
2013.044	43.2283464566929
2012.199	43.3070866141732
2013.044	43.0708661417323
2013.003	43.0708661417323
2012.219	42.992125984252
2012.219	43.0708661417323
2013.025	43.0708661417323
2013.118	42.992125984252
2013.044	42.992125984252
2013.044	43.0708661417323
2013.044	42.992125984252
2012.199	43.0377758580068
2011.937	43.3070866141732
2011.89	43.2283464566929
2011.89	43.0708661417323
2013.025	43.0708661417323
2013.044	43.1496062992126
2013.044	43.3070866141732
2013.044	43.1496062992126
2013.003	43.0708661417323
2012.219	42.992125984252
2013.044	42.992125984252
2012.519	43.2283464566929
2012.24	43.2283464566929
2013.044	43.2283464566929
2013.044	43.2283464566929
2013.044	43.1496062992126
2013.003	43.3070866141732
2013.025	43.3070866141732
2013.044	43.2283464566929
2012.219	43.3070866141732
2013.044	43.3070866141732
2013.063	43.3070866141732
2013.044	43.3070866141732
2012.519	43.3070866141732
2012.24	43.3070866141732
2011.89	43.3070866141732
2012.577	43.2283464566929
2012.519	43.2283464566929
2012.577	43.2283464566929
2012.664	43.2283464566929
2013.118	43.1496062992126
2013.104	43.2283464566929
2013.118	43.2283464566929
2012.664	43.2351551425421
2012.24	43.3858267716535
2012.219	43.3070866141732
2013.044	43.3070866141732
2013.025	43.3070866141732
2013.025	43.3070866141732
2013.044	43.1496062992126
2013.044	43.3070866141732
2013.044	43.3070866141732
2013.082	43.3070866141732
2012.519	43.3070866141732
2013.044	43.3070866141732
2013.063	43.3070866141732
2012.219	43.2283464566929
2012.664	43.3070866141732
2013.118	43.3070866141732
2012.664	43.7795275590551
2012.664	43.3070866141732
2012.156	43.2283464566929
2016.642	42.9133858267717
2016.011	42.992125984252
2016.046	43.0708661417323
2017.414	42.6771653543307
2017.545	42.6771653543307
2017.545	42.6771653543307
2017.414	42.5196850393701
2017.792	42.4409448818898
2017.581	42.5196850393701
2017.581	42.5196850393701
2017.529	42.4409448818898
2017.529	42.4409448818898
2017.414	42.5196850393701
2017.414	42.5196850393701
2017.414	42.5196850393701
2017.414	42.5196850393701
2017.414	42.5196850393701
2017.414	42.5196850393701
2017.414	42.755905511811
2017.414	42.755905511811
2017.414	42.5196850393701
2017.414	42.3622047244095
2017.414	42.5984251968504
2017.414	42.5984251968504
2017.414	42.5984251968504
2017.414	42.5984251968504
2017.414	42.5984251968504
2017.414	42.755905511811
2017.414	42.5984251968504
2017.414	42.5984251968504
2017.414	42.5984251968504
2017.414	42.5984251968504
2017.414	42.5984251968504
2017.414	42.5984251968504
2017.414	42.5984251968504
2017.414	42.5984251968504
2017.414	42.5984251968504
2017.414	42.5984251968504
2017.414	42.5984251968504
2017.414	42.5196850393701
2017.496	42.5196850393701
2017.496	42.5196850393701
2017.496	42.6771653543307
2017.833	42.8346456692913
2017.581	42.5984251968504
2017.414	42.5984251968504
2017.414	42.5984251968504
2017.496	42.5984251968504
2017.496	42.6771653543307
2018.082	42.755905511811
2017.926	42.755905511811
2017.868	43.0708661417323
2016.148	42.992125984252
2017.197	42.303450449031
2017.773	42.5984251968504
2019.334	42.2047244094488
2020.32	42.3001181567546
2018.581	42.755905511811
2018.581	42.755905511811
2020.686	42.4476295479603
2020.344	42.755905511811
2020.328	42.5196850393701
2019.726	42.3655405937475
2019.792	42.8346456692913
2020.32	42.9988974641676
2019.786	42.2834645669291
2017.77	42.3688769885021
2017.175	42.4409448818898
2017.986	43.0708661417323
2018.595	43.1496062992126
2017.688	42.755905511811
2017.66	42.7828553419477
2016.314	42.8346456692913
2016.59	42.6252757642609
2016.607	42.8346456692913
2016.803	42.755905511811
2016.915	42.8346456692913
2017.775	42.9133858267717
2016.262	42.755905511811
2016.331	42.5984251968504
2016.331	42.6771653543307
2018.26	42.8346456692913
2019.463	43.0708661417323
2019.718	42.992125984252
2021.189	42.9201449047094
2020.921	42.8481411468179
2020.251	43.1496062992126
2020.836	43.0226144511859
2020.59	43.0056710775047
2020.459	42.9201449047094
2020.631	43.2283464566929
2021.123	42.7761146998582
2020.806	43.2283464566929
2019.43	43.1496062992126
2019.43	43.1496062992126
2019.43	43.0776500236258
2019.43	43.0708661417323
2019.43	43.0708661417323
2019.43	43.0708661417323
2019.43	43.0912242004096
2019.43	43.0708661417323
2019.43	43.0708661417323
2019.518	43.2283464566929
2019.43	43.0708661417323
2020.29	42.8346456692913
2019.655	41.752008823066
2017.216	42.762639785793
2017.2	42.755905511811
2016.549	43.2283464566929
2017.838	42.9133858267717
2016.117	43.3994959042218
2017.156	42.5196850393701
2016.631	43.0708661417323
2016.639	42.9201449047094
2016.432	42.755905511811
2016.76	42.7693761814745
2016.721	42.4543163201008
2015.932	42.992125984252
