2009.967	1.14418351545718
2010.337	1.13677854107345
2010.359	1.14375902429808
2013.83	1.13523406976632
2013.822	1.13796135784021
2013.773	1.13544890837823
2014.247	1.13161596521001
2016.59	1.12071075794905
2015.841	1.12572041872832
2014.773	1.1254547167606
2017.011	1.14917575019342
2017.214	1.11565319666891
2015.318	1.12471169979912
2016.516	1.13161291076571
2017.743	1.1142903065087
2012.915	1.12813294365081
2016.833	1.14231633688466
2015.611	1.14074789891076
2015.611	1.14074777868013
2015.611	1.14074777868013
2015.019	1.12283882777846
2015.036	1.12554066476728
2014.4	1.13484440519732
2014.419	1.13575428241489
2016.295	1.14386307693232
2015.844	1.14203277593624
2015.915	1.14386295637337
2016.678	1.14386295637337
2015.885	1.1387580309999
2015.951	1.14964201973296
2016.669	1.15795111147723
2016.085	1.13692841697285
2016.415	1.1454098212456
2016.423	1.14173467204269
2016.423	1.14173467204269
2016.423	1.14578337655348
2016.423	1.14264641860013
2016.423	1.14264641860013
2016.423	1.14447319116002
2016.423	1.14669835625474
2016.404	1.14578337655348
2016.404	1.14578337655348
2016.415	1.1436771487457
2016.331	1.14238172664354
2016.415	1.14207042477967
2016.443	1.14173467204269
2016.423	1.1415316703874
2016.423	1.14264641860013
2016.423	1.13971031978729
2017.118	1.14284675392616
2017.833	1.14478010148787
2016.489	1.14814015936811
2015.808	1.14610444986568
2016.262	1.14264641860013
2016.052	1.14964201973296
2016.246	1.14219988756847
2021.132	1.14069848579417
2020.598	1.15195109880985
2017.696	1.15424778200186
2017.945	1.15162757974003
2017.233	1.14610419403227
2017.011	1.14467250807169
2016.227	1.14315341324722
2016.227	1.14315341324722
2016.227	1.14234425413842
2016.383	1.14294731666111
2016.227	1.14223943893776
2016.199	1.14294731666111
2016.306	1.14427189345545
2016.227	1.14111933244073
2016.227	1.13999706688822
2016.536	1.14294731666111
2016.536	1.14294731666111
2016.536	1.14294731666111
2016.536	1.14294731666111
2016.536	1.14406848498425
2016.536	1.14182398497164
2016.306	1.14315341324722
2016.227	1.14294731666111
2016.227	1.14518749405371
2016.227	1.14518749405371
2016.227	1.14223943893776
2016.227	1.14252409404792
2016.15	1.14223943893776
2016.15	1.14223943893776
2016.15	1.14315341324722
2016.15	1.14427189345545
2016.153	1.14518749405371
2016.15	1.14427189345545
2016.15	1.14427189345545
2016.15	1.14427189345545
2016.15	1.14491737488812
2016.15	1.14427189345545
2016.15	1.14427189345545
2016.15	1.14427189345545
2016.15	1.14427189345545
2016.15	1.14427189345545
2016.15	1.14518749405371
2016.15	1.14427189345545
2016.15	1.14427189345545
2016.15	1.14427189345545
2016.15	1.14427189345545
2016.15	1.14427189345545
2016.15	1.14427189345545
2016.15	1.14427189345545
2016.15	1.14518749405371
2016.15	1.14518749405371
2016.074	1.15590874782951
2017.414	1.14030206652601
2017.414	1.13846730887216
2017.414	1.1393841337264
2016.76	1.14938009341711
2016.112	1.15424703022433
2016.052	1.1597799564149
2016.795	1.15327994930126
2016.303	1.15552651102896
2016.257	1.15246251706367
2016.913	1.15182426462163
2017.06	1.15090151339519
2016.574	1.14650239894577
2017.638	1.15130692653531
2016.399	1.14964201973296
2016.219	1.13207716634935
2017.104	1.13865800028432
2016.552	1.13479795967957
2016.391	1.13389019285113
2019.312	1.13572371769252
2020.322	1.13458157447105
2019.962	1.13732388445739
2019.888	1.13824015743894
2016.497	1.13410962086703
2017.137	1.12798620362626
2016.582	1.1372648999448
2016.582	1.13614207538471
2016.497	1.13614207538471
2016.497	1.13614207538471
2016.497	1.13614207538471
2016.497	1.13614207538471
2015.951	1.14477981749015
2016.205	1.14315341324722
2015.649	1.14223943893776
2015.748	1.14132668059337
2015.877	1.13822189313215
2015.762	1.14702225119017
2016.077	1.13721960161824
2015.852	1.13913594400327
2015.852	1.13913594400327
2016.016	1.14741905083716
2015.953	1.14610419403227
2021.258	1.15128973647318
2020.675	1.16128336986958
2015.953	1.14610419403227
2015.455	1.14041477558853
2015.896	1.13774616208242
2015.805	1.13747649571462
2015.46	1.14315366842196
2016.967	1.14569753980981
2015.652	1.14741917177091
2015.337	1.14355925772379
2015.403	1.14518749405371
2015.381	1.14538822065869
2015.816	1.14284675392616
2015.332	1.14447319116002
2020.156	1.13579058687663
2020.732	1.14220312935152
2018.118	1.14142228303368
2017.858	1.13960762150335
2017.159	1.13960750139291
2017.871	1.14669847711253
2017.701	1.14544834320017
2015.838	1.14708402688361
2013.159	1.13683529892495
2012.844	1.13116817474432
2012.844	1.12980588563708
2012.844	1.12866927966933
2012.844	1.12890258294631
2011.09	1.13689361269203
2012.377	1.15145077643343
2011.178	1.13045696459749
2011.51	1.13129140061627
2011.51	1.12441269915438
2012.751	1.15752688460474
2013.016	1.14453726879342
2012.852	1.14654875784226
2012.749	1.14929005694254
2012.415	1.15038989255399
2013.038	1.1522239136141
2011.351	1.14237777931744
2011.356	1.14346844869385
2011.356	1.1434683281765
2012.691	1.14891496677886
2011.6	1.14637210721715
2011.663	1.14874325512282
2011.663	1.14703951475682
2011.778	1.14728138507728
2011.526	1.15350070413655
2011.526	1.1525832249888
2011.836	1.14619166699828
2011.838	1.14309754397288
2011.737	1.14328388896203
2011.737	1.14328388896203
2011.806	1.14219074304367
2012.883	1.14109550156205
2013.195	1.14219074304367
2011.005	1.14582395186079
2010.932	1.14582395186079
2010.91	1.14801220738132
2010.89	1.1469191295588
2010.91	1.14801220738132
2010.91	1.14801220738132
2011.485	1.14343525296607
2010.91	1.14801220738132
2014.693	1.11711729891366
2016.224	1.12463896989878
2019.66	1.1275833882968
2019.726	1.12668005695849
2018.077	1.11276424545266
2015.97	1.12217989218964
2015.57	1.11811377354753
2017.907	1.13366971469315
2016.951	1.14096735197776
2017.795	1.14393846210885
2017.236	1.14118486993463
2017.219	1.14166570081454
2016.776	1.13617473145385
2016.628	1.13891550665254
2020.71	1.13533733992298
2020.667	1.1279859236207
2020.97	1.12380819797767
2021.241	1.1223585049618
2020.765	1.13047480383589
2021.241	1.13769088425252
2020.844	1.13340372232217
2009.271	1.14997987057858
2015.099	1.17045570473322
2015.099	1.1712325023269
2015.099	1.17107378972611
2015.099	1.1712325023269
2014.556	1.17069739999873
2012.923	1.17028967080758
2012.923	1.16710856722905
2012.923	1.16822930166884
2012.923	1.16917047327351
2012.923	1.16917047327351
2012.923	1.16822930166884
2012.923	1.16822930166884
2012.923	1.16822930166884
2012.923	1.16710844422012
2013.926	1.16822930166884
2019.463	1.15040268273337
2019.718	1.14976101091246
2020.175	1.14812229057463
2021.055	1.14947587295609
2020.631	1.15473626989976
2020.169	1.15111948871649
2017.603	1.15552651102896
2016.511	1.16407771424527
2021.23	1.1620481942526
2019.975	1.14783686676489
2020.276	1.14556524114263
2020.484	1.14577981144811
2018.005	1.17097660340148
2017.775	1.17163054453808
2020.445	1.15327994930126
2020.522	1.15886032800655
2017.625	1.16772735262189
2020.951	1.13735546672967
2020.402	1.17931856156517
2021.167	1.17806325144224
2019.852	1.17507080334146
2020.268	1.1750709271896
2020.402	1.17821945975771
2020.284	1.1711430429408
2021.03	1.16354164147242
2020.402	1.16390069781897
2020.167	1.17272625670301
2019.899	1.17302376529554
2020.689	1.16559254662476
2018.496	1.18071124784852
2018.496	1.1763311638689
2018.581	1.18026485525755
2018.496	1.17931856156517
2018.496	1.17916512669805
2018.581	1.17742938515785
2018.496	1.17742938515785
2018.496	1.17852547020287
2018.496	1.17837340547284
2018.496	1.17742938515785
2018.496	1.17742938515785
2018.496	1.17758208383266
2018.496	1.17742938515785
2018.496	1.17852547020287
2018.496	1.17852547020287
2018.496	1.17852547020287
2018.581	1.17946999067805
2018.581	1.17946999067805
2018.581	1.17946999067805
2018.496	1.18151059619826
2018.414	1.17758208383266
2018.496	1.16959646373159
2018.496	1.16959646373159
2018.496	1.17569870615106
2018.496	1.17569870615106
2018.496	1.17554474458727
2019.249	1.17679116573837
2018.414	1.17460412070447
2018.581	1.17460412070447
2018.581	1.17460412070447
2018.496	1.17946999067805
2018.496	1.16943272685112
2018.581	1.17053270260844
2018.581	1.16959646373159
2020.454	1.14076781498593
2020.713	1.16119759794995
2019.825	1.17028967080758
2018.496	1.17003725685843
2018.496	1.17003725685843
2018.496	1.17053270260844
2018.496	1.17742938515785
2018.496	1.17742938515785
2018.882	1.1711430429408
2018.414	1.17569870615106
2020.361	1.16739551064491
2021.241	1.15757519489541
2021.047	1.15498298225088
2020.842	1.15813575618552
2019.545	1.14989392208167
2017.178	1.1600883495892
2017.586	1.15739197889265
2019.31	1.14052602009978
2015.8	1.15240171152618
2017.414	1.15906393547601
2017.414	1.15906393547601
2017.414	1.15906393547601
2017.414	1.15824339216293
2017.414	1.15906393547601
2017.414	1.15906393547601
2017.414	1.15906393547601
2017.414	1.15924603062419
2017.414	1.15813575618552
2017.414	1.16017472758725
2017.414	1.16017472758725
2017.414	1.16017472758725
2017.414	1.16221369898899
2017.414	1.16017472758725
2017.414	1.15795098943345
2017.414	1.16017472758725
2017.414	1.15887976500425
2017.414	1.16017472758725
2017.414	1.16017472758725
2017.414	1.15795098943345
2017.414	1.16017472758725
2017.414	1.15795098943345
2017.414	1.15702332995581
2017.414	1.16128336986958
2016.497	1.15443416604386
2016.582	1.15332381727967
2016.582	1.15332381727967
2016.497	1.15757320172953
2016.811	1.15739197889265
2016.391	1.16349448102734
2016.683	1.15954023367139
2016.161	1.14964201973296
2017.216	1.16407797409073
2017.945	1.162389988928
2017.778	1.16146026291926
2017.849	1.16017498656149
2017.877	1.1666291535649
