2009.967	44.5642692887162
2010.337	44.2624241946917
2010.359	44.4987004804284
2013.83	44.0261479089549
2013.822	44.0261479089549
2013.773	44.1049066708671
2014.247	43.3960778136568
2016.59	42.992125984252
2015.841	43.156402583084
2014.773	43.15980152792
2017.011	44.1049066708671
2017.214	42.3722139087974
2015.318	42.9302875147696
2016.516	44.0261479089549
2017.743	42.779484755377
2012.915	43.4851110760989
2016.833	43.9543127215439
2015.611	43.7179992122883
2015.611	43.7111128613058
2015.611	43.7111128613058
2015.019	43.3858267716535
2015.036	43.3858267716535
2014.4	43.7795275590551
2014.419	43.7795275590551
2016.295	44.1906262307995
2015.844	44.1836654327794
2015.915	44.1836654327794
2016.678	44.1836654327794
2015.885	44.204554408636
2015.951	44.656218004253
2016.669	44.6632532493108
2016.085	43.9172944382113
2016.415	44.5564039990553
2016.423	44.4199417185162
2016.423	44.4199417185162
2016.423	44.5774592423407
2016.423	44.4199417185162
2016.423	44.4199417185162
2016.423	44.4199417185162
2016.423	44.5774592423407
2016.404	44.5774592423407
2016.404	44.5774592423407
2016.415	44.4198545684477
2016.331	44.4146418428526
2016.415	44.320239313548
2016.443	44.4199417185162
2016.423	44.3411829566039
2016.423	44.4199417185162
2016.423	44.3411829566039
2017.118	44.4987004804284
2017.833	44.204554408636
2016.489	44.4339399669109
2015.808	44.3551563854093
2016.262	44.4199417185162
2016.052	44.656218004253
2016.246	44.1327133737883
2021.132	44.0261479089549
2020.598	44.1118550610477
2017.696	44.6914164104989
2017.945	44.3411829566039
2017.233	44.3411829566039
2017.011	44.505710909807
2016.227	44.2624241946917
2016.227	44.2624241946917
2016.227	44.3008040359451
2016.383	44.1836654327794
2016.227	44.2624241946917
2016.199	44.1836654327794
2016.306	44.3411829566039
2016.227	44.1836654327794
2016.227	44.1049066708671
2016.536	44.1836654327794
2016.536	44.1836654327794
2016.536	44.1836654327794
2016.536	44.1836654327794
2016.536	44.2624241946917
2016.536	44.1049066708671
2016.306	44.2624241946917
2016.227	44.1836654327794
2016.227	44.3411829566039
2016.227	44.3411829566039
2016.227	44.2624241946917
2016.227	44.2938209331652
2016.15	44.2624241946917
2016.15	44.2624241946917
2016.15	44.2624241946917
2016.15	44.3411829566039
2016.153	44.3411829566039
2016.15	44.3411829566039
2016.15	44.3411829566039
2016.15	44.3411829566039
2016.15	44.358651118815
2016.15	44.3411829566039
2016.15	44.3411829566039
2016.15	44.3411829566039
2016.15	44.3411829566039
2016.15	44.3411829566039
2016.15	44.3411829566039
2016.15	44.3411829566039
2016.15	44.3411829566039
2016.15	44.3411829566039
2016.15	44.3411829566039
2016.15	44.3411829566039
2016.15	44.3411829566039
2016.15	44.3411829566039
2016.15	44.3411829566039
2016.15	44.3411829566039
2016.074	44.5774592423407
2017.414	43.5535953374813
2017.414	43.5535953374813
2017.414	43.5535953374813
2016.76	44.1906262307995
2016.112	44.656218004253
2016.052	45.0500118138143
2016.795	44.2624241946917
2016.303	44.4269397400551
2016.257	44.393628765179
2016.913	44.4199417185162
2017.06	44.4199417185162
2016.574	44.4987004804284
2017.638	44.9996059579163
2016.399	44.656218004253
2016.219	43.8686303851303
2017.104	43.9543127215439
2016.552	43.8686303851303
2016.391	43.8824548963996
2019.312	43.5673205703931
2020.322	43.474836575569
2019.962	43.4816857030327
2019.888	43.4816857030327
2016.497	43.9473891470426
2017.137	43.4029145332808
2016.582	44.1049066708671
2016.582	44.0261479089549
2016.497	44.0261479089549
2016.497	44.0261479089549
2016.497	44.0261479089549
2016.497	44.0261479089549
2015.951	44.1906262307995
2016.205	44.2624241946917
2015.649	44.2624241946917
2015.748	44.2693974005514
2015.877	43.7898716232181
2015.762	44.3551563854093
2016.077	43.8002205766504
2015.852	43.7898716232181
2015.852	43.7898716232181
2016.016	44.4987004804284
2015.953	44.3411829566039
2021.258	44.5774592423407
2020.675	44.8924942899898
2015.953	44.3411829566039
2015.455	44.2624241946917
2015.896	43.9543127215439
2015.805	44.1836654327794
2015.46	44.2763728039077
2016.967	44.1836654327794
2015.652	44.505710909807
2015.337	44.4199417185162
2015.403	44.3411829566039
2015.381	44.4199417185162
2015.816	44.4987004804284
2015.332	44.4199417185162
2020.156	44.5844820795589
2020.732	45.3721937770776
2018.118	44.6632532493108
2017.858	44.6632532493108
2017.159	44.656218004253
2017.871	44.5844820795589
2017.701	44.8137355280775
2015.838	44.7349767661652
2013.159	43.9473891470426
2012.844	43.6763550667714
2012.844	43.5192458758837
2012.844	43.4406912804399
2012.844	43.5192458758837
2011.09	44.656218004253
2012.377	45.4509649468295
2011.178	44.2693974005514
2011.51	44.5774592423407
2011.51	43.7111128613058
2012.751	45.2862880995511
2013.016	44.8137355280775
2012.852	44.8924942899898
2012.749	44.8924942899898
2012.415	44.971253051902
2013.038	44.971253051902
2011.351	45.0500118138143
2011.356	45.135880267822
2011.356	45.1287705757265
2012.691	44.7349767661652
2011.6	45.2075293376388
2011.663	45.0500118138143
2011.663	45.0236966824645
2011.778	45.2075293376388
2011.526	45.1287705757265
2011.526	45.1287705757265
2011.836	45.1429922004254
2011.838	44.9783379283182
2011.737	45.0500118138143
2011.737	45.0500118138143
2011.806	44.971253051902
2012.883	44.8924942899898
2013.195	44.971253051902
2011.005	44.971253051902
2010.932	44.971253051902
2010.91	45.1287705757265
2010.89	45.0500118138143
2010.91	45.1287705757265
2010.91	45.1287705757265
2011.485	44.7349767661652
2010.91	45.1287705757265
2014.693	42.992125984252
2016.224	43.3858267716535
2019.66	43.4645669291339
2019.726	43.4645669291339
2018.077	42.7693761814745
2015.97	43.4782608695652
2015.57	43.3070866141732
2017.907	43.474836575569
2016.951	43.7898716232181
2017.795	43.8686303851303
2017.236	43.875541551792
2017.219	43.7111128613058
2016.776	43.7111128613058
2016.628	43.7248877333964
2020.71	42.5297314326219
2020.667	42.5297314326219
2020.97	42.3722139087974
2021.241	42.2146963849728
2020.765	42.4509726707096
2021.241	42.6872489564464
2020.844	42.5397825744446
2009.271	44.4199417185162
2015.099	44.7655139744197
2015.099	44.7349767661652
2015.099	44.8363118772734
2015.099	44.7349767661652
2014.556	44.4987004804284
2012.923	44.7349767661652
2012.923	44.5844820795589
2012.923	44.656218004253
2012.923	44.656218004253
2012.923	44.656218004253
2012.923	44.656218004253
2012.923	44.656218004253
2012.923	44.656218004253
2012.923	44.5774592423407
2013.926	44.656218004253
2019.463	43.8686303851303
2019.718	43.6323540993936
2020.175	43.7111128613058
2021.055	43.8686303851303
2020.631	44.1049066708671
2020.169	43.7898716232181
2017.603	44.4269397400551
2016.511	44.8924942899898
2021.23	44.4199417185162
2019.975	43.9473891470426
2020.276	43.7898716232181
2020.484	43.8686303851303
2018.005	45.0571090980701
2017.775	45.3650468614633
2020.445	44.2624241946917
2020.522	44.2624241946917
2017.625	45.2862880995511
2020.951	43.7007874015748
2020.402	45.4438056233756
2021.167	45.2862880995511
2019.852	45.2075293376388
2020.268	45.2146514375738
2020.402	45.3721937770776
2020.284	45.1287705757265
2021.03	44.2624241946917
2020.402	44.8137355280775
2020.167	45.4438056233756
2019.899	45.135880267822
2020.689	44.7349767661652
2018.496	45.6800819091124
2018.496	45.3650468614633
2018.581	45.4438056233756
2018.496	45.4438056233756
2018.496	45.3650468614633
2018.581	45.4438056233756
2018.496	45.4438056233756
2018.496	45.5225643852879
2018.496	45.4438056233756
2018.496	45.4438056233756
2018.496	45.4438056233756
2018.496	45.5225643852879
2018.496	45.4438056233756
2018.496	45.5225643852879
2018.496	45.5225643852879
2018.496	45.5225643852879
2018.581	45.5225643852879
2018.581	45.5225643852879
2018.581	45.5225643852879
2018.496	45.6013231472001
2018.414	45.5225643852879
2018.496	45.2862880995511
2018.496	45.2862880995511
2018.496	45.5225643852879
2018.496	45.5225643852879
2018.496	45.4438056233756
2019.249	45.6013231472001
2018.414	45.4438056233756
2018.581	45.4438056233756
2018.581	45.4438056233756
2018.496	45.5225643852879
2018.496	45.2075293376388
2018.581	45.2862880995511
2018.581	45.2862880995511
2020.454	43.4029145332808
2020.713	44.7244094488189
2019.825	44.7349767661652
2018.496	45.0500118138143
2018.496	45.0500118138143
2018.496	45.2862880995511
2018.496	45.4438056233756
2018.496	45.4438056233756
2018.882	45.1287705757265
2018.414	45.5225643852879
2020.361	45.135880267822
2021.241	44.4987004804284
2021.047	44.5915071299141
2020.842	44.7349767661652
2019.545	44.0261479089549
2017.178	44.4444444444444
2017.586	44.8137355280775
2019.31	43.6323540993936
2015.8	44.656218004253
2017.414	44.7349767661652
2017.414	44.7349767661652
2017.414	44.7349767661652
2017.414	44.7667087011349
2017.414	44.7349767661652
2017.414	44.7349767661652
2017.414	44.7349767661652
2017.414	44.8137355280775
2017.414	44.7349767661652
2017.414	44.8137355280775
2017.414	44.8137355280775
2017.414	44.8137355280775
2017.414	44.8924942899898
2017.414	44.8137355280775
2017.414	44.656218004253
2017.414	44.8137355280775
2017.414	44.656218004253
2017.414	44.8137355280775
2017.414	44.8137355280775
2017.414	44.656218004253
2017.414	44.8137355280775
2017.414	44.656218004253
2017.414	44.656218004253
2017.414	44.8924942899898
2016.497	44.7349767661652
2016.582	44.656218004253
2016.582	44.656218004253
2016.497	44.8924942899898
2016.811	44.8137355280775
2016.391	45.0642086189238
2016.683	45.3793429449303
2016.161	44.656218004253
2017.216	44.9066414559206
2017.945	44.9783379283182
2017.778	44.9783379283182
2017.849	44.827857874419
2017.877	45.2217757819271
